100 6
43 93 49 88 36 11 95 59 78 89 5 94 11 5 22 37 81 77 0 91 28 59 56 81 45 93 47 64 78 57 67 96 34 81 8 37 22 59 83 11 60 96 46 52 16 83 59 37 5 29 31 95 14 67 61 24 100 100 100 6 45 3 83 57 32 57 10 19 13 88 1 46 14 47 80 27 83 28 41 57 100 11 1 44 52 71 30 63 43 91 42 32 89 3 58 45 40 50 76 99
0 22 54 33 92 20 25 99 41 6 67 92 11 4 93 41 81 16 52 21 41 93 93 17 39 34 10 26 54 1 56 5 86 35 82 84 4 78 66 33 10 33 75 68 77 71 71 74 94 4 95 27 7 43 95 73 24 57 0 50 88 77 46 41 58 7 72 32 67 30 64 32 69 23 52 4 9 40 86 16 21 9 2 11 10 5 96 99 16 87 41 26 86 7 93 63 87 90 61 96 47
22 0 30 91 7 77 12 94 66 33 46 25 82 12 87 97 54 12 82 60 45 22 85 15 99 87 24 63 75 8 3 33 72 76 48 34 92 26 48 14 55 38 50 88 87 25 97 39 83 34 95 84 39 51 28 100 18 96 86 1 66 54 46 60 23 10 6 78 49 86 29 33 58 46 3 93 45 19 35 94 4 18 41 61 0 35 35 96 50 35 2 8 54 95 21 96 52 73 48 6 6
54 30 0 79 14 35 29 36 57 0 88 20 81 80 99 82 10 55 100 17 18 48 38 26 29 85 84 60 17 80 75 37 77 16 11 10 47 64 56 98 18 80 51 46 59 79 29 43 50 25 58 69 8 81 41 23 1 18 88 87 100 2 87 0 7 44 1 17 18 80 96 86 69 22 52 75 79 78 84 41 1 18 86 36 37 36 41 48 45 42 70 50 45 64 65 98 51 64 83 26 15
33 91 79 0 46 25 94 87 56 75 46 45 85 48 32 75 46 26 12 8 29 47 19 58 48 71 80 58 34 71 16 42 4 89 2 59 96 44 15 61 63 51 91 65 63 23 53 77 81 59 45 63 27 72 39 90 74 37 59 7 63 9 34 25 77 86 5 94 42 44 35 38 74 84 60 69 27 51 99 74 62 39 8 31 18 82 57 96 81 25 86 60 88 49 46 35 39 80 24 49 81
92 7 14 46 0 48 33 6 11 27 16 27 5 100 21 34 65 59 5 4 95 96 74 49 39 80 7 17 72 12 69 39 29 69 79 85 21 41 40 47 56 84 13 51 36 14 60 35 83 94 100 13 1 69 87 39 83 15 74 81 61 100 58 46 99 27 93 94 3 6 68 27 45 6 95 43 55 93 89 17 54 34 4 74 68 96 54 23 84 98 71 36 11 59 86 85 12 99 77 40 2
20 77 35 25 48 0 2 49 4 75 22 25 19 17 71 68 89 64 13 12 58 61 41 13 56 58 29 16 61 13 17 68 94 67 79 69 0 53 33 55 93 60 79 91 55 12 39 89 21 27 92 33 73 52 12 64 22 98 61 63 82 10 41 13 12 82 96 11 9 2 78 95 95 68 45 36 43 22 58 73 30 59 33 77 73 99 83 9 7 58 72 44 72 56 82 93 39 36 2 77 76
25 12 29 94 33 2 0 57 15 11 54 89 31 21 78 74 37 61 12 45 21 42 13 63 79 37 75 28 93 75 50 45 48 64 94 35 72 8 100 83 65 95 7 93 60 3 46 43 87 74 90 98 66 30 62 37 20 76 78 88 86 37 23 52 26 78 83 23 23 43 21 44 61 7 89 41 98 92 72 59 68 25 71 20 25 27 30 52 74 28 5 47 47 56 79 27 55 2 71 93 64
99 94 36 87 6 49 57 0 51 23 60 67 56 11 82 39 26 42 58 12 14 57 66 44 84 14 8 6 36 60 99 32 26 41 20 36 64 58 40 93 69 13 56 63 0 5 88 6 80 95 68 29 98 40 40 16 97 74 86 66 33 38 43 61 61 19 48 23 6 85 7 42 32 47 78 14 42 100 25 66 69 96 15 48 36 16 58 27 69 6 49 43 75 69 43 11 4 15 35 29 33
41 66 57 56 11 4 15 51 0 36 75 12 66 86 10 53 95 87 23 46 79 28 30 98 31 91 42 98 4 93 97 7 33 4 28 46 78 4 4 80 18 64 31 51 68 22 87 77 31 3 98 73 92 92 22 90 39 39 7 27 25 8 43 72 8 20 92 89 92 76 53 28 3 81 82 17 88 74 38 85 92 94 59 2 38 36 54 34 46 13 86 56 66 79 19 7 4 8 8 96 69
6 33 0 75 27 75 11 23 36 0 7 3 26 10 49 42 17 76 31 46 58 6 81 99 40 60 98 10 66 78 21 43 54 36 98 61 21 8 89 34 60 99 71 85 71 88 46 1 2 76 43 63 60 40 53 12 61 49 87 88 21 54 38 51 49 35 5 47 19 46 98 28 63 100 92 51 8 44 82 54 83 61 10 1 55 26 88 6 87 31 49 64 19 70 1 78 78 1 55 4 33
67 46 88 46 16 22 54 60 75 7 0 14 37 93 5 39 63 0 21 67 81 92 95 40 79 22 58 1 0 48 69 67 52 88 55 73 96 9 85 72 89 66 50 56 29 29 95 32 3 85 68 87 26 24 82 77 40 6 77 48 51 47 23 32 2 27 82 69 10 72 50 27 17 19 28 74 83 1 33 27 19 44 20 76 38 5 37 24 87 37 46 16 69 43 94 9 99 65 9 47 15
92 25 20 45 27 25 89 67 12 3 14 0 93 53 7 73 83 5 24 39 52 25 11 63 33 83 17 15 59 53 78 21 47 27 6 81 2 49 87 35 100 100 74 36 85 64 55 47 5 66 14 48 29 47 26 84 94 1 59 100 6 30 45 39 99 56 99 38 67 18 26 77 93 55 56 23 10 8 44 81 3 39 95 58 91 52 79 37 96 61 72 62 36 53 56 37 67 54 60 80 15
11 82 81 85 5 19 31 56 66 26 37 93 0 29 91 84 14 29 72 75 88 77 34 32 73 63 69 79 22 4 8 40 59 99 54 8 47 96 45 25 32 10 31 80 51 59 21 91 18 74 1 62 75 20 54 56 95 83 39 75 8 93 76 46 21 35 17 91 16 18 22 79 22 8 82 44 83 48 82 55 36 89 50 41 40 33 0 39 6 8 9 91 10 4 92 98 53 42 3 44 50
4 12 80 48 100 17 21 11 86 10 93 53 29 0 27 53 89 1 75 62 12 9 32 59 1 32 81 42 73 66 96 25 88 84 23 84 19 29 81 6 97 48 99 45 85 94 9 62 73 93 6 43 23 82 20 100 71 50 72 70 5 52 3 4 56 51 67 67 20 41 87 98 67 94 47 2 30 51 35 40 40 7 10 81 5 78 48 82 90 61 1 41 64 53 84 12 80 16 92 39 78
93 87 99 32 21 71 78 82 10 49 5 7 91 27 0 57 73 17 21 87 12 25 46 71 18 2 32 85 100 56 81 72 40 6 75 63 22 82 78 91 29 88 80 94 60 25 55 66 66 12 31 79 88 22 77 19 25 96 55 83 11 41 8 53 34 19 79 9 7 97 10 56 37 99 60 31 67 42 28 79 21 77 82 16 58 21 81 8 66 23 36 50 68 47 55 26 78 23 65 32 91
41 97 82 75 34 68 74 39 53 42 39 73 84 53 57 0 78 71 51 70 89 9 83 44 78 46 76 13 90 14 43 63 87 30 64 25 38 86 27 24 74 76 62 56 73 95 97 47 50 9 75 43 72 19 26 4 35 77 30 87 96 99 81 35 97 45 52 13 69 3 43 54 31 59 27 82 42 51 79 9 92 69 80 10 28 50 97 73 16 30 30 31 42 48 7 26 57 75 97 59 37
81 54 10 46 65 89 37 26 95 17 63 83 14 89 73 78 0 86 42 11 90 83 18 76 73 11 18 20 55 92 100 49 36 11 67 0 29 22 98 84 87 0 27 89 11 95 88 69 68 89 33 23 31 99 0 23 50 15 42 58 61 10 3 34 13 45 49 16 71 67 21 26 15 24 56 36 86 11 2 35 21 61 2 5 62 90 81 83 39 35 94 20 9 70 5 64 27 78 96 46 16
16 12 55 26 59 64 61 42 87 76 0 5 29 1 17 71 86 0 46 35 75 19 51 41 56 93 80 1 5 31 28 25 42 72 35 50 8 95 74 83 61 68 93 54 66 83 1 1 71 55 21 75 89 46 36 12 76 30 42 94 90 96 29 48 93 6 74 11 52 95 46 92 93 59 59 4 58 88 41 64 88 5 2 67 86 67 100 43 7 74 53 83 3 31 89 67 62 90 61 15 53
52 82 100 12 5 13 12 58 23 31 21 24 72 75 21 51 42 46 0 20 56 81 24 42 55 28 74 45 63 5 96 35 21 97 62 33 27 39 18 63 6 41 32 39 59 1 26 57 19 31 47 15 62 60 35 58 86 97 94 15 19 70 30 16 26 75 84 40 13 38 58 94 49 60 74 57 97 87 5 14 87 57 55 46 18 94 88 46 90 68 31 28 60 57 48 70 75 3 56 19 75
21 60 17 8 4 12 45 12 46 46 67 39 75 62 87 70 11 35 20 0 27 76 68 13 16 81 41 18 38 5 63 26 55 18 99 67 84 88 43 32 68 2 50 2 71 99 70 66 75 54 60 59 8 34 37 65 63 83 61 35 71 77 90 6 46 81 57 19 56 49 85 54 66 18 33 45 40 13 58 85 50 62 6 57 56 50 82 37 34 21 56 50 37 22 95 48 32 85 26 9 73
41 45 18 29 95 58 21 14 79 58 81 52 88 12 12 89 90 75 56 27 0 58 66 39 25 35 35 59 36 11 53 99 20 35 81 94 13 52 21 52 81 23 66 41 51 29 95 38 11 98 98 8 0 66 40 99 38 43 42 65 6 81 69 38 5 38 81 94 98 0 29 82 72 61 45 85 23 46 88 71 41 95 15 38 95 94 54 29 99 44 66 79 7 26 85 92 19 35 58 53 16
93 22 48 47 96 61 42 57 28 6 92 25 77 9 25 9 83 19 81 76 58 0 4 74 5 88 72 57 10 83 51 66 8 6 35 8 5 70 59 64 65 47 95 44 70 71 84 74 32 93 16 44 91 31 40 22 57 54 40 78 47 3 72 14 49 79 53 27 56 95 49 57 89 30 71 4 58 100 54 48 89 63 28 95 85 18 66 50 54 64 91 21 63 18 63 8 4 32 62 11 10
93 85 38 19 74 41 13 66 30 81 95 11 34 32 46 83 18 51 24 68 66 4 0 57 25 35 82 46 67 9 96 49 0 27 69 47 43 5 50 51 87 72 86 14 45 38 77 91 17 9 0 73 44 98 96 74 20 16 26 49 10 91 64 80 81 96 20 12 40 85 64 8 38 94 21 15 53 85 32 4 67 7 4 32 27 14 96 33 17 26 59 67 30 56 78 65 13 37 90 66 93
17 15 26 58 49 13 63 44 98 99 40 63 32 59 71 44 76 41 42 13 39 74 57 0 2 8 26 38 87 6 59 98 43 99 5 64 35 72 2 16 61 71 96 45 87 16 91 8 52 96 86 34 54 5 13 0 20 86 76 27 33 42 19 76 58 14 65 56 56 1 5 95 40 53 68 54 57 42 77 48 78 27 51 89 64 48 0 80 57 98 7 37 12 75 18 56 100 29 30 33 52
39 99 29 48 39 56 79 84 31 40 79 33 73 1 18 78 73 56 55 16 25 5 25 2 0 91 12 44 93 40 75 2 24 68 62 38 37 90 17 11 59 59 74 14 77 11 32 100 21 75 32 83 29 10 85 86 41 45 63 94 26 61 97 41 58 32 36 69 3 55 62 19 35 72 24 51 34 91 7 92 44 48 28 15 78 12 92 57 19 11 91 7 64 21 39 79 77 55 82 21 30
34 87 85 71 80 58 37 14 91 60 22 83 63 32 2 46 11 93 28 81 35 88 35 8 91 0 67 21 66 67 90 1 30 3 68 70 78 71 1 62 66 31 70 31 0 27 36 72 40 4 73 18 1 95 11 48 12 23 83 7 6 65 98 38 21 7 68 68 15 54 45 14 38 74 69 53 73 81 96 78 16 89 71 54 88 26 13 46 21 2 37 71 62 73 88 60 44 31 10 69 97
10 24 84 80 7 29 75 8 42 98 58 17 69 81 32 76 18 80 74 41 35 72 82 26 12 67 0 68 19 26 2 43 8 50 47 44 43 17 89 54 2 60 42 16 37 9 81 97 12 77 7 100 23 67 94 67 61 82 72 49 61 5 23 46 20 32 13 69 32 80 6 57 11 0 6 40 85 28 34 53 91 15 88 87 56 82 54 35 13 85 52 93 42 49 78 80 83 66 7 0 55
26 63 60 58 17 16 28 6 98 10 1 15 79 42 85 13 20 1 45 18 59 57 46 38 44 21 68 0 53 10 15 64 27 88 5 4 62 4 0 56 50 26 42 46 32 19 97 87 54 45 27 82 100 50 46 77 23 96 74 78 62 88 93 74 42 98 35 33 21 3 45 27 35 16 82 3 57 10 66 12 99 23 53 91 95 86 79 37 73 56 23 15 45 52 90 72 26 54 77 67 83
54 75 17 34 72 61 93 36 4 66 0 59 22 73 100 90 55 5 63 38 36 10 67 87 93 66 19 53 0 51 48 19 65 69 73 98 47 42 68 31 54 18 35 83 25 76 70 47 8 80 8 98 37 15 90 46 68 36 4 37 74 12 26 98 87 89 44 42 8 99 18 84 4 94 29 73 16 53 34 13 0 31 15 75 51 84 55 11 81 25 62 16 14 43 59 60 53 53 38 100 59
1 8 80 71 12 13 75 60 93 78 48 53 4 66 56 14 92 31 5 5 11 83 9 6 40 67 26 10 51 0 2 75 90 3 78 89 100 30 99 47 50 63 86 29 99 28 55 26 20 92 89 78 21 14 4 84 82 90 51 5 92 48 17 93 25 78 36 44 10 3 75 50 59 7 11 10 6 33 26 27 70 95 75 41 34 50 7 43 36 50 34 97 73 94 29 90 4 84 1 8 10
56 3 75 16 69 17 50 99 97 21 69 78 8 96 81 43 100 28 96 63 53 51 96 59 75 90 2 15 48 2 0 22 38 50 83 30 67 98 32 39 45 6 99 63 50 10 53 25 73 53 53 37 28 38 3 30 64 62 24 59 16 37 91 97 33 85 88 11 28 71 60 19 40 68 29 14 11 42 16 69 84 26 80 18 98 52 56 93 40 87 32 14 21 56 17 61 61 94 11 37 37
5 33 37 42 39 68 45 32 7 43 67 21 40 25 72 63 49 25 35 26 99 66 49 98 2 1 43 64 19 75 22 0 19 65 77 22 70 72 7 31 24 9 99 98 90 26 91 14 48 44 18 72 23 20 44 25 46 16 88 39 91 49 19 68 82 12 37 44 14 32 13 74 38 62 39 10 73 8 7 83 33 59 70 72 92 69 95 38 33 81 20 33 45 19 57 36 32 7 11 29 44
86 72 77 4 29 94 48 26 33 54 52 47 59 88 40 87 36 42 21 55 20 8 0 43 24 30 8 27 65 90 38 19 0 56 90 64 7 51 36 10 37 51 73 52 42 7 4 44 41 85 56 78 29 36 2 22 17 96 50 54 10 8 94 70 21 30 7 41 15 49 86 94 43 21 81 15 91 82 31 24 7 32 44 84 1 56 88 65 14 58 59 68 29 43 0 97 75 2 65 87 89
35 76 16 89 69 67 64 41 4 36 88 27 99 84 6 30 11 72 97 18 35 6 27 99 68 3 50 88 69 3 50 65 56 0 33 30 90 31 77 22 24 69 6 81 55 61 89 23 82 27 19 17 23 51 69 60 4 35 67 95 31 42 52 23 8 53 90 84 57 94 11 46 52 77 16 58 53 11 90 98 39 57 28 4 100 66 93 96 80 82 36 11 22 85 100 88 20 22 4 99 9
82 48 11 2 79 79 94 20 28 98 55 6 54 23 75 64 67 35 62 99 81 35 69 5 62 68 47 5 73 78 83 77 90 33 0 56 65 76 66 53 30 62 94 36 44 83 70 13 95 100 5 36 39 73 76 93 66 39 4 41 30 8 28 59 83 13 31 21 27 99 65 76 83 19 55 36 92 27 75 54 74 39 1 91 53 3 82 4 22 96 48 28 24 64 52 95 70 2 0 79 73
84 34 10 59 85 69 35 36 46 61 73 81 8 84 63 25 0 50 33 67 94 8 47 64 38 70 44 4 98 89 30 22 64 30 56 0 3 100 4 9 51 58 82 54 39 74 48 43 13 100 52 40 78 44 12 58 18 40 73 61 87 27 69 90 42 85 85 8 55 12 43 78 82 17 61 23 13 55 35 54 2 58 50 38 77 76 41 71 83 54 69 12 7 47 5 83 70 42 14 54 77
4 92 47 96 21 0 72 64 78 21 96 2 47 19 22 38 29 8 27 84 13 5 43 35 37 78 43 62 47 100 67 70 7 90 65 3 0 57 4 83 33 21 36 25 53 30 51 94 65 19 23 12 49 46 43 5 85 77 30 78 97 74 16 60 77 82 21 47 46 33 86 66 78 90 95 3 51 79 22 20 19 43 7 52 81 83 95 2 46 62 71 37 6 75 19 62 14 16 62 82 67
78 26 64 44 41 53 8 58 4 8 9 49 96 29 82 86 22 95 39 88 52 70 5 72 90 71 17 4 42 30 98 72 51 31 76 100 57 0 47 70 25 91 66 78 43 31 84 49 7 19 86 14 95 53 40 67 12 29 45 90 87 59 52 15 95 74 25 66 19 60 33 98 29 91 33 2 53 6 80 75 17 20 76 6 90 50 65 49 66 59 39 9 9 14 38 59 48 6 26 75 59
66 48 56 15 40 33 100 40 4 89 85 87 45 81 78 27 98 74 18 43 21 59 50 2 17 1 89 0 68 99 32 7 36 77 66 4 4 47 0 6 27 19 51 73 75 83 79 95 68 25 15 78 67 23 52 55 31 43 96 97 46 75 61 63 57 32 100 73 3 90 61 44 11 96 26 72 38 4 53 21 10 97 33 13 62 100 57 34 43 36 34 83 100 83 41 29 57 88 59 82 13
33 14 98 61 47 55 83 93 80 34 72 35 25 6 91 24 84 83 63 32 52 64 51 16 11 62 54 56 31 47 39 31 10 22 53 9 83 70 6 0 84 90 36 21 41 79 65 88 39 90 100 52 44 87 35 45 11 52 29 64 27 50 72 68 32 53 80 64 82 27 58 34 96 60 4 58 21 27 81 48 37 100 10 12 69 40 94 71 92 35 99 17 21 30 75 73 45 88 10 75 85
10 55 18 63 56 93 65 69 18 60 89 100 32 97 29 74 87 61 6 68 81 65 87 61 59 66 2 50 54 50 45 24 37 24 30 51 33 25 27 84 0 57 48 29 16 1 61 11 98 14 78 22 28 30 72 23 60 44 100 60 40 61 31 4 40 25 73 97 63 55 14 72 79 5 5 62 4 87 57 1 34 5 15 78 74 91 64 54 53 62 40 36 78 40 51 86 79 25 8 48 7
33 38 80 51 84 60 95 13 64 99 66 100 10 48 88 76 0 68 41 2 23 47 72 71 59 31 60 26 18 63 6 9 51 69 62 58 21 91 19 90 57 0 95 42 19 48 100 87 38 68 100 66 54 56 45 36 80 69 69 85 75 78 75 40 20 31 92 69 82 53 12 37 41 43 8 36 93 99 25 44 92 85 33 86 60 59 93 41 35 58 97 22 98 87 62 99 70 0 3 41 81
75 50 51 91 13 79 7 56 31 71 50 74 31 99 80 62 27 93 32 50 66 95 86 96 74 70 42 42 35 86 99 99 73 6 94 82 36 66 51 36 48 95 0 33 9 82 10 76 67 71 91 64 54 67 77 69 88 87 93 64 97 64 89 55 99 1 2 73 58 58 59 23 31 51 32 100 17 44 15 41 50 17 32 17 85 77 53 70 62 12 38 94 83 62 55 87 27 51 5 25 4
68 88 46 65 51 91 93 63 51 85 56 36 80 45 94 56 89 54 39 2 41 44 14 45 14 31 16 46 83 29 63 98 52 81 36 54 25 78 73 21 29 42 33 0 45 30 20 92 90 79 42 71 86 57 35 30 54 43 47 70 83 51 36 91 87 96 36 91 91 87 57 16 35 83 22 77 64 10 26 77 54 99 37 88 82 91 4 67 60 12 86 94 73 61 13 32 55 39 89 85 91
77 87 59 63 36 55 60 0 68 71 29 85 51 85 60 73 11 66 59 71 51 70 45 87 77 0 37 32 25 99 50 90 42 55 44 39 53 43 75 41 16 19 9 45 0 20 26 15 10 25 67 5 64 64 81 48 15 32 38 15 60 73 72 74 16 73 54 48 93 55 3 30 34 71 7 85 10 69 83 31 77 77 95 80 67 83 51 86 24 50 7 47 2 77 58 61 76 76 100 10 33
71 25 79 23 14 12 3 5 22 88 29 64 59 94 25 95 95 83 1 99 29 71 38 16 11 27 9 19 76 28 10 26 7 61 83 74 30 31 83 79 1 48 82 30 20 0 63 65 45 28 2 66 6 70 37 83 95 37 15 33 97 29 89 33 4 2 63 13 65 44 7 97 60 58 17 46 87 17 59 61 3 49 2 19 55 83 93 26 70 59 99 46 25 64 16 11 60 52 15 85 19
71 97 29 53 60 39 46 88 87 46 95 55 21 9 55 97 88 1 26 70 95 84 77 91 32 36 81 97 70 55 53 91 4 89 70 48 51 84 79 65 61 100 10 20 26 63 0 13 100 76 95 49 83 0 34 16 57 49 84 52 33 32 49 93 21 28 92 18 83 99 59 42 19 79 23 75 25 5 72 5 68 76 52 46 95 47 11 51 28 2 31 95 14 56 22 81 89 16 37 51 59
74 39 43 77 35 89 43 6 77 1 32 47 91 62 66 47 69 1 57 66 38 74 91 8 100 72 97 87 47 26 25 14 44 23 13 43 94 49 95 88 11 87 76 92 15 65 13 0 60 81 32 62 26 99 63 39 41 77 71 78 16 57 72 73 89 40 89 48 90 73 61 58 69 29 87 0 83 31 23 43 53 82 72 83 91 46 71 2 43 71 85 12 48 94 100 76 9 66 71 15 40
94 83 50 81 83 21 87 80 31 2 3 5 18 73 66 50 68 71 19 75 11 32 17 52 21 40 12 54 8 20 73 48 41 82 95 13 65 7 68 39 98 38 67 90 10 45 100 60 0 45 11 58 48 29 97 77 4 97 32 69 77 35 47 1 51 73 61 47 57 90 13 68 10 59 99 91 11 28 81 81 63 30 25 60 1 10 16 41 17 59 5 66 86 56 56 8 56 60 81 15 91
4 34 25 59 94 27 74 95 3 76 85 66 74 93 12 9 89 55 31 54 98 93 9 96 75 4 77 45 80 92 53 44 85 27 100 100 19 19 25 90 14 68 71 79 25 28 76 81 45 0 35 28 55 2 42 14 63 27 44 82 66 47 97 11 34 17 96 54 37 12 74 65 22 78 36 99 51 14 4 71 0 99 76 92 80 14 37 11 95 67 53 62 30 21 62 1 52 37 46 44 33
95 95 58 45 100 92 90 68 98 43 68 14 1 6 31 75 33 21 47 60 98 16 0 86 32 73 7 27 8 89 53 18 56 19 5 52 23 86 15 100 78 100 91 42 67 2 95 32 11 35 0 20 5 11 35 71 72 51 89 85 73 12 79 9 92 28 78 43 59 4 67 70 98 38 63 49 39 16 35 16 95 41 80 100 82 26 52 0 42 19 72 56 27 80 63 20 18 64 52 29 89
27 84 69 63 13 33 98 29 73 63 87 48 62 43 79 43 23 75 15 59 8 44 73 34 83 18 100 82 98 78 37 72 78 17 36 40 12 14 78 52 22 66 64 71 5 66 49 62 58 28 20 0 28 74 4 60 90 8 8 84 0 56 77 75 11 81 58 69 31 43 26 38 75 97 44 22 77 50 53 99 70 51 28 8 79 62 29 49 19 96 86 98 34 74 11 50 90 45 86 41 88
7 39 8 27 1 73 66 98 92 60 26 29 75 23 88 72 31 89 62 8 0 91 44 54 29 1 23 100 37 21 28 23 29 23 39 78 49 95 67 44 28 54 54 86 64 6 83 26 48 55 5 28 0 53 51 88 5 99 3 45 83 78 19 19 96 6 46 8 26 27 32 77 65 11 54 41 63 6 44 32 68 87 18 36 24 55 84 21 81 90 39 27 95 78 73 86 86 49 86 12 3
43 51 81 72 69 52 30 40 92 40 24 47 20 82 22 19 99 46 60 34 66 31 98 5 10 95 67 50 15 14 38 20 36 51 73 44 46 53 23 87 30 56 67 57 64 70 0 99 29 2 11 74 53 0 89 57 5 8 40 17 26 79 56 41 71 9 86 18 83 25 54 54 41 7 5 0 82 75 80 56 17 53 31 2 98 81 41 2 50 13 74 52 100 10 88 26 77 41 96 79 63
95 28 41 39 87 12 62 40 22 53 82 26 54 20 77 26 0 36 35 37 40 40 96 13 85 11 94 46 90 4 3 44 2 69 76 12 43 40 52 35 72 45 77 35 81 37 34 63 97 42 35 4 51 89 0 92 40 14 57 81 35 12 18 53 3 80 25 57 65 37 91 92 45 13 38 25 67 3 25 26 24 44 70 88 86 38 43 64 66 39 3 90 26 68 51 97 10 63 1 49 57
73 100 23 90 39 64 37 16 90 12 77 84 56 100 19 4 23 12 58 65 99 22 74 0 86 48 67 77 46 84 30 25 22 60 93 58 5 67 55 45 23 36 69 30 48 83 16 39 77 14 71 60 88 57 92 0 49 78 39 90 49 97 71 77 75 41 50 63 46 82 39 98 27 14 76 85 17 91 43 98 41 95 57 28 21 18 4 75 18 96 43 4 29 24 17 2 92 14 97 63 38
24 18 1 74 83 22 20 97 39 61 40 94 95 71 25 35 50 76 86 63 38 57 20 20 41 12 61 23 68 82 64 46 17 4 66 18 85 12 31 11 60 80 88 54 15 95 57 41 4 63 72 90 5 5 40 49 0 36 88 76 48 86 82 26 80 20 50 40 30 21 85 69 11 76 27 46 95 9 37 21 29 56 46 94 7 75 20 95 31 60 24 80 50 95 97 21 72 50 13 19 18
57 96 18 37 15 98 76 74 39 49 6 1 83 50 96 77 15 30 97 83 43 54 16 86 45 23 82 96 36 90 62 16 96 35 39 40 77 29 43 52 44 69 87 43 32 37 49 77 97 27 51 8 99 8 14 78 36 0 61 99 81 85 23 1 52 78 22 4 33 34 51 61 0 84 92 32 64 31 94 45 63 7 50 5 97 75 95 44 28 69 15 0 40 38 62 17 60 78 27 83 64
0 86 88 59 74 61 78 86 7 87 77 59 39 72 55 30 42 42 94 61 42 40 26 76 63 83 72 74 4 51 24 88 50 67 4 73 30 45 96 29 100 69 93 47 38 15 84 71 32 44 89 8 3 40 57 39 88 61 0 82 64 20 86 53 22 38 44 65 27 34 9 43 62 34 86 84 76 37 33 8 28 5 73 52 89 97 49 83 47 27 68 91 74 50 60 92 98 6 19 79 16
50 1 87 7 81 63 88 66 27 88 48 100 75 70 83 87 58 94 15 35 65 78 49 27 94 7 49 78 37 5 59 39 54 95 41 61 78 90 97 64 60 85 64 70 15 33 52 78 69 82 85 84 45 17 81 90 76 99 82 0 6 62 61 96 81 67 34 1 65 42 48 27 29 44 17 94 99 97 16 49 43 81 83 78 75 32 46 18 75 78 99 0 17 100 32 42 92 65 1 97 99
88 66 100 63 61 82 86 33 25 21 51 6 8 5 11 96 61 90 19 71 6 47 10 33 26 6 61 62 74 92 16 91 10 31 30 87 97 87 46 27 40 75 97 83 60 97 33 16 77 66 73 0 83 26 35 49 48 81 64 6 0 24 70 63 13 51 37 79 74 81 9 11 46 26 15 41 11 64 73 14 59 31 63 9 63 0 61 100 29 37 35 94 35 75 29 86 43 62 40 60 31
77 54 2 9 100 10 37 38 8 54 47 30 93 52 41 99 10 96 70 77 81 3 91 42 61 65 5 88 12 48 37 49 8 42 8 27 74 59 75 50 61 78 64 51 73 29 32 57 35 47 12 56 78 79 12 97 86 85 20 62 24 0 33 74 44 11 14 17 83 12 63 67 66 51 19 15 13 57 79 43 14 100 72 98 83 100 52 30 72 61 87 47 88 20 95 99 36 28 67 94 65
46 46 87 34 58 41 23 43 43 38 23 45 76 3 8 81 3 29 30 90 69 72 64 19 97 98 23 93 26 17 91 19 94 52 28 69 16 52 61 72 31 75 89 36 72 89 49 72 47 97 79 77 19 56 18 71 82 23 86 61 70 33 0 59 49 95 41 1 55 89 33 54 63 4 47 42 60 88 22 56 48 69 24 75 29 2 57 24 50 29 22 73 26 43 56 40 80 26 53 1 70
41 60 0 25 46 13 52 61 72 51 32 39 46 4 53 35 34 48 16 6 38 14 80 76 41 38 46 74 98 93 97 68 70 23 59 90 60 15 63 68 4 40 55 91 74 33 93 73 1 11 9 75 19 41 53 77 26 1 53 96 63 74 59 0 84 10 83 99 90 99 62 85 84 66 77 78 13 6 89 20 69 3 65 69 15 55 64 82 27 18 82 19 19 30 49 65 58 97 2 46 24
58 23 7 77 99 12 26 61 8 49 2 99 21 56 34 97 13 93 26 46 5 49 81 58 58 21 20 42 87 25 33 82 21 8 83 42 77 95 57 32 40 20 99 87 16 4 21 89 51 34 92 11 96 71 3 75 80 52 22 81 13 44 49 84 0 26 50 78 15 60 60 96 27 69 5 39 52 37 43 43 32 43 69 87 36 89 52 31 91 95 67 95 96 64 83 49 60 84 81 40 10
7 10 44 86 27 82 78 19 20 35 27 56 35 51 19 45 45 6 75 81 38 79 96 14 32 7 32 98 89 78 85 12 30 53 13 85 82 74 32 53 25 31 1 96 73 2 28 40 73 17 28 81 6 9 80 41 20 78 38 67 51 11 95 10 26 0 45 77 39 89 11 54 56 17 22 21 74 18 9 12 73 81 62 98 9 64 62 6 94 3 14 13 79 92 35 18 78 7 78 83 92
72 6 1 5 93 96 83 48 92 5 82 99 17 67 79 52 49 74 84 57 81 53 20 65 36 68 13 35 44 36 88 37 7 90 31 85 21 25 100 80 73 92 2 36 54 63 92 89 61 96 78 58 46 86 25 50 50 22 44 34 37 14 41 83 50 45 0 35 89 12 12 84 50 99 84 43 61 56 9 50 27 30 93 47 10 70 61 15 74 78 98 46 82 98 69 59 64 82 62 86 31
32 78 17 94 94 11 23 23 89 47 69 38 91 67 9 13 16 11 40 19 94 27 12 56 69 68 69 33 42 44 11 44 41 84 21 8 47 66 73 64 97 69 73 91 48 13 18 48 47 54 43 69 8 18 57 63 40 4 65 1 79 17 1 99 78 77 35 0 95 31 16 67 19 9 88 20 12 76 54 79 24 51 8 76 22 57 83 97 78 79 100 37 12 2 14 83 41 93 43 29 80
67 49 18 42 3 9 23 6 92 19 10 67 16 20 7 69 71 52 13 56 98 56 40 56 3 15 32 21 8 10 28 14 15 57 27 55 46 19 3 82 63 82 58 91 93 65 83 90 57 37 59 31 26 83 65 46 30 33 27 65 74 83 55 90 15 39 89 95 0 12 89 30 81 51 57 49 14 44 39 32 55 4 96 98 24 95 58 84 82 15 66 30 10 100 1 0 87 61 12 76 84
30 86 80 44 6 2 43 85 76 46 72 18 18 41 97 3 67 95 38 49 0 95 85 1 55 54 80 3 99 3 71 32 49 94 99 12 33 60 90 27 55 53 58 87 55 44 99 73 90 12 4 43 27 25 37 82 21 34 34 42 81 12 89 99 60 89 12 31 12 0 51 48 11 72 25 60 91 75 37 38 73 18 40 49 91 73 36 28 98 71 29 34 32 69 88 35 74 20 40 91 15
64 29 96 35 68 78 21 7 53 98 50 26 22 87 10 43 21 46 58 85 29 49 64 5 62 45 6 45 18 75 60 13 86 11 65 43 86 33 61 58 14 12 59 57 3 7 59 61 13 74 67 26 32 54 91 39 85 51 9 48 9 63 33 62 60 11 12 16 89 51 0 82 67 10 100 95 21 4 8 87 99 51 30 10 26 36 20 13 81 66 8 41 84 30 98 34 2 32 31 13 77
32 33 86 38 27 95 44 42 28 28 27 77 79 98 56 54 26 92 94 54 82 57 8 95 19 14 57 27 84 50 19 74 94 46 76 78 66 98 44 34 72 37 23 16 30 97 42 58 68 65 70 38 77 54 92 98 69 61 43 27 11 67 54 85 96 54 84 67 30 48 82 0 70 47 30 40 84 19 95 56 43 85 62 55 5 61 69 85 83 9 9 48 7 30 93 67 40 6 56 78 92
69 58 69 74 45 95 61 32 3 63 17 93 22 67 37 31 15 93 49 66 72 89 38 40 35 38 11 35 4 59 40 38 43 52 83 82 78 29 11 96 79 41 31 35 34 60 19 69 10 22 98 75 65 41 45 27 11 0 62 29 46 66 63 84 27 56 50 19 81 11 67 70 0 58 11 96 98 3 40 52 98 65 24 16 16 75 8 97 96 34 50 68 70 94 41 2 10 43 100 70 40
23 46 22 84 6 68 7 47 81 100 19 55 8 94 99 59 24 59 60 18 61 30 94 53 72 74 0 16 94 7 68 62 21 77 19 17 90 91 96 60 5 43 51 83 71 58 79 29 59 78 38 97 11 7 13 14 76 84 34 44 26 51 4 66 69 17 99 9 51 72 10 47 58 0 80 2 52 70 21 91 58 94 23 100 18 53 56 30 99 9 12 50 79 28 64 91 35 94 79 63 91
52 3 52 60 95 45 89 78 82 92 28 56 82 47 60 27 56 59 74 33 45 71 21 68 24 69 6 82 29 11 29 39 81 16 55 61 95 33 26 4 5 8 32 22 7 17 23 87 99 36 63 44 54 5 38 76 27 92 86 17 15 19 47 77 5 22 84 88 57 25 100 30 11 80 0 51 50 100 67 74 87 10 32 35 28 20 32 45 87 30 9 49 27 56 74 24 91 11 99 39 9
4 93 75 69 43 36 41 14 17 51 74 23 44 2 31 82 36 4 57 45 85 4 15 54 51 53 40 3 73 10 14 10 15 58 36 23 3 2 72 58 62 36 100 77 85 46 75 0 91 99 49 22 41 0 25 85 46 32 84 94 41 15 42 78 39 21 43 20 49 60 95 40 96 2 51 0 66 80 26 33 38 27 38 29 32 65 56 33 64 17 58 45 78 19 43 94 70 79 54 40 62
9 45 79 27 55 43 98 42 88 8 83 10 83 30 67 42 86 58 97 40 23 58 53 57 34 73 85 57 16 6 11 73 91 53 92 13 51 53 38 21 4 93 17 64 10 87 25 83 11 51 39 77 63 82 67 17 95 64 76 99 11 13 60 13 52 74 61 12 14 91 21 84 98 52 50 66 0 81 79 13 62 61 24 96 10 0 49 82 39 35 77 30 84 47 32 34 88 42 79 54 26
40 19 78 51 93 22 92 100 74 44 1 8 48 51 42 51 11 88 87 13 46 100 85 42 91 81 28 10 53 33 42 8 82 11 27 55 79 6 4 27 87 99 44 10 69 17 5 31 28 14 16 50 6 75 3 91 9 31 37 97 64 57 88 6 37 18 56 76 44 75 4 19 3 70 100 80 81 0 25 89 94 85 42 20 6 61 13 63 27 52 32 6 85 11 54 100 60 61 80 24 9
86 35 84 99 89 58 72 25 38 82 33 44 82 35 28 79 2 41 5 58 88 54 32 77 7 96 34 66 34 26 16 7 31 90 75 35 22 80 53 81 57 25 15 26 83 59 72 23 81 4 35 53 44 80 25 43 37 94 33 16 73 79 22 89 43 9 9 54 39 37 8 95 40 21 67 26 79 25 0 48 95 75 98 9 1 17 49 45 41 63 44 98 28 48 46 54 99 6 89 81 65
16 94 41 74 17 73 59 66 85 54 27 81 55 40 79 9 35 64 14 85 71 48 4 48 92 78 53 12 13 27 69 83 24 98 54 54 20 75 21 48 1 44 41 77 31 61 5 43 81 71 16 99 32 56 26 98 21 45 8 49 14 43 56 20 43 12 50 79 32 38 87 56 52 91 74 33 13 89 48 0 69 61 35 23 39 5 34 73 33 57 26 50 66 94 66 47 35 56 82 33 90
21 4 1 62 54 30 68 69 92 83 19 3 36 40 21 92 21 88 87 50 41 89 67 78 44 16 91 99 0 70 84 33 7 39 74 2 19 17 10 37 34 92 50 54 77 3 68 53 63 0 95 70 68 17 24 41 29 63 28 43 59 14 48 69 32 73 27 24 55 73 99 43 98 58 87 38 62 94 95 69 0 83 1 62 83 7 9 39 45 81 100 4 37 72 26 30 29 62 68 13 85
9 18 18 39 34 59 25 96 94 61 44 39 89 7 77 69 61 5 57 62 95 63 7 27 48 89 15 23 31 95 26 59 32 57 39 58 43 20 97 100 5 85 17 99 77 49 76 82 30 99 41 51 87 53 44 95 56 7 5 81 31 100 69 3 43 81 30 51 4 18 51 85 65 94 10 27 61 85 75 61 83 0 35 54 54 2 22 0 68 50 64 42 57 48 42 2 79 62 58 36 88
2 41 86 8 4 33 71 15 59 10 20 95 50 10 82 80 2 2 55 6 15 28 4 51 28 71 88 53 15 75 80 70 44 28 1 50 7 76 33 10 15 33 32 37 95 2 52 72 25 76 80 28 18 31 70 57 46 50 73 83 63 72 24 65 69 62 93 8 96 40 30 62 24 23 32 38 24 42 98 35 1 35 0 50 59 88 4 19 88 37 12 66 74 44 85 20 51 67 89 31 94
11 61 36 31 74 77 20 48 2 1 76 58 41 81 16 10 5 67 46 57 38 95 32 89 15 54 87 91 75 41 18 72 84 4 91 38 52 6 13 12 78 86 17 88 80 19 46 83 60 92 100 8 36 2 88 28 94 5 52 78 9 98 75 69 87 98 47 76 98 49 10 55 16 100 35 29 96 20 9 23 62 54 50 0 7 76 36 34 56 43 98 42 18 54 73 5 88 58 36 93 61
10 0 37 18 68 73 25 36 38 55 38 91 40 5 58 28 62 86 18 56 95 85 27 64 78 88 56 95 51 34 98 92 1 100 53 77 81 90 62 69 74 60 85 82 67 55 95 91 1 80 82 79 24 98 86 21 7 97 89 75 63 83 29 15 36 9 10 22 24 91 26 5 16 18 28 32 10 6 1 39 83 54 59 7 0 54 86 80 24 100 16 74 27 88 41 5 16 70 11 28 85
5 35 36 82 96 99 27 16 36 26 5 52 33 78 21 50 90 67 94 50 94 18 14 48 12 26 82 86 84 50 52 69 56 66 3 76 83 50 100 40 91 59 77 91 83 83 47 46 10 14 26 62 55 81 38 18 75 75 97 32 0 100 2 55 89 64 70 57 95 73 36 61 75 53 20 65 0 61 17 5 7 2 88 76 54 0 79 7 58 95 81 14 64 73 3 40 18 79 87 20 83
96 35 41 57 54 83 30 58 54 88 37 79 0 48 81 97 81 100 88 82 54 66 96 0 92 13 54 79 55 7 56 95 88 93 82 41 95 65 57 94 64 93 53 4 51 93 11 71 16 37 52 29 84 41 43 4 20 95 49 46 61 52 57 64 52 62 61 83 58 36 20 69 8 56 32 56 49 13 49 34 9 22 4 36 86 79 0 72 18 8 36 10 55 86 15 88 8 17 56 12 25
99 96 48 96 23 9 52 27 34 6 24 37 39 82 8 73 83 43 46 37 29 50 33 80 57 46 35 37 11 43 93 38 65 96 4 71 2 49 34 71 54 41 70 67 86 26 51 2 41 11 0 49 21 2 64 75 95 44 83 18 100 30 24 82 31 6 15 97 84 28 13 85 97 30 45 33 82 63 45 73 39 0 19 34 80 7 72 0 35 31 20 12 59 73 27 46 67 13 94 94 100
16 50 45 81 84 7 74 69 46 87 87 96 6 90 66 16 39 7 90 34 99 54 17 57 19 21 13 73 81 36 40 33 14 80 22 83 46 66 43 92 53 35 62 60 24 70 28 43 17 95 42 19 81 50 66 18 31 28 47 75 29 72 50 27 91 94 74 78 82 98 81 83 96 99 87 64 39 27 41 33 45 68 88 56 24 58 18 35 0 39 48 2 50 47 81 87 13 100 45 52 11
87 35 42 25 98 58 28 6 13 31 37 61 8 61 23 30 35 74 68 21 44 64 26 98 11 2 85 56 25 50 87 81 58 82 96 54 62 59 36 35 62 58 12 12 50 59 2 71 59 67 19 96 90 13 39 96 60 69 27 78 37 61 29 18 95 3 78 79 15 71 66 9 34 9 30 17 35 52 63 57 81 50 37 43 100 95 8 31 39 0 41 86 27 8 13 60 79 5 73 30 70
41 2 70 86 71 72 5 49 86 49 46 72 9 1 36 30 94 53 31 56 66 91 59 7 91 37 52 23 62 34 32 20 59 36 48 69 71 39 34 99 40 97 38 86 7 99 31 85 5 53 72 86 39 74 3 43 24 15 68 99 35 87 22 82 67 14 98 100 66 29 8 9 50 12 9 58 77 32 44 26 100 64 12 98 16 81 36 20 48 41 0 14 33 62 31 6 17 54 7 66 46
26 8 50 60 36 44 47 43 56 64 16 62 91 41 50 31 20 83 28 50 79 21 67 37 7 71 93 15 16 97 14 33 68 11 28 12 37 9 83 17 36 22 94 94 47 46 95 12 66 62 56 98 27 52 90 4 80 0 91 0 94 47 73 19 95 13 46 37 30 34 41 48 68 50 49 45 30 6 98 50 4 42 66 42 74 14 10 12 2 86 14 0 87 57 59 87 51 39 53 17 10
86 54 45 88 11 72 47 75 66 19 69 36 10 64 68 42 9 3 60 37 7 63 30 12 64 62 42 45 14 73 21 45 29 22 24 7 6 9 100 21 78 98 83 73 2 25 14 48 86 30 27 34 95 100 26 29 50 40 74 17 35 88 26 19 96 79 82 12 10 32 84 7 70 79 27 78 84 85 28 66 37 57 74 18 27 64 55 59 50 27 33 87 0 32 6 5 85 85 15 19 92
7 95 64 49 59 56 56 69 79 70 43 53 4 53 47 48 70 31 57 22 26 18 56 75 21 73 49 52 43 94 56 19 43 85 64 47 75 14 83 30 40 87 62 61 77 64 56 94 56 21 80 74 78 10 68 24 95 38 50 100 75 20 43 30 64 92 98 2 100 69 30 30 94 28 56 19 47 11 48 94 72 48 44 54 88 73 86 73 47 8 62 57 32 0 96 45 41 43 1 74 90
93 21 65 46 86 82 79 43 19 1 94 56 92 84 55 7 5 89 48 95 85 63 78 18 39 88 78 90 59 29 17 57 0 100 52 5 19 38 41 75 51 62 55 13 58 16 22 100 56 62 63 11 73 88 51 17 97 62 60 32 29 95 56 49 83 35 69 14 1 88 98 93 41 64 74 43 32 54 46 66 26 42 85 73 41 3 15 27 81 13 31 59 6 96 0 71 44 48 44 94 93
63 96 98 35 85 93 27 11 7 78 9 37 98 12 26 26 64 67 70 48 92 8 65 56 79 60 80 72 60 90 61 36 97 88 95 83 62 59 29 73 86 99 87 32 61 11 81 76 8 1 20 50 86 26 97 2 21 17 92 42 86 99 40 65 49 18 59 83 0 35 34 67 2 91 24 94 34 100 54 47 30 2 20 5 5 40 88 46 87 60 6 87 5 45 71 0 62 24 7 82 30
87 52 51 39 12 39 55 4 4 78 99 67 53 80 78 57 27 62 75 32 19 4 13 100 77 44 83 26 53 4 61 32 75 20 70 70 14 48 57 45 79 70 27 55 76 60 89 9 56 52 18 90 86 77 10 92 72 60 98 92 43 36 80 58 60 78 64 41 87 74 2 40 10 35 91 70 88 60 99 35 29 79 51 88 16 18 8 67 13 79 17 51 85 41 44 62 0 86 57 15 61
90 73 64 80 99 36 2 15 8 1 65 54 42 16 23 75 78 90 3 85 35 32 37 29 55 31 66 54 53 84 94 7 2 22 2 42 16 6 88 88 25 0 51 39 76 52 16 66 60 37 64 45 49 41 63 14 50 78 6 65 62 28 26 97 84 7 82 93 61 20 32 6 43 94 11 79 42 61 6 56 62 62 67 58 70 79 17 13 100 5 54 39 85 43 48 24 86 0 48 9 60
61 48 83 24 77 2 71 35 8 55 9 60 3 92 65 97 96 61 56 26 58 62 90 30 82 10 7 77 38 1 11 11 65 4 0 14 62 26 59 10 8 3 5 89 100 15 37 71 81 46 52 86 86 96 1 97 13 27 19 1 40 67 53 2 81 78 62 43 12 40 31 56 100 79 99 54 79 80 89 82 68 58 89 36 11 87 56 94 45 73 7 53 15 1 44 7 57 48 0 95 91
96 6 26 49 40 77 93 29 96 4 47 80 44 39 32 59 46 15 19 9 53 11 66 33 21 69 0 67 100 8 37 29 87 99 79 54 82 75 82 75 48 41 25 85 10 85 51 15 15 44 29 41 12 79 49 63 19 83 79 97 60 94 1 46 40 83 86 29 76 91 13 78 70 63 39 40 54 24 81 33 13 36 31 93 28 20 12 94 52 30 66 17 19 74 94 82 15 9 95 0 53
47 6 15 81 2 76 64 33 69 33 15 15 50 78 91 37 16 53 75 73 16 10 93 52 30 97 55 83 59 10 37 44 89 9 73 77 67 59 13 85 7 81 4 91 33 19 59 40 91 33 89 88 3 63 57 38 18 64 16 99 31 65 70 24 10 92 31 80 84 15 77 92 40 91 9 62 26 9 65 90 85 88 94 61 85 83 25 100 11 70 46 10 92 90 93 30 61 60 91 53 0
