105 6
43 85 3 91 30 6 80 1 70 9 3 52 21 18 47 10 97 55 87 12 53 85 85 29 77 12 5 99 8 69 64 75 43 31 51 41 19 22 26 48 59 24 63 7 36 0 59 41 90 11 48 17 67 38 59 17 88 61 37 27 72 21 45 12 42 60 74 98 30 62 24 71 62 51 29 44 97 89 79 98 34 34 78 32 73 3 85 18 71 88 47 6 17 86 87 66 78 20 10 28 33 86 13 13 12
0 20 11 69 27 20 40 25 77 94 9 4 89 63 40 87 64 21 57 91 100 23 10 97 42 31 88 27 82 73 51 99 46 61 60 33 72 81 23 14 66 29 83 6 22 83 57 13 92 53 97 8 30 0 80 31 80 65 23 93 11 100 24 96 41 48 8 65 29 45 80 80 56 75 29 41 6 27 87 50 93 89 34 1 1 42 86 41 71 69 48 53 87 92 71 13 5 20 76 85 20 45 50 86 35 11
20 0 38 70 11 33 47 98 32 85 17 70 42 40 53 5 0 21 98 52 72 84 0 64 62 56 93 84 48 12 96 23 81 30 71 68 85 95 57 39 73 70 96 19 75 71 18 6 97 85 67 24 19 75 18 82 17 95 20 43 22 2 71 39 31 62 89 47 13 70 93 69 53 54 12 75 18 1 40 5 62 85 92 26 2 53 84 97 91 38 41 85 95 81 83 46 41 9 90 11 84 37 71 54 94 59
11 38 0 57 26 7 53 89 78 26 15 51 36 76 85 15 70 31 10 39 43 18 6 29 3 89 9 93 43 3 45 53 8 57 31 26 58 77 76 77 97 78 26 66 36 19 18 22 87 1 15 100 36 84 2 0 18 88 68 54 51 2 15 100 68 70 17 69 30 34 13 22 73 64 74 91 96 51 19 78 63 39 35 32 22 91 46 12 85 68 62 49 56 28 3 50 49 4 95 75 13 28 50 95 61 21
69 70 57 0 72 71 67 98 19 74 71 42 54 45 32 17 11 14 42 79 64 88 98 81 21 12 57 3 68 52 56 32 67 2 3 84 42 72 12 6 30 52 71 86 52 4 45 97 78 27 57 89 42 11 4 34 78 19 83 92 59 82 26 63 71 86 42 26 16 69 34 84 18 18 57 72 30 88 26 60 95 37 1 36 20 83 7 35 77 44 2 5 54 79 24 100 29 74 72 25 0 34 76 66 88 4
27 11 26 72 0 18 26 86 39 57 63 84 72 77 6 12 15 9 63 20 95 1 88 47 6 64 66 15 92 61 96 43 27 30 39 64 58 6 94 93 79 95 88 52 27 29 63 29 39 8 25 16 82 3 43 80 36 66 92 69 17 31 71 64 44 6 50 20 54 88 97 94 33 15 36 82 23 88 61 28 22 25 40 27 52 37 4 16 41 73 98 80 81 58 61 27 29 22 63 74 92 37 2 51 55 37
20 33 7 71 18 0 41 0 90 7 75 19 61 44 83 25 68 41 57 84 19 77 21 57 14 13 98 9 91 71 15 0 78 19 87 29 99 92 30 36 24 58 3 83 72 18 0 51 15 46 38 44 65 21 49 54 5 63 65 67 59 98 19 19 16 22 39 9 61 30 58 65 28 44 31 84 33 71 90 62 69 37 53 78 95 58 73 24 74 87 88 0 7 18 7 34 12 44 8 33 32 3 30 75 36 43
40 47 53 67 26 41 0 18 46 8 84 58 0 47 32 22 69 81 31 37 65 72 78 6 30 66 45 29 38 3 86 94 0 39 96 35 3 64 85 22 36 64 34 62 60 95 26 22 37 45 66 70 44 63 3 14 3 76 91 44 50 61 13 90 54 78 43 91 41 62 42 67 19 43 33 31 15 41 65 26 7 74 37 28 88 84 19 48 7 94 56 47 88 0 91 15 80 65 13 68 92 67 38 84 13 49
25 98 89 98 86 0 18 0 80 6 88 47 92 27 80 65 24 79 96 13 37 78 24 38 44 5 20 64 32 20 12 46 11 76 19 50 14 36 89 64 2 84 36 89 20 49 97 27 31 76 23 18 48 89 34 85 97 100 9 7 68 8 52 72 75 21 58 72 11 18 13 41 28 44 32 62 92 92 89 87 17 61 82 69 75 75 21 57 93 91 48 38 35 10 50 28 100 72 14 6 15 74 92 61 42 95
77 32 78 19 39 90 46 80 0 86 12 1 57 11 56 64 91 60 13 96 93 3 14 36 1 53 68 73 1 84 5 8 10 13 34 9 84 74 79 88 11 6 64 30 26 47 32 36 44 78 57 91 58 67 41 45 89 12 73 11 36 63 93 21 98 54 55 42 41 5 51 42 35 40 52 78 4 63 50 93 29 42 33 47 82 37 81 97 41 7 36 80 6 21 20 87 58 55 35 52 48 83 56 96 89 18
94 85 26 74 57 7 8 6 86 0 9 69 78 24 27 90 78 22 33 85 58 96 14 24 70 16 78 28 4 8 97 83 73 34 34 22 63 74 76 50 50 43 3 87 87 20 22 65 96 7 85 17 36 44 55 76 31 18 51 97 13 36 16 37 52 48 43 48 1 3 44 49 47 46 90 73 98 16 81 86 37 51 45 10 37 31 54 42 60 28 66 97 7 5 69 52 53 12 17 18 65 82 53 31 59 42
9 17 15 71 63 75 84 88 12 9 0 68 73 79 55 28 58 79 26 95 30 51 7 95 28 41 58 3 28 51 75 13 29 77 75 13 47 47 35 59 8 63 32 97 95 3 14 85 10 18 72 89 49 15 9 29 81 13 36 85 57 23 78 67 95 24 22 57 33 89 31 26 72 91 26 59 86 95 22 25 77 69 8 82 35 57 38 40 6 88 10 10 24 26 55 79 73 40 87 79 4 0 21 89 77 37
4 70 51 42 84 19 58 47 1 69 68 0 18 49 65 0 71 45 69 61 67 37 22 38 58 7 28 9 7 94 37 41 97 37 20 77 41 68 98 88 25 53 22 68 74 59 6 24 76 46 19 60 9 25 77 3 45 45 2 95 71 78 64 100 2 34 91 99 9 47 14 5 60 30 91 64 82 19 87 4 93 10 78 76 3 52 99 79 77 25 15 52 34 15 73 65 1 88 95 39 72 4 11 26 79 98
89 42 36 54 72 61 0 92 57 78 73 18 0 87 44 12 86 47 81 6 14 36 48 84 49 62 33 15 75 95 14 19 78 64 49 61 51 46 81 50 19 34 2 99 28 2 9 9 36 98 86 23 3 51 13 50 94 36 71 94 42 9 29 99 54 76 10 92 84 91 20 3 96 22 53 25 69 40 94 20 24 98 31 87 92 76 26 100 82 75 4 89 59 51 31 64 58 100 64 21 65 67 6 1 34 74
63 40 76 45 77 44 47 27 11 24 79 49 87 0 56 73 50 34 23 94 13 87 97 76 75 78 6 71 31 90 4 31 66 11 2 68 56 25 27 78 51 6 49 70 79 83 91 48 13 82 33 84 43 5 74 39 87 90 61 13 47 45 39 83 56 43 8 84 26 77 57 41 91 28 6 42 78 9 79 96 20 16 90 8 15 77 61 96 33 26 81 94 34 34 37 50 48 90 1 13 9 43 93 3 10 12
40 53 85 32 6 83 32 80 56 27 55 65 44 56 0 68 64 80 79 7 6 47 94 11 56 2 69 83 26 81 84 44 48 59 80 93 28 27 45 21 36 58 92 86 67 30 82 98 73 40 100 1 42 92 12 83 88 44 9 57 63 63 0 63 25 77 48 69 61 17 34 57 76 39 66 7 48 4 60 72 35 37 0 83 5 48 99 85 0 69 75 6 59 89 8 23 1 100 63 50 48 23 97 61 15 2
87 5 15 17 12 25 22 65 64 90 28 0 12 73 68 0 10 9 63 27 47 12 68 59 75 60 61 45 97 53 42 55 9 38 33 90 6 92 6 89 8 69 95 3 26 91 75 79 36 31 4 83 3 42 13 90 16 74 94 87 85 37 87 1 3 52 64 98 58 18 79 13 76 72 53 79 68 32 52 21 86 92 9 88 9 31 95 35 82 44 11 11 41 10 20 77 80 65 96 4 45 73 24 47 6 77
64 0 70 11 15 68 69 24 91 78 58 71 86 50 64 10 0 44 55 15 82 96 20 89 100 83 63 65 69 9 29 71 27 91 34 83 77 30 29 64 32 69 70 58 62 67 94 0 85 99 4 1 60 70 23 3 48 73 72 12 61 41 95 96 23 71 42 4 73 85 84 35 48 50 41 93 62 97 63 71 11 71 46 58 14 83 65 34 7 6 81 47 20 74 88 43 35 80 15 14 60 33 4 69 96 18
21 21 31 14 9 41 81 79 60 22 79 45 47 34 80 9 44 0 84 14 43 43 75 59 87 88 16 90 4 15 55 82 64 92 11 63 24 88 48 54 98 3 39 61 71 74 7 65 64 54 18 0 14 86 65 73 88 55 25 3 95 2 39 77 57 61 17 9 85 54 80 76 100 48 35 47 76 82 64 36 72 19 72 50 2 42 82 64 97 58 25 56 33 85 63 89 0 33 0 40 17 62 91 69 61 24
57 98 10 42 63 57 31 96 13 33 26 69 81 23 79 63 55 84 0 49 69 10 57 83 59 37 16 75 86 89 94 66 70 69 79 8 59 12 49 73 20 23 23 11 17 29 100 21 62 23 44 20 62 60 29 97 61 69 3 82 3 34 42 48 2 89 54 33 77 10 24 36 16 11 48 53 96 15 40 5 33 61 56 36 86 21 33 55 51 75 57 85 92 24 46 60 11 33 25 50 23 78 50 90 16 55
91 52 39 79 20 84 37 13 96 85 95 61 6 94 7 27 15 14 49 0 24 25 70 32 61 53 15 38 63 14 75 8 72 63 48 58 32 38 93 85 25 48 69 89 6 54 62 11 84 58 44 25 49 23 22 85 43 57 90 32 98 26 85 49 37 1 78 76 37 83 3 30 94 13 89 21 4 60 2 11 24 39 50 47 42 54 39 79 27 95 4 58 1 91 87 48 17 56 47 25 94 29 13 74 49 33
100 72 43 64 95 19 65 37 93 58 30 67 14 13 6 47 82 43 69 24 0 63 56 29 3 100 80 24 92 1 16 68 62 98 14 13 54 93 29 2 11 69 89 82 94 74 33 91 18 82 23 87 1 61 48 87 66 39 13 66 41 46 27 93 65 76 20 28 36 88 45 12 56 19 76 53 26 12 57 45 14 57 26 57 17 44 51 58 5 59 97 92 88 87 88 56 74 89 40 17 50 0 52 49 66 27
23 84 18 88 1 77 72 78 3 96 51 37 36 87 47 12 96 43 10 25 63 0 27 80 45 45 82 36 80 77 10 83 47 2 25 41 18 64 96 60 13 13 94 23 99 96 97 90 32 90 29 97 13 90 43 6 84 78 61 87 97 85 98 81 63 21 77 80 21 90 99 19 1 83 37 33 82 65 35 19 83 23 14 8 33 36 66 58 74 68 52 66 44 44 26 36 93 34 4 43 35 26 33 91 95 98
10 0 6 98 88 21 78 24 14 14 7 22 48 97 94 68 20 75 57 70 56 27 0 4 82 17 18 81 46 0 50 91 57 49 17 27 56 65 80 76 53 16 94 11 97 90 35 29 20 27 56 6 48 20 53 60 92 42 96 52 37 73 17 41 74 90 49 53 7 66 51 17 74 28 29 55 61 15 22 2 0 94 38 87 22 43 4 4 72 60 21 16 17 98 43 86 80 78 79 55 94 18 50 6 88 3
97 64 29 81 47 57 6 38 36 24 95 38 84 76 11 59 89 59 83 32 29 80 4 0 81 90 80 55 28 21 82 76 47 8 82 42 95 88 26 30 77 54 10 56 89 35 79 48 14 80 50 2 22 64 91 91 54 68 70 77 50 53 89 8 44 77 98 34 62 93 31 15 27 77 25 94 4 82 45 26 83 56 56 54 19 15 18 69 95 53 59 13 51 16 7 99 52 66 38 79 22 10 68 32 43 66
42 62 3 21 6 14 30 44 1 70 28 58 49 75 56 75 100 87 59 61 3 45 82 81 0 78 35 57 63 92 76 100 74 93 23 60 77 3 33 91 82 34 86 95 38 86 58 69 44 39 71 93 2 58 13 9 93 86 91 92 57 66 27 65 96 37 42 39 78 72 71 97 52 74 66 11 13 55 97 35 52 62 79 1 95 74 16 68 35 82 83 49 69 72 76 98 3 53 83 75 18 0 8 1 81 93
31 56 89 12 64 13 66 5 53 16 41 7 62 78 2 60 83 88 37 53 100 45 17 90 78 0 95 46 16 51 58 97 55 67 73 36 21 69 85 24 45 97 55 56 71 100 18 77 55 47 45 49 91 13 49 87 75 16 17 8 0 76 63 64 35 15 31 41 51 83 16 69 69 84 90 84 77 42 71 1 54 72 47 30 44 18 33 45 44 78 80 55 13 34 69 82 12 35 1 59 23 17 45 2 81 48
88 93 9 57 66 98 45 20 68 78 58 28 33 6 69 61 63 16 16 15 80 82 18 80 35 95 0 4 77 100 45 25 40 23 70 10 10 24 30 24 28 65 10 70 27 38 39 42 74 27 84 27 12 83 55 14 84 56 7 46 39 75 15 15 53 86 79 72 90 19 30 98 14 66 12 73 74 9 24 10 100 54 55 63 32 10 85 17 55 17 97 38 90 64 11 55 13 81 16 97 33 92 82 80 48 22
27 84 93 3 15 9 29 64 73 28 3 9 15 71 83 45 65 90 75 38 24 36 81 55 57 46 4 0 41 73 54 41 79 94 96 77 22 49 52 66 76 20 95 57 52 61 76 29 96 47 54 33 15 18 27 82 60 80 90 5 15 76 8 63 73 9 57 2 84 15 78 2 70 21 84 59 98 52 69 71 86 76 69 93 3 0 32 29 21 74 30 90 48 6 49 5 75 87 23 40 11 37 98 48 98 71
82 48 43 68 92 91 38 32 1 4 28 7 75 31 26 97 69 4 86 63 92 80 46 28 63 16 77 41 0 59 78 46 94 94 63 35 13 75 92 19 27 66 18 98 91 95 73 8 68 90 3 98 72 0 90 37 26 18 49 71 66 67 67 17 11 70 72 29 42 78 33 32 70 82 16 36 41 36 68 54 88 84 88 68 0 59 31 67 93 91 31 12 48 39 18 66 92 29 98 38 40 2 25 98 37 3
73 12 3 52 61 71 3 20 84 8 51 94 95 90 81 53 9 15 89 14 1 77 0 21 92 51 100 73 59 0 74 9 99 52 57 40 71 27 69 4 88 49 33 69 36 21 88 72 2 86 25 58 91 66 91 30 35 48 6 56 63 17 85 80 87 66 10 55 30 40 26 70 27 6 20 97 48 19 31 53 14 9 79 96 37 46 41 48 35 65 43 49 64 50 38 60 46 56 55 85 42 0 28 27 49 30
51 96 45 56 96 15 86 12 5 97 75 37 14 4 84 42 29 55 94 75 16 10 50 82 76 58 45 54 78 74 0 11 63 39 46 17 61 8 93 91 7 53 54 61 38 60 98 27 82 43 67 87 13 39 57 16 68 14 55 73 43 93 68 44 89 6 44 75 31 88 87 77 39 47 6 24 14 53 69 24 70 55 75 26 29 53 53 1 63 2 9 79 91 33 70 45 33 89 71 83 93 37 18 91 86 19
99 23 53 32 43 0 94 46 8 83 13 41 19 31 44 55 71 82 66 8 68 83 91 76 100 97 25 41 46 9 11 0 6 34 7 1 18 63 8 62 70 10 64 67 58 19 43 99 100 84 17 13 16 27 32 80 87 97 3 15 13 87 18 89 27 2 55 64 3 71 5 88 56 64 40 13 12 10 55 91 52 56 59 44 83 62 7 4 35 33 14 71 10 93 22 93 20 0 15 25 2 94 96 9 96 64
46 81 8 67 27 78 0 11 10 73 29 97 78 66 48 9 27 64 70 72 62 47 57 47 74 55 40 79 94 99 63 6 0 12 82 83 11 45 80 56 72 99 12 65 41 46 19 15 0 5 15 12 10 91 78 79 15 87 39 46 65 100 23 59 29 63 71 86 96 72 87 52 20 42 19 44 94 20 88 87 50 29 54 57 67 7 33 69 56 48 74 46 9 29 74 71 34 87 17 42 66 53 20 94 61 15
61 30 57 2 30 19 39 76 13 34 77 37 64 11 59 38 91 92 69 63 98 2 49 8 93 67 23 94 94 52 39 34 12 0 45 92 66 14 18 34 86 13 77 96 2 44 12 42 70 24 28 5 45 81 11 37 43 15 86 16 89 49 57 13 57 48 96 29 72 63 17 43 18 47 98 80 55 80 3 62 65 58 16 30 51 100 37 88 45 48 56 53 56 93 2 50 0 52 28 9 23 3 69 37 38 25
60 71 31 3 39 87 96 19 34 34 75 20 49 2 80 33 34 11 79 48 14 25 17 82 23 73 70 96 63 57 46 7 82 45 0 80 10 40 17 60 13 74 65 6 46 5 49 99 14 46 22 86 31 33 59 47 11 6 26 44 29 9 67 85 21 82 37 46 84 49 64 20 37 4 91 66 31 42 7 4 13 13 68 10 5 16 91 86 27 63 45 25 49 32 92 24 78 64 69 69 11 88 44 40 59 39
33 68 26 84 64 29 35 50 9 22 13 77 61 68 93 90 83 63 8 58 13 41 27 42 60 36 10 77 35 40 17 1 83 92 80 0 35 84 29 55 23 40 63 67 24 18 3 91 74 40 69 41 75 43 71 50 75 70 51 29 15 4 64 14 17 45 92 63 84 59 82 13 14 74 35 22 16 94 94 73 7 25 44 46 47 8 70 54 90 36 51 52 81 51 61 56 53 15 46 73 89 79 33 90 98 5
72 85 58 42 58 99 3 14 84 63 47 41 51 56 28 6 77 24 59 32 54 18 56 95 77 21 10 22 13 71 61 18 11 66 10 35 0 40 36 93 59 1 96 76 81 55 16 35 24 1 85 66 52 11 10 27 52 59 98 8 90 18 12 55 28 0 45 38 89 51 36 28 54 68 67 4 17 84 76 95 66 34 28 64 81 91 100 85 42 59 95 35 40 61 76 55 53 42 28 64 79 7 83 57 23 68
81 95 77 72 6 92 64 36 74 74 47 68 46 25 27 92 30 88 12 38 93 64 65 88 3 69 24 49 75 27 8 63 45 14 40 84 40 0 98 36 75 5 70 12 99 8 9 22 26 10 77 66 42 5 71 1 2 6 40 90 66 64 82 26 11 83 23 30 82 58 39 43 49 27 25 34 4 68 70 34 78 15 56 83 78 71 93 10 32 8 18 77 84 89 10 10 46 27 8 4 7 37 33 23 78 49
23 57 76 12 94 30 85 89 79 76 35 98 81 27 45 6 29 48 49 93 29 96 80 26 33 85 30 52 92 69 93 8 80 18 17 29 36 98 0 93 98 45 35 86 91 85 34 37 62 56 74 96 26 13 20 11 96 99 66 60 32 11 68 47 18 45 58 51 46 79 65 52 91 18 90 94 54 65 29 6 42 73 93 38 0 43 19 79 79 80 42 70 28 83 1 35 84 66 7 46 91 50 4 98 56 50
14 39 77 6 93 36 22 64 88 50 59 88 50 78 21 89 64 54 73 85 2 60 76 30 91 24 24 66 19 4 91 62 56 34 60 55 93 36 93 0 47 4 72 82 64 37 9 56 83 54 96 26 100 76 6 2 80 15 29 27 39 59 26 10 52 23 53 53 83 92 2 87 26 76 34 37 18 99 74 8 49 39 95 93 93 27 9 91 49 83 59 50 3 24 82 19 86 61 92 33 8 13 50 89 40 26
66 73 97 30 79 24 36 2 11 50 8 25 19 51 36 8 32 98 20 25 11 13 53 77 82 45 28 76 27 88 7 70 72 86 13 23 59 75 98 47 0 72 48 51 54 28 76 64 6 11 40 40 64 64 6 54 33 9 80 33 11 71 16 37 16 31 49 36 25 62 25 70 51 43 78 44 40 68 46 41 25 50 51 50 4 64 77 75 2 9 60 89 95 23 36 9 43 82 31 14 76 19 39 67 71 39
29 70 78 52 95 58 64 84 6 43 63 53 34 6 58 69 69 3 23 48 69 13 16 54 34 97 65 20 66 49 53 10 99 13 74 40 1 5 45 4 72 0 25 54 11 33 54 9 25 22 78 89 39 27 68 49 29 86 99 22 81 47 30 62 83 52 21 73 87 35 27 89 66 19 29 39 2 56 43 22 81 14 47 78 16 34 32 18 91 30 92 79 89 49 58 74 90 83 13 26 21 67 45 98 76 23
83 96 26 71 88 3 34 36 64 3 32 22 2 49 92 95 70 39 23 69 89 94 94 10 86 55 10 95 18 33 54 64 12 77 65 63 96 70 35 72 48 25 0 27 68 15 12 29 55 89 18 11 94 7 50 87 65 3 15 91 13 74 94 34 57 37 34 88 5 61 62 64 100 49 2 14 66 27 75 28 65 98 19 34 43 22 75 92 15 82 64 87 94 79 52 12 66 66 79 71 99 98 95 65 85 72
6 19 66 86 52 83 62 89 30 87 97 68 99 70 86 3 58 61 11 89 82 23 11 56 95 56 70 57 98 69 61 67 65 96 6 67 76 12 86 82 51 54 27 0 57 33 8 82 29 8 73 96 92 55 95 57 71 59 79 39 23 71 29 98 85 83 57 73 42 43 79 60 2 44 13 17 6 10 51 54 67 57 21 50 79 72 88 83 98 67 85 89 1 84 10 7 87 59 83 55 13 4 40 30 86 61
22 75 36 52 27 72 60 20 26 87 95 74 28 79 67 26 62 71 17 6 94 99 97 89 38 71 27 52 91 36 38 58 41 2 46 24 81 99 91 64 54 11 68 57 0 56 23 80 9 73 58 75 48 97 99 93 1 24 34 37 8 39 51 39 9 11 0 81 23 26 23 22 64 23 91 90 40 100 99 26 12 29 79 98 19 17 35 47 35 5 94 74 33 34 76 88 10 36 67 29 23 91 56 71 67 67
83 71 19 4 29 18 95 49 47 20 3 59 2 83 30 91 67 74 29 54 74 96 90 35 86 100 38 61 95 21 60 19 46 44 5 18 55 8 85 37 28 33 15 33 56 0 77 43 43 17 35 92 40 4 74 54 79 8 54 42 43 36 26 71 68 50 26 28 37 21 3 20 43 52 26 87 80 84 93 41 58 9 50 25 38 92 97 85 76 68 98 85 84 0 3 97 56 100 38 70 56 61 66 87 74 19
57 18 18 45 63 0 26 97 32 22 14 6 9 91 82 75 94 7 100 62 33 97 35 79 58 18 39 76 73 88 98 43 19 12 49 3 16 9 34 9 76 54 12 8 23 77 0 49 77 97 50 55 40 90 88 73 63 82 31 19 86 29 81 58 54 69 28 58 30 16 7 56 91 68 97 65 74 88 42 51 47 85 21 96 15 70 91 13 98 0 1 58 29 88 10 76 88 79 18 32 92 68 97 78 33 17
13 6 22 97 29 51 22 27 36 65 85 24 9 48 98 79 0 65 21 11 91 90 29 48 69 77 42 29 8 72 27 99 15 42 99 91 35 22 37 56 64 9 29 82 80 43 49 0 96 81 49 16 18 45 9 98 67 48 18 34 18 16 58 71 51 85 32 49 82 12 31 46 45 81 15 20 76 38 93 44 39 93 12 84 13 40 81 87 32 68 1 9 54 22 70 33 80 78 93 4 61 82 61 70 4 85
92 97 87 78 39 15 37 31 44 96 10 76 36 13 73 36 85 64 62 84 18 32 20 14 44 55 74 96 68 2 82 100 0 70 14 74 24 26 62 83 6 25 55 29 9 43 77 96 0 0 40 47 0 90 25 37 43 5 35 87 41 78 84 94 84 82 58 27 38 13 28 92 15 1 36 6 76 35 14 42 1 60 18 17 33 0 15 38 91 4 98 96 9 70 3 1 86 91 94 10 36 59 63 99 89 21
53 85 1 27 8 46 45 76 78 7 18 46 98 82 40 31 99 54 23 58 82 90 27 80 39 47 27 47 90 86 43 84 5 24 46 40 1 10 56 54 11 22 89 8 73 17 97 81 0 0 35 70 23 95 33 83 27 75 78 55 8 39 55 91 78 13 50 55 8 69 55 12 98 11 18 11 40 82 10 50 65 61 27 50 93 88 15 42 96 36 75 91 19 41 59 43 91 95 50 30 61 16 32 4 100 18
97 67 15 57 25 38 66 23 57 85 72 19 86 33 100 4 4 18 44 44 23 29 56 50 71 45 84 54 3 25 67 17 15 28 22 69 85 77 74 96 40 78 18 73 58 35 50 49 40 35 0 0 90 93 77 66 10 41 6 7 8 33 58 30 7 24 53 43 12 79 82 24 39 76 78 84 26 70 55 27 57 84 76 78 22 30 57 92 22 1 56 91 49 54 47 50 22 58 37 40 29 98 51 35 84 65
8 24 100 89 16 44 70 18 91 17 89 60 23 84 1 83 1 0 20 25 87 97 6 2 93 49 27 33 98 58 87 13 12 5 86 41 66 66 96 26 40 89 11 96 75 92 55 16 47 70 0 0 55 41 29 37 55 63 53 23 66 40 86 7 80 77 68 92 17 88 33 6 77 27 17 98 39 32 98 46 25 49 11 92 86 49 12 37 36 57 9 73 96 15 39 54 59 68 93 97 5 54 52 37 80 68
30 19 36 42 82 65 44 48 58 36 49 9 3 43 42 3 60 14 62 49 1 13 48 22 2 91 12 15 72 91 13 16 10 45 31 75 52 42 26 100 64 39 94 92 48 40 40 18 0 23 90 55 0 30 76 2 15 65 32 100 82 58 5 1 76 12 5 89 99 15 54 35 34 85 3 39 29 28 35 76 3 12 73 38 30 69 89 8 14 94 53 79 5 72 99 26 11 42 15 78 69 14 94 2 46 66
0 75 84 11 3 21 63 89 67 44 15 25 51 5 92 42 70 86 60 23 61 90 20 64 58 13 83 18 0 66 39 27 91 81 33 43 11 5 13 76 64 27 7 55 97 4 90 45 90 95 93 41 30 0 9 38 89 40 25 79 23 64 84 96 27 61 40 17 39 7 62 4 78 35 96 92 46 28 2 43 86 59 55 39 79 19 89 99 91 24 35 88 4 10 7 38 32 4 72 86 99 30 5 6 6 44
80 18 2 4 43 49 3 34 41 55 9 77 13 74 12 13 23 65 29 22 48 43 53 91 13 49 55 27 90 91 57 32 78 11 59 71 10 71 20 6 6 68 50 95 99 74 88 9 25 33 77 29 76 9 0 95 90 97 46 50 96 38 43 6 70 53 37 82 43 96 76 50 25 92 10 16 8 81 36 67 43 80 90 82 18 25 84 38 49 32 35 77 55 13 69 60 18 68 14 93 10 3 21 64 46 61
31 82 0 34 80 54 14 85 45 76 29 3 50 39 83 90 3 73 97 85 87 6 60 91 9 87 14 82 37 30 16 80 79 37 47 50 27 1 11 2 54 49 87 57 93 54 73 98 37 83 66 37 2 38 95 0 45 13 90 32 65 12 0 41 15 85 30 15 97 56 67 11 83 26 79 13 87 81 15 84 4 60 77 62 22 69 3 35 90 28 25 8 9 9 46 61 77 66 12 33 72 7 3 69 91 81
80 17 18 78 36 5 3 97 89 31 81 45 94 87 88 16 48 88 61 43 66 84 92 54 93 75 84 60 26 35 68 87 15 43 11 75 52 2 96 80 33 29 65 71 1 79 63 67 43 27 10 55 15 89 90 45 0 79 93 86 98 69 96 55 81 64 23 31 82 2 48 9 11 41 76 70 96 75 68 25 90 59 56 74 41 32 63 61 24 10 14 37 69 13 69 13 78 43 76 55 100 46 29 37 84 2
65 95 88 19 66 63 76 100 12 18 13 45 36 90 44 74 73 55 69 57 39 78 42 68 86 16 56 80 18 48 14 97 87 15 6 70 59 6 99 15 9 86 3 59 24 8 82 48 5 75 41 63 65 40 97 13 79 0 18 50 65 65 38 100 91 50 71 95 95 61 69 70 99 14 76 36 25 93 50 45 31 61 75 10 74 63 97 63 82 15 68 35 9 21 90 89 2 85 10 90 39 8 7 60 90 74
23 20 68 83 92 65 91 9 73 51 36 2 71 61 9 94 72 25 3 90 13 61 96 70 91 17 7 90 49 6 55 3 39 86 26 51 98 40 66 29 80 99 15 79 34 54 31 18 35 78 6 53 32 25 46 90 93 18 0 30 5 9 20 55 4 6 78 81 31 77 70 90 38 37 100 60 31 64 57 67 79 74 69 73 62 74 23 64 83 41 92 91 79 55 50 11 29 7 51 20 99 79 3 71 88 41
93 43 54 92 69 67 44 7 11 97 85 95 94 13 57 87 12 3 82 32 66 87 52 77 92 8 46 5 71 56 73 15 46 16 44 29 8 90 60 27 33 22 91 39 37 42 19 34 87 55 7 23 100 79 50 32 86 50 30 0 28 44 39 83 34 25 62 17 51 41 17 44 48 49 82 2 67 3 74 52 61 8 55 100 50 96 48 89 80 88 59 33 84 6 100 6 52 11 96 73 71 44 96 92 49 37
11 22 51 59 17 59 50 68 36 13 57 71 42 47 63 85 61 95 3 98 41 97 37 50 57 0 39 15 66 63 43 13 65 89 29 15 90 66 32 39 11 81 13 23 8 43 86 18 41 8 8 66 82 23 96 65 98 65 5 28 0 69 30 73 25 64 77 85 28 22 62 47 1 77 21 85 38 44 98 20 63 2 0 92 15 85 99 27 36 21 1 25 15 68 70 81 68 57 82 11 15 87 78 37 97 85
100 2 2 82 31 98 61 8 63 36 23 78 9 45 63 37 41 2 34 26 46 85 73 53 66 76 75 76 67 17 93 87 100 49 9 4 18 64 11 59 71 47 74 71 39 36 29 16 78 39 33 40 58 64 38 12 69 65 9 44 69 0 16 41 71 0 16 49 95 63 37 6 15 15 22 52 15 68 22 70 85 30 70 72 4 56 26 33 72 55 13 20 6 38 17 48 42 37 54 39 58 34 48 35 56 6
24 71 15 26 71 19 13 52 93 16 78 64 29 39 0 87 95 39 42 85 27 98 17 89 27 63 15 8 67 85 68 18 23 57 67 64 12 82 68 26 16 30 94 29 51 26 81 58 84 55 58 86 5 84 43 0 96 38 20 39 30 16 0 95 10 56 76 52 15 73 25 11 51 26 56 0 53 17 80 61 49 66 2 28 15 7 62 84 88 5 61 57 5 62 93 81 61 75 80 19 48 32 45 3 2 87
96 39 100 63 64 19 90 72 21 37 67 100 99 83 63 1 96 77 48 49 93 81 41 8 65 64 15 63 17 80 44 89 59 13 85 14 55 26 47 10 37 62 34 98 39 71 58 71 94 91 30 7 1 96 6 41 55 100 55 83 73 41 95 0 4 6 74 86 93 34 67 54 44 87 22 83 95 33 36 20 92 86 100 31 82 15 66 26 73 1 84 88 72 0 37 30 17 96 0 30 19 62 65 28 39 8
41 31 68 71 44 16 54 75 98 52 95 2 54 56 25 3 23 57 2 37 65 63 74 44 96 35 53 73 11 87 89 27 29 57 21 17 28 11 18 52 16 83 57 85 9 68 54 51 84 78 7 80 76 27 70 15 81 91 4 34 25 71 10 4 0 4 82 68 47 23 58 74 100 94 97 64 38 75 8 48 93 29 9 45 53 44 73 44 44 69 4 63 81 0 51 95 34 20 97 89 36 45 61 11 71 80
48 62 70 86 6 22 78 21 54 48 24 34 76 43 77 52 71 61 89 1 76 21 90 77 37 15 86 9 70 66 6 2 63 48 82 45 0 83 45 23 31 52 37 83 11 50 69 85 82 13 24 77 12 61 53 85 64 50 6 25 64 0 56 6 4 0 0 55 91 73 84 43 90 15 86 88 3 35 8 6 2 66 26 3 59 11 89 90 64 13 79 93 74 7 5 47 84 2 22 84 52 80 78 1 61 79
8 89 17 42 50 39 43 58 55 43 22 91 10 8 48 64 42 17 54 78 20 77 49 98 42 31 79 57 72 10 44 55 71 96 37 92 45 23 58 53 49 21 34 57 0 26 28 32 58 50 53 68 5 40 37 30 23 71 78 62 77 16 76 74 82 0 0 37 48 88 64 55 15 38 79 68 71 54 91 66 58 86 35 36 11 45 37 50 30 7 39 22 56 97 0 61 14 99 48 97 12 15 63 47 25 77
65 47 69 26 20 9 91 72 42 48 57 99 92 84 69 98 4 9 33 76 28 80 53 34 39 41 72 2 29 55 75 64 86 29 46 63 38 30 51 53 36 73 88 73 81 28 58 49 27 55 43 92 89 17 82 15 31 95 81 17 85 49 52 86 68 55 37 0 17 51 35 73 28 92 22 7 49 52 57 5 35 56 72 31 23 30 7 30 10 16 91 22 35 39 17 79 11 78 12 19 95 24 53 90 20 41
29 13 30 16 54 61 41 11 41 1 33 9 84 26 61 58 73 85 77 37 36 21 7 62 78 51 90 84 42 30 31 3 96 72 84 84 89 82 46 83 25 87 5 42 23 37 30 82 38 8 12 17 99 39 43 97 82 95 31 51 28 95 15 93 47 91 48 17 0 85 27 5 18 96 97 44 35 92 84 40 89 72 85 71 49 43 8 52 78 82 64 33 73 65 91 62 49 93 11 17 98 15 31 3 1 78
45 70 34 69 88 30 62 18 5 3 89 47 91 77 17 18 85 54 10 83 88 90 66 93 72 83 19 15 78 40 88 71 72 63 49 59 51 58 79 92 62 35 61 43 26 21 16 12 13 69 79 88 15 7 96 56 2 61 77 41 22 63 73 34 23 73 88 51 85 0 1 7 50 47 91 33 6 86 59 63 31 87 35 16 94 86 77 61 34 64 23 62 54 33 18 30 98 21 60 24 26 71 96 8 92 95
80 93 13 34 97 58 42 13 51 44 31 14 20 57 34 79 84 80 24 3 45 99 51 31 71 16 30 78 33 26 87 5 87 17 64 82 36 39 65 2 25 27 62 79 23 3 7 31 28 55 82 33 54 62 76 67 48 69 70 17 62 37 25 67 58 84 64 35 27 1 0 87 49 0 29 19 72 46 69 21 9 59 12 32 35 60 63 55 87 96 65 89 47 64 76 25 43 19 15 50 91 39 31 47 25 36
80 69 22 84 94 65 67 41 42 49 26 5 3 41 57 13 35 76 36 30 12 19 17 15 97 69 98 2 32 70 77 88 52 43 20 13 28 43 52 87 70 89 64 60 22 20 56 46 92 12 24 6 35 4 50 11 9 70 90 44 47 6 11 54 74 43 55 73 5 7 87 0 92 11 67 48 99 48 9 83 84 49 35 55 38 16 6 24 100 72 57 96 17 14 89 64 52 55 34 83 60 37 64 48 65 72
56 53 73 18 33 28 19 28 35 47 72 60 96 91 76 76 48 100 16 94 56 1 74 27 52 69 14 70 70 27 39 56 20 18 37 14 54 49 91 26 51 66 100 2 64 43 91 45 15 98 39 77 34 78 25 83 11 99 38 48 1 15 51 44 100 90 15 28 18 50 49 92 0 10 20 53 92 26 41 1 52 26 84 18 90 65 53 12 45 4 90 47 69 54 68 21 57 15 92 83 70 31 96 51 34 12
75 54 64 18 15 44 43 44 40 46 91 30 22 28 39 72 50 48 11 13 19 83 28 77 74 84 66 21 82 6 47 64 42 47 4 74 68 27 18 76 43 19 49 44 23 52 68 81 1 11 76 27 85 35 92 26 41 14 37 49 77 15 26 87 94 15 38 92 96 47 0 11 10 0 27 99 44 58 33 2 71 39 1 94 64 100 38 34 13 27 59 59 31 21 46 56 54 55 82 36 91 21 7 70 33 36
29 12 74 57 36 31 33 32 52 90 26 91 53 6 66 53 41 35 48 89 76 37 29 25 66 90 12 84 16 20 6 40 19 98 91 35 67 25 90 34 78 29 2 13 91 26 97 15 36 18 78 17 3 96 10 79 76 76 100 82 21 22 56 22 97 86 79 22 97 91 29 67 20 27 0 90 34 26 37 46 72 100 29 15 96 9 57 29 29 15 50 69 59 85 10 36 49 13 94 24 64 15 3 35 76 65
41 75 91 72 82 84 31 62 78 73 59 64 25 42 7 79 93 47 53 21 53 33 55 94 11 84 73 59 36 97 24 13 44 80 66 22 4 34 94 37 44 39 14 17 90 87 65 20 6 11 84 98 39 92 16 13 70 36 60 2 85 52 0 83 64 88 68 7 44 33 19 48 53 99 90 0 18 100 63 98 46 57 94 84 80 49 48 29 28 84 17 24 70 71 69 55 16 8 99 38 32 25 64 61 71 29
6 18 96 30 23 33 15 92 4 98 86 82 69 78 48 68 62 76 96 4 26 82 61 4 13 77 74 98 41 48 14 12 94 55 31 16 17 4 54 18 40 2 66 6 40 80 74 76 76 40 26 39 29 46 8 87 96 25 31 67 38 15 53 95 38 3 71 49 35 6 72 99 92 44 34 18 0 42 44 35 16 90 20 87 78 14 15 79 84 38 32 6 86 59 5 83 30 24 29 55 34 55 51 63 96 1
27 1 51 88 88 71 41 92 63 16 95 19 40 9 4 32 97 82 15 60 12 65 15 82 55 42 9 52 36 19 53 10 20 80 42 94 84 68 65 99 68 56 27 10 100 84 88 38 35 82 70 32 28 28 81 81 75 93 64 3 44 68 17 33 75 35 54 52 92 86 46 48 26 58 26 100 42 0 92 11 62 19 5 32 36 14 43 15 33 99 8 61 55 37 98 52 79 100 46 45 62 63 25 35 61 30
87 40 19 26 61 90 65 89 50 81 22 87 94 79 60 52 63 64 40 2 57 35 22 45 97 71 24 69 68 31 69 55 88 3 7 94 76 70 29 74 46 43 75 51 99 93 42 93 14 10 55 98 35 2 36 15 68 50 57 74 98 22 80 36 8 8 91 57 84 59 69 9 41 33 37 63 44 92 0 6 52 80 70 42 63 84 50 85 34 40 32 73 67 92 53 31 55 3 9 61 35 98 72 100 28 98
50 5 78 60 28 62 26 87 93 86 25 4 20 96 72 21 71 36 5 11 45 19 2 26 35 1 10 71 54 53 24 91 87 62 4 73 95 34 6 8 41 22 28 54 26 41 51 44 42 50 27 46 76 43 67 84 25 45 67 52 20 70 61 20 48 6 66 5 40 63 21 83 1 2 46 98 35 11 6 0 92 63 47 44 70 91 7 45 51 7 87 96 51 17 57 52 89 1 51 88 64 14 25 29 78 32
93 62 63 95 22 69 7 17 29 37 77 93 24 20 35 86 11 72 33 24 14 83 0 83 52 54 100 86 88 14 70 52 50 65 13 7 66 78 42 49 25 81 65 67 12 58 47 39 1 65 57 25 3 86 43 4 90 31 79 61 63 85 49 92 93 2 58 35 89 31 9 84 52 71 72 46 16 62 52 92 0 98 65 0 1 6 87 7 47 55 27 13 82 11 20 89 39 95 57 6 26 85 6 37 9 53
89 85 39 37 25 37 74 61 42 51 69 10 98 16 37 92 71 19 61 39 57 23 94 56 62 72 54 76 84 9 55 56 29 58 13 25 34 15 73 39 50 14 98 57 29 9 85 93 60 61 84 49 12 59 80 60 59 61 74 8 2 30 66 86 29 66 86 56 72 87 59 49 26 39 100 57 90 19 80 63 98 0 70 48 30 0 9 84 45 19 36 67 43 78 73 94 34 86 82 7 39 75 18 2 98 82
34 92 35 1 40 53 37 82 33 45 8 78 31 90 0 9 46 72 56 50 26 14 38 56 79 47 55 69 88 79 75 59 54 16 68 44 28 56 93 95 51 47 19 21 79 50 21 12 18 27 76 11 73 55 90 77 56 75 69 55 0 70 2 100 9 26 35 72 85 35 12 35 84 1 29 94 20 5 70 47 65 70 0 70 75 91 57 99 65 53 98 68 3 98 90 60 55 3 6 95 5 4 70 17 84 7
1 26 32 36 27 78 28 69 47 10 82 76 87 8 83 88 58 50 36 47 57 8 87 54 1 30 63 93 68 96 26 44 57 30 10 46 64 83 38 93 50 78 34 50 98 25 96 84 17 50 78 92 38 39 82 62 74 10 73 100 92 72 28 31 45 3 36 31 71 16 32 55 18 94 15 84 87 32 42 44 0 48 70 0 10 96 63 89 72 69 90 73 61 1 25 5 13 54 48 3 21 87 68 31 3 12
1 2 22 20 52 95 88 75 82 37 35 3 92 15 5 9 14 2 86 42 17 33 22 19 95 44 32 3 0 37 29 83 67 51 5 47 81 78 0 93 4 16 43 79 19 38 15 13 33 93 22 86 30 79 18 22 41 74 62 50 15 4 15 82 53 59 11 23 49 94 35 38 90 64 96 80 78 36 63 70 1 30 75 10 0 65 90 62 14 30 30 36 37 78 77 96 61 10 67 67 23 73 44 85 32 27
42 53 91 83 37 58 84 75 37 31 57 52 76 77 48 31 83 42 21 54 44 36 43 15 74 18 10 0 59 46 53 62 7 100 16 8 91 71 43 27 64 34 22 72 17 92 70 40 0 88 30 49 69 19 25 69 32 63 74 96 85 56 7 15 44 11 45 30 43 86 60 16 65 100 9 49 14 14 84 91 6 0 91 96 65 0 15 54 66 4 55 50 27 76 47 85 94 13 25 6 69 96 56 14 46 13
86 84 46 7 4 73 19 21 81 54 38 99 26 61 99 95 65 82 33 39 51 66 4 18 16 33 85 32 31 41 53 7 33 37 91 70 100 93 19 9 77 32 75 88 35 97 91 81 15 15 57 12 89 89 84 3 63 97 23 48 99 26 62 66 73 89 37 7 8 77 63 6 53 38 57 48 15 43 50 7 87 9 57 63 90 15 0 2 90 76 40 74 97 59 90 50 98 49 75 87 13 93 28 6 56 62
41 97 12 35 16 24 48 57 97 42 40 79 100 96 85 35 34 64 55 79 58 58 4 69 68 45 17 29 67 48 1 4 69 88 86 54 85 10 79 91 75 18 92 83 47 85 13 87 38 42 92 37 8 99 38 35 61 63 64 89 27 33 84 26 44 90 50 30 52 61 55 24 12 34 29 29 79 15 85 45 7 84 99 89 62 54 2 0 49 94 48 50 32 78 86 66 29 96 51 64 37 21 85 77 60 15
71 91 85 77 41 74 7 93 41 60 6 77 82 33 0 82 7 97 51 27 5 74 72 95 35 44 55 21 93 35 63 35 56 45 27 90 42 32 79 49 2 91 15 98 35 76 98 32 91 96 22 36 14 91 49 90 24 82 83 80 36 72 88 73 44 64 30 10 78 34 87 100 45 13 29 28 84 33 34 51 47 45 65 72 14 66 90 49 0 30 22 73 8 24 63 100 41 53 91 43 2 56 86 28 8 88
69 38 68 44 73 87 94 91 7 28 88 25 75 26 69 44 6 58 75 95 59 68 60 53 82 78 17 74 91 65 2 33 48 48 63 36 59 8 80 83 9 30 82 67 5 68 0 68 4 36 1 57 94 24 32 28 10 15 41 88 21 55 5 1 69 13 7 16 82 64 96 72 4 27 15 84 38 99 40 7 55 19 53 69 30 4 76 94 30 0 38 26 41 57 11 18 34 52 73 33 88 54 51 53 93 87
48 41 62 2 98 88 56 48 36 66 10 15 4 81 75 11 81 25 57 4 97 52 21 59 83 80 97 30 31 43 9 14 74 56 45 51 95 18 42 59 60 92 64 85 94 98 1 1 98 75 56 9 53 35 35 25 14 68 92 59 1 13 61 84 4 79 39 91 64 23 65 57 90 59 50 17 32 8 32 87 27 36 98 90 30 55 40 48 22 38 0 9 69 81 97 60 35 76 89 9 16 29 59 9 12 51
53 85 49 5 80 0 47 38 80 97 10 52 89 94 6 11 47 56 85 58 92 66 16 13 49 55 38 90 12 49 79 71 46 53 25 52 35 77 70 50 89 79 87 89 74 85 58 9 96 91 91 73 79 88 77 8 37 35 91 33 25 20 57 88 63 93 22 22 33 62 89 96 47 59 69 24 6 61 73 96 13 67 68 73 36 50 74 50 73 26 9 0 91 61 40 35 32 12 8 62 9 95 48 94 83 53
87 95 56 54 81 7 88 35 6 7 24 34 59 34 59 41 20 33 92 1 88 44 17 51 69 13 90 48 48 64 91 10 9 56 49 81 40 84 28 3 95 89 94 1 33 84 29 54 9 19 49 96 5 4 55 9 69 9 79 84 15 6 5 72 81 74 56 35 73 54 47 17 69 31 59 70 86 55 67 51 82 43 3 61 37 27 97 32 8 41 69 91 0 25 0 80 100 13 84 86 17 36 89 98 87 70
92 81 28 79 58 18 0 10 21 5 26 15 51 34 89 10 74 85 24 91 87 44 98 16 72 34 64 6 39 50 33 93 29 93 32 51 61 89 83 24 23 49 79 84 34 0 88 22 70 41 54 15 72 10 13 9 13 21 55 6 68 38 62 0 0 7 97 39 65 33 64 14 54 21 85 71 59 37 92 17 11 78 98 1 78 76 59 78 24 57 81 61 25 0 80 83 43 40 97 93 58 54 66 2 100 61
71 83 3 24 61 7 91 50 20 69 55 73 31 37 8 20 88 63 46 87 88 26 43 7 76 69 11 49 18 38 70 22 74 2 92 61 76 10 1 82 36 58 52 10 76 3 10 70 3 59 47 39 99 7 69 46 69 90 50 100 70 17 93 37 51 5 0 17 91 18 76 89 68 46 10 69 5 98 53 57 20 73 90 25 77 47 90 86 63 11 97 40 0 80 0 26 93 53 55 79 45 18 31 10 50 86
13 46 50 100 27 34 15 28 87 52 79 65 64 50 23 77 43 89 60 48 56 36 86 99 98 82 55 5 66 60 45 93 71 50 24 56 55 10 35 19 9 74 12 7 88 97 76 33 1 43 50 54 26 38 60 61 13 89 11 6 81 48 81 30 95 47 61 79 62 30 25 64 21 56 36 55 83 52 31 52 89 94 60 5 96 85 50 66 100 18 60 35 80 83 26 0 0 62 78 55 82 66 14 12 49 99
5 41 49 29 29 12 80 100 58 53 73 1 58 48 1 80 35 0 11 17 74 93 80 52 3 12 13 75 92 46 33 20 34 0 78 53 53 46 84 86 43 90 66 87 10 56 88 80 86 91 22 59 11 32 18 77 78 2 29 52 68 42 61 17 34 84 14 11 49 98 43 52 57 54 49 16 30 79 55 89 39 34 55 13 61 94 98 29 41 34 35 32 100 43 93 0 0 84 100 88 91 58 13 59 68 13
20 9 4 74 22 44 65 72 55 12 40 88 100 90 100 65 80 33 33 56 89 34 78 66 53 35 81 87 29 56 89 0 87 52 64 15 42 27 66 61 82 83 66 59 36 100 79 78 91 95 58 68 42 4 68 66 43 85 7 11 57 37 75 96 20 2 99 78 93 21 19 55 15 55 13 8 24 100 3 1 95 86 3 54 10 13 49 96 53 52 76 12 13 40 53 62 84 0 14 68 99 72 55 84 40 27
76 90 95 72 63 8 13 14 35 17 87 95 64 1 63 96 15 0 25 47 40 4 79 38 83 1 16 23 98 55 71 15 17 28 69 46 28 8 7 92 31 13 79 83 67 38 18 93 94 50 37 93 15 72 14 12 76 10 51 96 82 54 80 0 97 22 48 12 11 60 15 34 92 82 94 99 29 46 9 51 57 82 6 48 67 25 75 51 91 73 89 8 84 97 55 78 100 14 0 34 32 9 25 63 56 97
85 11 75 25 74 33 68 6 52 18 79 39 21 13 50 4 14 40 50 25 17 43 55 79 75 59 97 40 38 85 83 25 42 9 69 73 64 4 46 33 14 26 71 55 29 70 32 4 10 30 40 97 78 86 93 33 55 90 20 73 11 39 19 30 89 84 97 19 17 24 50 83 83 36 24 38 55 45 61 88 6 7 95 3 67 6 87 64 43 33 9 62 86 93 79 55 88 68 34 0 78 60 1 81 56 96
20 84 13 0 92 32 92 15 48 65 4 72 65 9 48 45 60 17 23 94 50 35 94 22 18 23 33 11 40 42 93 2 66 23 11 89 79 7 91 8 76 21 99 13 23 56 92 61 36 61 29 5 69 99 10 72 100 39 99 71 15 58 48 19 36 52 12 95 98 26 91 60 70 91 64 32 34 62 35 64 26 39 5 21 23 69 13 37 2 88 16 9 17 58 45 82 91 99 32 78 0 14 37 49 72 19
45 37 28 34 37 3 67 74 83 82 0 4 67 43 23 73 33 62 78 29 0 26 18 10 0 17 92 37 2 0 37 94 53 3 88 79 7 37 50 13 19 67 98 4 91 61 68 82 59 16 98 54 14 30 3 7 46 8 79 44 87 34 32 62 45 80 15 24 15 71 39 37 31 21 15 25 55 63 98 14 85 75 4 87 73 96 93 21 56 54 29 95 36 54 18 66 58 72 9 60 14 0 98 46 26 48
50 71 50 76 2 30 38 92 56 53 21 11 6 93 97 24 4 91 50 13 52 33 50 68 8 45 82 98 25 28 18 96 20 69 44 33 83 33 4 50 39 45 95 40 56 66 97 61 63 32 51 52 94 5 21 3 29 7 3 96 78 48 45 65 61 78 63 53 31 96 31 64 96 7 3 64 51 25 72 25 6 18 70 68 44 56 28 85 86 51 59 48 89 66 31 14 13 55 25 1 37 98 0 42 28 98
86 54 95 66 51 75 84 61 96 31 89 26 1 3 61 47 69 69 90 74 49 91 6 32 1 2 80 48 98 27 91 9 94 37 40 90 57 23 98 89 67 98 65 30 71 87 78 70 99 4 35 37 2 6 64 69 37 60 71 92 37 35 3 28 11 1 47 90 3 8 47 48 51 70 35 61 63 35 100 29 37 2 17 31 85 14 6 77 28 53 9 94 98 2 10 12 59 84 63 81 49 46 42 0 93 60
35 94 61 88 55 36 13 42 89 59 77 79 34 10 15 6 96 61 16 49 66 95 88 43 81 81 48 98 37 49 86 96 61 38 59 98 23 78 56 40 71 76 85 86 67 74 33 4 89 100 84 80 46 6 46 91 84 90 88 49 97 56 2 39 71 61 25 20 1 92 25 65 34 33 76 71 96 61 28 78 9 98 84 3 32 46 56 60 8 93 12 83 87 100 50 49 68 40 56 56 72 26 28 93 0 73
11 59 21 4 37 43 49 95 18 42 37 98 74 12 2 77 18 24 55 33 27 98 3 66 93 48 22 71 3 30 19 64 15 25 39 5 68 49 50 26 39 23 72 61 67 19 17 85 21 18 65 68 66 44 61 81 2 74 41 37 85 6 87 8 80 79 77 41 78 95 36 72 12 36 65 29 1 30 98 32 53 82 7 12 27 13 62 15 88 87 51 53 70 61 86 99 13 27 97 96 19 48 98 60 73 0
