110 6
0 37 25 88 24 8 70 95 72 54 67 27 87 91 3 33 50 19 81 93 71 96 34 61 57 78 20 24 79 54 23 25 42 61 27 41 52 6 45 48 50 29 98 60 34 22 52 21 49 93 75 55 97 70 22 57 89 40 68 4 60 17 38 33 87 75 81 45 98 26 64 4 39 83 31 5 62 8 9 7 7 73 68 42 99 52 82 84 57 80 92 64 85 41 72 74 61 90 83 58 7 50 30 59 29 41 77 47 13 76
0 37 68 72 38 16 84 81 13 50 18 22 33 99 15 43 37 5 15 33 42 18 62 84 71 52 87 68 87 99 66 56 26 65 28 57 55 75 88 37 70 62 53 84 54 87 74 34 21 21 56 16 91 52 24 16 60 7 73 95 99 32 49 41 16 77 22 52 39 80 64 97 50 3 81 30 49 79 71 41 35 64 89 52 71 92 81 78 95 36 39 62 82 74 93 19 24 13 74 67 80 36 29 45 89 24 13 81 34 100 84
37 0 32 6 79 42 17 58 99 79 85 28 60 95 15 66 54 28 36 86 10 64 52 23 95 64 72 56 86 7 62 10 80 19 38 23 0 85 1 45 55 46 54 79 17 85 2 41 1 65 95 86 88 33 89 90 21 87 78 95 31 24 92 33 43 55 98 58 70 65 3 61 37 85 14 82 41 56 63 30 75 69 37 93 30 41 72 20 76 58 91 79 35 56 80 72 51 51 71 45 60 59 2 4 70 59 13 87 25 59 37
68 32 0 4 30 50 51 66 21 23 71 59 73 64 74 92 97 54 40 98 65 5 6 37 37 63 73 84 39 10 98 11 62 12 50 81 84 35 76 62 99 19 69 69 59 61 24 71 97 94 73 5 10 58 84 14 55 77 41 3 84 4 41 23 92 100 40 17 90 24 74 75 6 97 48 11 85 71 27 96 61 60 34 30 13 28 20 63 20 47 29 5 98 43 71 58 23 72 94 78 56 54 35 85 94 12 14 38 27 45 34
72 6 4 0 8 83 56 48 60 36 47 61 1 21 47 74 7 48 68 14 77 59 83 63 78 50 88 83 65 97 25 98 17 53 32 27 90 97 49 52 51 40 80 0 4 32 7 18 49 9 82 17 97 75 15 56 29 63 98 74 57 11 4 90 39 30 74 14 59 16 5 64 9 73 7 86 25 72 89 8 50 95 42 66 44 26 44 77 7 77 67 1 37 12 66 36 6 77 34 53 96 6 96 48 88 86 37 74 9 1 9
38 79 30 8 0 15 14 95 73 90 99 66 52 70 20 70 0 47 3 56 15 70 28 19 74 16 39 99 30 46 8 77 24 82 63 16 95 9 77 100 46 23 6 70 51 86 67 6 60 7 62 91 42 52 37 78 3 71 82 15 93 29 22 80 93 99 99 31 59 93 47 85 30 27 27 87 34 58 75 14 67 2 20 84 35 85 63 31 65 55 68 30 92 83 71 26 81 69 94 46 79 48 32 81 80 33 49 93 15 41 73
16 42 50 83 15 0 36 22 11 40 44 32 45 91 22 58 43 66 37 65 14 32 2 40 76 13 46 28 93 6 23 73 20 56 90 93 48 48 0 67 100 89 36 32 63 56 71 55 32 55 32 47 80 53 67 82 31 48 84 63 55 84 36 42 56 35 18 44 28 5 40 26 94 42 100 44 81 41 9 14 33 48 66 70 50 29 33 49 11 22 75 96 22 94 88 96 41 20 6 97 67 50 51 90 60 45 49 79 61 54 43
84 17 51 56 14 36 0 1 47 87 1 34 98 84 21 81 76 9 47 55 52 96 64 12 48 34 46 67 2 48 4 83 78 66 15 14 65 28 58 30 68 22 7 93 45 24 63 87 46 36 49 18 76 100 56 60 37 30 74 86 57 81 10 56 75 62 83 94 5 22 60 63 36 89 38 53 81 96 69 4 63 35 19 17 19 21 59 83 96 43 32 8 2 47 75 5 20 91 15 65 7 16 92 78 30 49 20 31 41 89 19
81 58 66 48 95 22 1 0 62 6 2 2 1 64 73 7 73 62 64 90 40 3 48 14 37 99 10 0 35 70 42 19 89 8 29 83 77 98 69 52 1 16 93 66 37 53 75 67 9 78 44 75 16 98 74 79 22 48 86 89 68 50 42 75 56 53 31 83 81 99 95 79 66 9 84 27 57 3 74 6 84 19 70 42 95 99 91 74 61 52 93 3 63 46 39 10 23 53 14 89 83 29 27 34 36 46 55 5 54 5 48
13 99 21 60 73 11 47 62 0 73 1 74 43 37 79 66 99 99 71 77 25 96 29 94 23 39 22 64 16 6 76 74 88 75 48 10 82 86 87 5 95 76 2 66 33 79 10 10 60 63 86 48 100 81 65 37 18 64 7 100 20 19 28 73 14 64 18 89 98 57 14 21 73 74 90 17 64 4 28 14 42 95 70 58 85 22 100 12 0 23 75 10 60 78 18 44 84 60 96 78 34 64 96 29 52 31 29 36 0 64 1
50 79 23 36 90 40 87 6 73 0 91 92 18 73 50 74 4 69 82 86 10 57 2 75 27 75 56 39 40 41 25 45 33 11 89 21 98 50 13 73 57 82 22 65 79 73 55 33 1 3 4 12 70 71 55 2 78 50 32 58 29 94 14 28 9 57 39 38 8 30 33 63 56 47 57 22 0 67 42 75 21 65 74 9 93 47 70 64 72 14 1 74 41 26 50 78 88 72 78 74 75 67 58 100 94 91 32 100 66 76 93
18 85 71 47 99 44 1 2 1 91 0 83 78 35 85 61 37 97 33 9 0 93 50 49 24 84 95 19 95 34 42 88 45 9 21 59 12 1 84 50 9 79 67 25 98 37 57 99 32 56 84 54 70 26 41 88 10 100 90 79 32 22 10 40 51 85 47 4 39 17 48 13 69 81 99 75 46 22 48 24 35 71 88 69 73 49 51 6 5 42 60 0 62 60 66 39 37 21 21 79 98 4 77 52 58 95 4 100 68 81 52
22 28 59 61 66 32 34 2 74 92 83 0 93 67 5 42 15 28 24 76 56 20 71 98 38 66 63 45 21 69 96 91 78 49 5 50 32 60 62 51 3 33 45 87 37 100 18 35 51 68 28 53 24 100 47 47 99 65 1 74 57 44 66 65 37 95 5 71 26 7 58 97 1 11 78 76 100 92 38 70 61 41 79 65 92 66 30 99 31 61 55 51 84 5 53 29 36 41 19 59 89 81 15 97 59 88 82 32 18 31 8
33 60 73 1 52 45 98 1 43 18 78 93 0 56 29 22 34 36 59 38 34 54 7 80 53 21 47 60 80 65 64 50 92 45 86 69 35 16 34 69 37 90 30 99 99 77 38 54 97 31 96 36 60 33 82 51 58 95 85 75 72 89 65 12 7 26 97 73 5 22 89 40 76 78 91 70 30 28 10 10 20 15 26 96 99 20 95 6 91 20 41 95 10 47 20 8 78 100 85 35 74 66 10 17 43 94 7 24 37 75 49
99 95 64 21 70 91 84 64 37 73 35 67 56 0 43 86 34 7 70 84 8 91 57 53 62 99 99 43 58 31 19 60 4 37 56 19 44 23 63 15 81 75 30 8 18 40 54 92 65 72 99 8 6 97 4 29 82 38 71 35 29 0 76 24 39 59 64 7 24 29 61 37 90 52 24 24 53 77 0 100 2 37 77 86 31 69 16 51 50 45 53 27 9 60 71 84 55 20 3 65 44 25 86 56 27 68 86 48 55 86 68
15 15 74 47 20 22 21 73 79 50 85 5 29 43 0 86 18 24 98 99 66 82 8 84 86 6 96 38 95 78 62 75 5 41 14 42 83 55 70 71 80 71 93 11 14 2 71 21 69 26 55 66 21 4 71 19 24 7 17 10 99 57 3 5 60 96 7 73 25 1 17 33 39 6 46 42 74 96 18 14 74 89 49 59 2 4 27 94 85 61 76 12 11 76 50 10 69 65 82 99 26 71 21 35 65 16 50 63 0 31 65
43 66 92 74 70 58 81 7 66 74 61 42 22 86 86 0 11 9 23 29 30 81 13 73 2 6 40 64 49 97 98 76 33 92 45 27 26 77 35 47 96 3 41 9 56 72 19 76 98 34 57 7 97 41 18 74 72 46 17 72 89 96 63 100 69 71 75 58 2 30 51 38 44 36 98 71 21 9 92 70 82 74 1 58 64 48 28 56 12 38 99 98 21 45 62 68 67 73 10 39 45 86 38 25 52 25 42 77 100 94 76
37 54 97 7 0 43 76 73 99 4 37 15 34 34 18 11 0 80 62 26 59 25 66 59 98 82 8 86 71 29 35 52 39 66 71 39 64 23 21 30 84 70 59 47 20 72 8 27 79 50 19 7 97 36 22 18 83 74 22 86 11 80 22 80 24 99 65 57 70 93 58 38 82 29 56 93 33 38 29 39 43 46 75 24 11 72 65 58 53 76 98 99 38 98 68 38 32 79 62 62 21 62 92 53 63 48 69 5 34 93 50
5 28 54 48 47 66 9 62 99 69 97 28 36 7 24 9 80 0 56 29 42 38 88 60 78 62 67 77 28 74 51 75 21 69 16 24 77 72 70 17 92 33 24 78 75 78 61 99 50 1 68 37 62 49 28 35 52 13 85 47 83 32 55 93 42 100 86 72 97 3 42 22 88 84 71 60 75 47 39 10 4 72 69 69 23 38 44 73 36 65 37 57 31 96 65 72 59 59 53 42 12 65 78 31 63 15 18 1 86 74 79
15 36 40 68 3 37 47 64 71 82 33 24 59 70 98 23 62 56 0 5 57 56 77 8 59 87 47 97 18 51 22 42 80 39 35 39 98 56 97 2 100 37 43 3 78 89 38 9 44 99 23 26 22 34 64 12 97 4 6 3 70 88 5 34 43 95 7 81 21 45 84 67 13 21 29 48 44 23 44 98 75 76 68 63 54 45 3 6 66 5 2 39 95 76 55 4 75 67 9 21 83 81 86 42 65 82 68 81 39 59 80
33 86 98 14 56 65 55 90 77 86 9 76 38 84 99 29 26 29 5 0 13 30 62 88 76 52 52 83 25 97 90 2 75 75 33 83 78 32 58 92 84 23 85 6 36 1 69 93 69 3 39 48 59 84 37 76 79 47 25 5 73 64 77 78 74 36 69 40 57 4 8 97 67 85 68 96 54 59 10 56 86 33 63 56 87 14 41 87 54 17 38 6 41 23 24 67 59 100 57 19 77 51 29 35 30 10 70 93 90 91 7
42 10 65 77 15 14 52 40 25 10 0 56 34 8 66 30 59 42 57 13 0 15 45 71 89 15 99 74 78 56 90 12 28 15 62 45 88 36 59 7 92 8 48 97 45 85 82 21 74 70 83 69 25 98 53 70 15 35 35 18 31 2 67 6 17 15 59 45 28 18 75 62 4 0 26 29 18 54 93 71 97 24 81 94 74 20 46 60 30 56 6 29 76 68 57 22 61 70 97 69 39 79 66 2 88 15 13 41 64 72 44
18 64 5 59 70 32 96 3 96 57 93 20 54 91 82 81 25 38 56 30 15 0 11 86 44 57 15 15 40 40 93 51 57 45 82 35 5 76 53 35 1 49 41 100 32 20 94 11 23 32 64 98 87 23 92 75 79 23 89 35 90 31 89 28 34 93 27 7 22 61 95 54 55 23 87 43 20 80 11 40 63 43 91 47 56 83 35 61 72 43 8 67 52 29 97 41 3 54 55 79 10 96 85 51 1 56 20 63 73 43 3
62 52 6 83 28 2 64 48 29 2 50 71 7 57 8 13 66 88 77 62 45 11 0 68 5 4 62 59 21 42 100 87 8 0 33 53 50 99 64 50 63 57 27 98 11 93 11 21 2 94 4 3 92 68 57 0 94 86 19 2 78 17 57 58 30 78 22 37 49 87 77 65 91 97 91 80 54 74 49 71 51 66 63 72 51 43 84 11 66 19 73 57 70 100 11 12 53 19 49 77 87 80 45 26 46 99 36 70 10 6 77
84 23 37 63 19 40 12 14 94 75 49 98 80 53 84 73 59 60 8 88 71 86 68 0 28 81 32 21 22 65 82 53 52 93 37 40 52 60 84 33 6 81 45 48 27 81 37 31 100 1 92 77 81 23 80 5 10 20 95 53 39 47 15 62 81 48 17 93 99 49 25 98 88 14 13 35 23 98 21 21 17 98 31 100 96 2 82 62 16 99 56 25 54 55 23 48 7 61 85 94 79 98 29 32 25 46 85 24 54 18 42
71 95 37 78 74 76 48 37 23 27 24 38 53 62 86 2 98 78 59 76 89 44 5 28 0 51 68 86 50 56 39 15 31 73 58 54 59 92 36 85 18 96 16 58 41 50 16 30 60 22 25 58 98 84 49 56 76 62 31 35 97 93 37 55 1 28 39 72 95 85 38 64 19 82 47 84 86 69 83 95 92 32 19 56 39 96 68 6 71 90 16 45 16 15 54 63 75 56 13 32 13 2 91 46 61 1 54 37 74 23 94
52 64 63 50 16 13 34 99 39 75 84 66 21 99 6 6 82 62 87 52 15 57 4 81 51 0 47 46 2 76 74 47 99 82 99 73 79 93 30 30 65 61 89 37 45 20 70 77 92 86 12 2 58 39 27 10 48 69 21 37 76 48 59 55 39 19 50 65 47 14 86 89 94 10 22 40 17 14 75 30 12 26 56 39 65 35 17 28 82 30 6 22 21 22 15 76 68 1 55 92 3 25 90 31 14 19 70 70 23 24 10
87 72 73 88 39 46 46 10 22 56 95 63 47 99 96 40 8 67 47 52 99 15 62 32 68 47 0 36 83 64 24 74 41 21 72 23 33 84 92 73 57 31 38 66 10 96 34 12 52 54 84 8 40 42 5 62 97 34 59 98 61 59 17 11 10 24 29 13 27 0 24 55 56 20 76 22 14 38 74 3 98 92 0 10 41 62 32 19 71 71 88 28 28 94 89 98 12 64 87 73 100 75 72 15 97 57 88 34 73 13 84
68 56 84 83 99 28 67 0 64 39 19 45 60 43 38 64 86 77 97 83 74 15 59 21 86 46 36 0 16 11 89 99 41 17 88 73 16 7 96 80 16 12 16 82 86 80 33 10 16 53 24 75 22 52 78 45 87 95 27 66 24 56 30 53 41 35 4 63 27 97 11 52 25 28 88 17 41 38 9 13 10 61 33 93 17 11 7 81 10 94 45 97 97 73 47 28 84 88 18 45 2 93 99 96 22 82 9 70 89 62 0
87 86 39 65 30 93 2 35 16 40 95 21 80 58 95 49 71 28 18 25 78 40 21 22 50 2 83 16 0 15 29 6 14 33 12 53 67 98 90 97 65 89 13 83 12 36 70 32 86 39 1 94 62 86 11 72 67 80 67 48 46 31 83 89 41 3 89 63 37 80 51 98 95 24 33 58 95 29 36 17 40 54 54 13 78 51 40 99 46 32 85 18 57 80 73 43 2 81 28 72 11 32 1 99 16 55 52 81 71 92 69
99 7 10 97 46 6 48 70 6 41 34 69 65 31 78 97 29 74 51 97 56 40 42 65 56 76 64 11 15 0 19 51 18 2 61 86 3 9 73 63 73 32 73 78 41 57 13 0 7 52 90 67 71 52 31 54 89 44 2 19 22 87 44 50 13 47 44 19 93 55 43 55 77 82 78 33 99 40 98 45 95 62 42 65 67 74 10 20 80 7 36 33 14 46 24 24 32 43 38 96 55 74 56 43 11 22 2 75 73 66 15
66 62 98 25 8 23 4 42 76 25 42 96 64 19 62 98 35 51 22 90 90 93 100 82 39 74 24 89 29 19 0 56 32 0 59 73 78 93 13 73 99 37 92 29 97 97 8 63 87 61 60 14 88 81 5 45 29 65 17 76 94 68 55 37 97 90 31 36 85 26 89 61 7 81 15 84 19 82 21 67 52 12 36 84 83 19 4 58 52 60 29 20 59 57 72 80 47 63 78 88 67 9 8 42 15 93 75 87 43 93 32
56 10 11 98 77 73 83 19 74 45 88 91 50 60 75 76 52 75 42 2 12 51 87 53 15 47 74 99 6 51 56 0 98 3 0 60 90 74 19 71 28 34 15 25 38 62 28 70 62 68 27 43 44 0 27 43 21 83 35 61 37 75 68 45 2 9 38 67 66 20 24 60 4 68 80 52 6 66 36 5 10 99 70 57 21 32 90 14 96 69 48 99 57 54 65 44 51 5 87 88 11 73 70 62 95 63 11 77 81 13 86
26 80 62 17 24 20 78 89 88 33 45 78 92 4 5 33 39 21 80 75 28 57 8 52 31 99 41 41 14 18 32 98 0 2 93 76 73 65 61 55 0 1 49 35 17 31 2 46 73 4 79 100 13 13 32 43 33 7 72 73 2 62 4 50 19 49 74 52 34 61 89 1 28 66 63 23 99 16 8 33 99 68 17 39 7 13 80 67 71 57 70 58 52 59 45 14 12 36 28 65 66 49 74 46 45 37 84 53 41 71 20
65 19 12 53 82 56 66 8 75 11 9 49 45 37 41 92 66 69 39 75 15 45 0 93 73 82 21 17 33 2 0 3 2 0 80 18 69 87 20 85 85 45 89 68 72 38 85 85 86 10 100 83 64 97 74 79 77 92 99 22 80 1 19 98 94 55 29 12 1 48 82 44 98 11 27 74 24 46 29 19 36 2 69 97 38 93 96 9 10 43 28 100 19 20 28 55 9 86 37 8 43 99 61 48 5 29 100 7 12 74 13
28 38 50 32 63 90 15 29 48 89 21 5 86 56 14 45 71 16 35 33 62 82 33 37 58 99 72 88 12 61 59 0 93 80 0 31 24 98 25 86 94 60 78 49 65 87 13 96 53 98 74 69 45 45 1 97 20 16 30 74 4 54 17 57 77 43 97 16 71 14 6 72 22 81 89 5 47 22 59 95 28 0 33 70 82 26 12 38 84 58 89 63 42 5 82 19 86 62 20 77 90 13 57 10 79 98 13 7 68 45 91
57 23 81 27 16 93 14 83 10 21 59 50 69 19 42 27 39 24 39 83 45 35 53 40 54 73 23 73 53 86 73 60 76 18 31 0 89 68 0 79 95 71 21 3 91 70 47 17 13 83 99 100 93 53 23 13 63 93 69 22 11 46 29 19 19 58 79 61 44 59 8 54 78 83 67 15 3 15 67 64 50 31 64 23 38 79 9 43 82 41 81 90 70 57 45 93 92 36 63 50 44 14 0 8 68 32 11 45 85 43 22
55 0 84 90 95 48 65 77 82 98 12 32 35 44 83 26 64 77 98 78 88 5 50 52 59 79 33 16 67 3 78 90 73 69 24 89 0 75 34 96 58 69 50 22 32 60 40 62 10 20 82 71 1 9 99 93 31 53 29 80 39 26 64 46 42 84 34 24 28 35 90 15 7 27 40 63 79 19 55 69 65 3 18 62 35 86 77 20 43 17 48 94 65 51 28 32 7 24 98 50 81 82 51 95 50 23 40 9 16 99 76
75 85 35 97 9 48 28 98 86 50 1 60 16 23 55 77 23 72 56 32 36 76 99 60 92 93 84 7 98 9 93 74 65 87 98 68 75 0 52 64 86 20 91 4 53 92 16 45 45 87 42 59 5 73 9 29 57 22 85 15 50 24 88 100 38 0 0 43 69 60 86 57 94 42 50 60 22 63 94 76 37 21 66 33 88 14 40 15 94 88 92 41 50 19 80 6 67 83 78 3 9 44 15 62 30 58 97 40 0 42 66
88 1 76 49 77 0 58 69 87 13 84 62 34 63 70 35 21 70 97 58 59 53 64 84 36 30 92 96 90 73 13 19 61 20 25 0 34 52 0 43 75 94 93 0 48 31 57 43 14 77 30 14 71 54 54 32 80 50 77 36 14 76 45 30 73 33 82 83 81 89 61 34 47 64 8 99 32 36 56 56 6 5 71 43 33 48 51 86 22 25 18 16 87 90 44 4 49 23 87 41 86 44 30 84 45 15 30 27 75 22 81
37 45 62 52 100 67 30 52 5 73 50 51 69 15 71 47 30 17 2 92 7 35 50 33 85 30 73 80 97 63 73 71 55 85 86 79 96 64 43 0 81 21 77 57 11 35 58 9 98 88 37 85 63 51 26 87 12 88 73 81 54 90 3 40 96 86 70 73 3 44 65 6 6 3 79 21 87 71 80 90 4 71 37 28 86 90 70 97 89 53 98 21 43 55 83 14 61 92 3 44 82 16 97 95 83 40 76 48 33 23 79
70 55 99 51 46 100 68 1 95 57 9 3 37 81 80 96 84 92 100 84 92 1 63 6 18 65 57 16 65 73 99 28 0 85 94 95 58 86 75 81 0 81 1 50 96 33 22 65 20 93 31 44 66 12 35 21 2 23 93 8 53 15 1 35 1 95 49 66 29 22 50 36 9 49 59 12 30 5 43 11 7 81 0 61 28 51 97 72 30 37 22 24 94 68 28 10 67 69 13 88 31 35 57 21 69 37 28 57 5 51 86
62 46 19 40 23 89 22 16 76 82 79 33 90 75 71 3 70 33 37 23 8 49 57 81 96 61 31 12 89 32 37 34 1 45 60 71 69 20 94 21 81 0 76 94 75 90 77 2 23 51 74 74 67 45 39 52 28 21 78 62 64 65 90 28 80 34 23 0 16 61 82 14 61 95 67 45 2 49 79 67 26 38 65 72 4 15 95 40 44 55 69 74 36 49 8 96 5 4 70 55 36 98 45 12 81 29 26 27 6 43 1
53 54 69 80 6 36 7 93 2 22 67 45 30 30 93 41 59 24 43 85 48 41 27 45 16 89 38 16 13 73 92 15 49 89 78 21 50 91 93 77 1 76 0 39 36 92 79 88 59 39 68 6 47 33 83 61 19 41 18 50 84 4 79 12 21 92 48 7 17 14 54 15 29 5 3 40 86 64 60 57 32 64 69 47 33 80 50 86 70 98 45 70 81 56 38 0 42 46 42 51 74 55 71 89 48 2 48 91 37 75 54
84 79 69 0 70 32 93 66 66 65 25 87 99 8 11 9 47 78 3 6 97 100 98 48 58 37 66 82 83 78 29 25 35 68 49 3 22 4 0 57 50 94 39 0 36 13 15 45 10 56 43 97 90 79 15 27 88 21 36 94 1 4 59 36 40 50 58 86 15 96 44 23 42 91 14 13 52 40 43 100 45 15 62 21 93 22 18 16 88 36 77 57 2 77 8 50 36 92 52 26 90 14 66 20 95 52 64 64 74 63 67
54 17 59 4 51 63 45 37 33 79 98 37 99 18 14 56 20 75 78 36 45 32 11 27 41 45 10 86 12 41 97 38 17 72 65 91 32 53 48 11 96 75 36 36 0 55 13 28 52 43 16 81 8 26 82 73 71 92 66 32 89 97 26 7 64 45 46 22 75 11 25 67 87 97 33 53 8 67 15 44 2 14 40 23 69 46 36 77 6 73 73 93 30 35 32 43 76 65 67 49 46 39 62 53 96 5 21 83 54 98 52
87 85 61 32 86 56 24 53 79 73 37 100 77 40 2 72 72 78 89 1 85 20 93 81 50 20 96 80 36 57 97 62 31 38 87 70 60 92 31 35 33 90 92 13 55 0 9 46 98 15 60 69 17 55 66 31 53 100 57 17 22 74 17 51 25 70 12 77 23 3 88 78 62 98 41 74 72 32 33 40 78 82 60 49 63 93 69 73 29 6 39 48 40 28 31 71 91 96 1 70 79 77 53 50 12 73 69 13 43 71 99
74 2 24 7 67 71 63 75 10 55 57 18 38 54 71 19 8 61 38 69 82 94 11 37 16 70 34 33 70 13 8 28 2 85 13 47 40 16 57 58 22 77 79 15 13 9 0 64 21 99 9 41 43 32 100 60 1 39 61 50 33 70 34 42 29 0 37 94 79 97 90 63 95 22 83 62 63 97 54 8 81 86 38 65 56 89 53 24 92 2 99 48 39 62 3 57 15 87 2 68 17 1 37 35 37 49 75 8 89 90 17
34 41 71 18 6 55 87 67 10 33 99 35 54 92 21 76 27 99 9 93 21 11 21 31 30 77 12 10 32 0 63 70 46 85 96 17 62 45 43 9 65 2 88 45 28 46 64 0 0 57 3 6 10 70 28 59 72 25 4 95 5 54 20 37 4 16 55 72 88 96 97 84 57 17 36 31 1 73 75 8 56 25 100 80 75 97 54 95 46 70 23 91 10 89 59 58 87 53 43 14 50 17 30 80 64 31 79 10 15 14 86
21 1 97 49 60 32 46 9 60 1 32 51 97 65 69 98 79 50 44 69 74 23 2 100 60 92 52 16 86 7 87 62 73 86 53 13 10 45 14 98 20 23 59 10 52 98 21 0 0 6 34 78 91 69 98 19 49 76 25 99 18 38 64 98 25 72 55 3 100 6 99 79 74 26 37 52 43 43 0 4 24 87 34 59 65 62 54 52 62 34 92 94 48 9 18 19 24 20 14 92 41 80 71 33 25 6 57 54 12 81 97
21 65 94 9 7 55 36 78 63 3 56 68 31 72 26 34 50 1 99 3 70 32 94 1 22 86 54 53 39 52 61 68 4 10 98 83 20 87 77 88 93 51 39 56 43 15 99 57 6 0 5 51 55 27 71 29 9 23 19 74 77 27 66 92 42 76 31 39 24 15 39 21 72 60 89 19 36 56 6 44 12 73 99 54 100 56 1 9 78 88 60 10 14 94 37 89 62 5 77 77 81 64 97 74 5 50 78 33 76 58 74
56 95 73 82 62 32 49 44 86 4 84 28 96 99 55 57 19 68 23 39 83 64 4 92 25 12 84 24 1 90 60 27 79 100 74 99 82 42 30 37 31 74 68 43 16 60 9 3 34 5 0 42 14 42 39 62 20 16 64 74 15 34 3 23 4 8 38 7 42 45 81 89 65 63 79 79 76 81 38 100 65 4 17 54 41 49 55 95 57 69 93 82 82 9 74 30 89 59 50 62 96 59 0 70 57 97 38 26 33 91 4
16 86 5 17 91 47 18 75 48 12 54 53 36 8 66 7 7 37 26 48 69 98 3 77 58 2 8 75 94 67 14 43 100 83 69 100 71 59 14 85 44 74 6 97 81 69 41 6 78 51 42 0 54 44 81 43 49 48 83 32 10 39 69 92 34 48 76 87 77 39 58 91 97 41 35 41 4 91 48 95 22 64 13 16 0 42 90 34 35 9 40 6 53 75 52 44 96 39 30 7 56 98 48 91 21 9 27 85 17 56 9
91 88 10 97 42 80 76 16 100 70 70 24 60 6 21 97 97 62 22 59 25 87 92 81 98 58 40 22 62 71 88 44 13 64 45 93 1 5 71 63 66 67 47 90 8 17 43 10 91 55 14 54 0 5 21 47 3 43 38 46 17 66 30 2 54 22 53 100 47 64 16 100 81 82 96 42 80 18 49 62 54 10 7 28 13 69 60 99 1 36 59 17 79 48 50 17 61 56 22 8 78 65 39 88 79 40 66 75 36 4 22
52 33 58 75 52 53 100 98 81 71 26 100 33 97 4 41 36 49 34 84 98 23 68 23 84 39 42 52 86 52 81 0 13 97 45 53 9 73 54 51 12 45 33 79 26 55 32 70 69 27 42 44 5 0 85 19 2 51 86 97 49 83 19 42 4 91 65 66 83 16 34 52 51 78 16 18 13 93 75 70 36 11 34 13 70 89 34 20 82 44 15 0 35 4 13 19 9 6 30 64 8 96 11 53 42 97 90 22 35 66 29
24 89 84 15 37 67 56 74 65 55 41 47 82 4 71 18 22 28 64 37 53 92 57 80 49 27 5 78 11 31 5 27 32 74 1 23 99 9 54 26 35 39 83 15 82 66 100 28 98 71 39 81 21 85 0 51 43 20 60 77 13 39 54 11 76 100 61 66 63 77 56 83 74 55 81 90 78 37 84 91 17 72 71 44 10 77 52 35 15 59 90 68 20 5 11 77 60 54 90 86 19 39 76 12 58 10 6 36 14 97 40
16 90 14 56 78 82 60 79 37 2 88 47 51 29 19 74 18 35 12 76 70 75 0 5 56 10 62 45 72 54 45 43 43 79 97 13 93 29 32 87 21 52 61 27 73 31 60 59 19 29 62 43 47 19 51 0 3 34 85 0 19 9 12 43 52 26 93 74 51 7 97 7 31 16 57 81 18 40 6 26 81 63 81 71 30 54 77 67 55 95 100 84 70 90 15 14 19 4 13 40 51 100 97 10 23 45 24 65 7 100 77
60 21 55 29 3 31 37 22 18 78 10 99 58 82 24 72 83 52 97 79 15 79 94 10 76 48 97 87 67 89 29 21 33 77 20 63 31 57 80 12 2 28 19 88 71 53 1 72 49 9 20 49 3 2 43 3 0 63 52 1 80 3 2 96 1 53 74 85 16 18 27 49 31 89 73 15 0 71 38 4 50 84 4 5 47 18 76 94 84 9 8 77 4 48 61 63 32 25 98 65 15 47 56 57 53 35 59 77 71 49 45
7 87 77 63 71 48 30 48 64 50 100 65 95 38 7 46 74 13 4 47 35 23 86 20 62 69 34 95 80 44 65 83 7 92 16 93 53 22 50 88 23 21 41 21 92 100 39 25 76 23 16 48 43 51 20 34 63 0 89 65 53 47 40 96 14 24 87 32 24 54 63 67 31 84 93 16 100 90 11 37 3 16 71 36 35 21 69 49 14 91 36 83 93 36 66 3 33 84 9 13 69 30 72 44 36 41 93 89 54 27 76
73 78 41 98 82 84 74 86 7 32 90 1 85 71 17 17 22 85 6 25 35 89 19 95 31 21 59 27 67 2 17 35 72 99 30 69 29 85 77 73 93 78 18 36 66 57 61 4 25 19 64 83 38 86 60 85 52 89 0 94 80 7 34 25 81 26 53 88 29 30 5 57 31 7 48 98 46 39 55 65 1 35 43 88 65 34 94 73 47 1 21 92 36 96 4 59 6 84 78 34 41 23 1 11 69 10 94 98 49 60 23
95 95 3 74 15 63 86 89 100 58 79 74 75 35 10 72 86 47 3 5 18 35 2 53 35 37 98 66 48 19 76 61 73 22 74 22 80 15 36 81 8 62 50 94 32 17 50 95 99 74 74 32 46 97 77 0 1 65 94 0 68 19 71 42 80 100 9 18 6 71 1 63 89 99 25 23 20 93 77 46 89 16 17 85 0 87 31 55 75 90 54 82 44 73 57 46 59 1 4 17 13 14 44 44 41 79 82 56 27 1 25
99 31 84 57 93 55 57 68 20 29 32 57 72 29 99 89 11 83 70 73 31 90 78 39 97 76 61 24 46 22 94 37 2 80 4 11 39 50 14 54 53 64 84 1 89 22 33 5 18 77 15 10 17 49 13 19 80 53 80 68 0 50 22 81 59 35 24 64 43 85 94 35 39 80 82 50 44 14 72 59 32 58 47 77 58 85 4 37 98 77 15 88 50 80 9 41 44 99 6 79 91 49 18 91 6 61 66 78 14 71 34
32 24 4 11 29 84 81 50 19 94 22 44 89 0 57 96 80 32 88 64 2 31 17 47 93 48 59 56 31 87 68 75 62 1 54 46 26 24 76 90 15 65 4 4 97 74 70 54 38 27 34 39 66 83 39 9 3 47 7 19 50 0 78 46 93 27 23 51 21 27 72 63 50 6 3 22 14 66 47 72 89 57 76 37 97 64 64 67 60 29 62 96 10 28 100 26 89 90 58 71 34 82 19 38 2 82 73 75 14 68 85
49 92 41 4 22 36 10 42 28 14 10 66 65 76 3 63 22 55 5 77 67 89 57 15 37 59 17 30 83 44 55 68 4 19 17 29 64 88 45 3 1 90 79 59 26 17 34 20 64 66 3 69 30 19 54 12 2 40 34 71 22 78 0 91 11 81 52 5 51 84 72 27 5 22 80 43 48 64 30 26 83 18 99 39 6 48 55 61 1 94 14 62 77 64 24 51 69 31 53 24 97 19 48 6 81 18 100 2 58 24 46
41 33 23 90 80 42 56 75 73 28 40 65 12 24 5 100 80 93 34 78 6 28 58 62 55 55 11 53 89 50 37 45 50 98 57 19 46 100 30 40 35 28 12 36 7 51 42 37 98 92 23 92 2 42 11 43 96 96 25 42 81 46 91 0 3 30 17 41 46 32 81 26 15 69 29 85 98 23 56 99 63 90 32 67 44 73 67 96 10 82 96 63 31 1 44 10 75 80 8 81 95 51 56 73 17 8 42 25 19 12 40
16 43 92 39 93 56 75 56 14 9 51 37 7 39 60 69 24 42 43 74 17 34 30 81 1 39 10 41 41 13 97 2 19 94 77 19 42 38 73 96 1 80 21 40 64 25 29 4 25 42 4 34 54 4 76 52 1 14 81 80 59 93 11 3 0 57 24 20 64 70 95 75 14 56 27 14 27 71 1 13 1 30 49 85 90 72 2 84 69 72 10 40 1 23 23 63 99 47 39 80 28 55 33 2 39 17 63 88 44 42 89
77 55 100 30 99 35 62 53 64 57 85 95 26 59 96 71 99 100 95 36 15 93 78 48 28 19 24 35 3 47 90 9 49 55 43 58 84 0 33 86 95 34 92 50 45 70 0 16 72 76 8 48 22 91 100 26 53 24 26 100 35 27 81 30 57 0 47 25 36 37 46 2 46 70 24 64 16 74 74 91 43 86 52 2 61 85 94 89 46 28 88 52 17 25 84 75 94 89 81 87 28 17 93 44 70 68 18 57 80 86 48
22 98 40 74 99 18 83 31 18 39 47 5 97 64 7 75 65 86 7 69 59 27 22 17 39 50 29 4 89 44 31 38 74 29 97 79 34 0 82 70 49 23 48 58 46 12 37 55 55 31 38 76 53 65 61 93 74 87 53 9 24 23 52 17 24 47 0 10 27 19 62 98 74 72 71 6 66 44 65 60 90 92 45 15 86 51 58 40 39 94 64 82 91 48 48 73 86 7 33 57 72 97 94 14 64 90 6 36 78 50 17
52 58 17 14 31 44 94 83 89 38 4 71 73 7 73 58 57 72 81 40 45 7 37 93 72 65 13 63 63 19 36 67 52 12 16 61 24 43 83 73 66 0 7 86 22 77 94 72 3 39 7 87 100 66 66 74 85 32 88 18 64 51 5 41 20 25 10 0 68 80 11 23 33 69 81 11 76 75 52 5 18 40 0 34 78 67 70 63 66 95 97 40 80 79 19 13 29 17 94 27 15 22 51 1 20 82 48 33 0 87 74
39 70 90 59 59 28 5 81 98 8 39 26 5 24 25 2 70 97 21 57 28 22 49 99 95 47 27 27 37 93 85 66 34 1 71 44 28 69 81 3 29 16 17 15 75 23 79 88 100 24 42 77 47 83 63 51 16 24 29 6 43 21 51 46 64 36 27 68 0 49 99 59 2 32 3 9 86 84 64 4 61 86 23 8 86 80 91 41 52 89 76 76 84 59 86 85 71 36 19 65 61 64 46 59 58 36 11 48 12 30 1
80 65 24 16 93 5 22 99 57 30 17 7 22 29 1 30 93 3 45 4 18 61 87 49 85 14 0 97 80 55 26 20 61 48 14 59 35 60 89 44 22 61 14 96 11 3 97 96 6 15 45 39 64 16 77 7 18 54 30 71 85 27 84 32 70 37 19 80 49 0 45 37 7 100 36 85 78 21 40 70 12 8 19 43 66 21 80 63 41 82 99 92 23 6 4 67 17 55 76 79 46 2 56 85 58 57 7 22 68 98 74
64 3 74 5 47 40 60 95 14 33 48 58 89 61 17 51 58 42 84 8 75 95 77 25 38 86 24 11 51 43 89 24 89 82 6 8 90 86 61 65 50 82 54 44 25 88 90 97 99 39 81 58 16 34 56 97 27 63 5 1 94 72 72 81 95 46 62 11 99 45 0 69 16 2 14 58 26 84 92 30 65 1 58 5 25 100 34 37 45 38 30 49 95 67 86 56 55 98 59 33 15 28 35 36 86 20 3 99 26 60 4
97 61 75 64 85 26 63 79 21 63 13 97 40 37 33 38 38 22 67 97 62 54 65 98 64 89 55 52 98 55 61 60 1 44 72 54 15 57 34 6 36 14 15 23 67 78 63 84 79 21 89 91 100 52 83 7 49 67 57 63 35 63 27 26 75 2 98 23 59 37 69 0 52 68 67 42 77 15 57 32 5 91 24 97 14 72 19 53 82 87 40 10 11 31 41 93 37 78 76 58 89 81 89 39 23 10 88 3 52 4 79
50 37 6 9 30 94 36 66 73 56 69 1 76 90 39 44 82 88 13 67 4 55 91 88 19 94 56 25 95 77 7 4 28 98 22 78 7 94 47 6 9 61 29 42 87 62 95 57 74 72 65 97 81 51 74 31 31 31 31 89 39 50 5 15 14 46 74 33 2 7 16 52 0 89 88 93 89 18 74 98 96 21 72 89 27 88 9 63 23 20 24 25 94 56 14 44 43 78 49 96 63 90 57 15 97 78 85 62 59 1 92
3 85 97 73 27 42 89 9 74 47 81 11 78 52 6 36 29 84 21 85 0 23 97 14 82 10 20 28 24 82 81 68 66 11 81 83 27 42 64 3 49 95 5 91 97 98 22 17 26 60 63 41 82 78 55 16 89 84 7 99 80 6 22 69 56 70 72 69 32 100 2 68 89 0 5 28 93 94 82 22 82 44 82 85 45 0 37 99 22 80 30 37 39 47 60 15 2 44 3 33 53 57 75 43 13 48 71 45 47 62 73
81 14 48 7 27 100 38 84 90 57 99 78 91 24 46 98 56 71 29 68 26 87 91 13 47 22 76 88 33 78 15 80 63 27 89 67 40 50 8 79 59 67 3 14 33 41 83 36 37 89 79 35 96 16 81 57 73 93 48 25 82 3 80 29 27 24 71 81 3 36 14 67 88 5 0 65 46 33 54 9 75 73 24 65 18 64 76 51 60 42 51 2 44 29 59 47 28 100 11 56 96 31 71 43 79 48 24 69 50 81 80
30 82 11 86 87 44 53 27 17 22 75 76 70 24 42 71 93 60 48 96 29 43 80 35 84 40 22 17 58 33 84 52 23 74 5 15 63 60 99 21 12 45 40 13 53 74 62 31 52 19 79 41 42 18 90 81 15 16 98 23 50 22 43 85 14 64 6 11 9 85 58 42 93 28 65 0 87 49 6 95 88 96 36 8 15 31 4 57 1 13 97 79 61 59 78 99 46 60 89 95 23 24 26 77 49 91 86 80 13 57 33
49 41 85 25 34 81 81 57 64 0 46 100 30 53 74 21 33 75 44 54 18 20 54 23 86 17 14 41 95 99 19 6 99 24 47 3 79 22 32 87 30 2 86 52 8 72 63 1 43 36 76 4 80 13 78 18 0 100 46 20 44 14 48 98 27 16 66 76 86 78 26 77 89 93 46 87 0 0 30 50 63 75 85 22 2 61 94 63 19 2 18 76 69 66 40 71 7 13 86 23 23 80 57 84 98 21 18 93 7 27 42
79 56 71 72 58 41 96 3 4 67 22 92 28 77 96 9 38 47 23 59 54 80 74 98 69 14 38 38 29 40 82 66 16 46 22 15 19 63 36 71 5 49 64 40 67 32 97 73 43 56 81 91 18 93 37 40 71 90 39 93 14 66 64 23 71 74 44 75 84 21 84 15 18 94 33 49 0 0 53 5 59 2 27 65 39 27 50 39 89 35 27 76 14 2 91 40 8 13 42 71 62 32 54 27 41 97 42 75 60 10 85
71 63 27 89 75 9 69 74 28 42 48 38 10 0 18 92 29 39 44 10 93 11 49 21 83 75 74 9 36 98 21 36 8 29 59 67 55 94 56 80 43 79 60 43 15 33 54 75 0 6 38 48 49 75 84 6 38 11 55 77 72 47 30 56 1 74 65 52 64 40 92 57 74 82 54 6 30 53 0 55 65 87 50 73 5 66 64 40 37 78 77 81 64 61 21 13 17 43 37 76 46 62 89 12 8 19 58 40 39 3 58
41 30 96 8 14 14 4 6 14 75 24 70 10 100 14 70 39 10 98 56 71 40 71 21 95 30 3 13 17 45 67 5 33 19 95 64 69 76 56 90 11 67 57 100 44 40 8 8 4 44 100 95 62 70 91 26 4 37 65 46 59 72 26 99 13 91 60 5 4 70 30 32 98 22 9 95 50 5 55 0 9 31 67 67 51 93 60 75 81 62 76 97 95 72 17 7 75 81 7 45 96 75 22 40 46 53 72 91 78 13 19
35 75 61 50 67 33 63 84 42 21 35 61 20 2 74 82 43 4 75 86 97 63 51 17 92 12 98 10 40 95 52 10 99 36 28 50 65 37 6 4 7 26 32 45 2 78 81 56 24 12 65 22 54 36 17 81 50 3 1 89 32 89 83 63 1 43 90 18 61 12 65 5 96 82 75 88 63 59 65 9 0 57 29 36 56 77 81 76 27 7 45 55 53 36 90 23 95 71 18 72 53 73 30 57 1 5 12 57 49 76 3
64 69 60 95 2 48 35 19 95 65 71 41 15 37 89 74 46 72 76 33 24 43 66 98 32 26 92 61 54 62 12 99 68 2 0 31 3 21 5 71 81 38 64 15 14 82 86 25 87 73 4 64 10 11 72 63 84 16 35 16 58 57 18 90 30 86 92 40 86 8 1 91 21 44 73 96 75 2 87 31 57 0 95 71 58 60 19 71 3 99 83 32 63 71 71 18 50 54 79 11 93 48 4 46 63 87 71 97 2 27 100
89 37 34 42 20 66 19 70 70 74 88 79 26 77 49 1 75 69 68 63 81 91 63 31 19 56 0 33 54 42 36 70 17 69 33 64 18 66 71 37 0 65 69 62 40 60 38 100 34 99 17 13 7 34 71 81 4 71 43 17 47 76 99 32 49 52 45 0 23 19 58 24 72 82 24 36 85 27 50 67 29 95 0 59 91 64 10 49 14 55 95 76 72 48 40 1 26 44 73 31 22 12 17 89 3 31 30 29 60 24 49
52 93 30 66 84 70 17 42 58 9 69 65 96 86 59 58 24 69 63 56 94 47 72 100 56 39 10 93 13 65 84 57 39 97 70 23 62 33 43 28 61 72 47 21 23 49 65 80 59 54 54 16 28 13 44 71 5 36 88 85 77 37 39 67 85 2 15 34 8 43 5 97 89 85 65 8 22 65 73 67 36 71 59 0 80 82 0 15 93 43 25 48 90 56 95 1 44 24 92 46 91 81 1 4 39 44 86 48 39 26 82
71 30 13 44 35 50 19 95 85 93 73 92 99 31 2 64 11 23 54 87 74 56 51 96 39 65 41 17 78 67 83 21 7 38 82 38 35 88 33 86 28 4 33 93 69 63 56 75 65 100 41 0 13 70 10 30 47 35 65 0 58 97 6 44 90 61 86 78 86 66 25 14 27 45 18 15 2 39 5 51 56 58 91 80 0 78 70 56 55 34 51 61 63 97 75 78 95 4 69 78 1 67 3 93 15 83 65 88 78 82 47
92 41 28 26 85 29 21 99 22 47 49 66 20 69 4 48 72 38 45 14 20 83 43 2 96 35 62 11 51 74 19 32 13 93 26 79 86 14 48 90 51 15 80 22 46 93 89 97 62 56 49 42 69 89 77 54 18 21 34 87 85 64 48 73 72 85 51 67 80 21 100 72 88 0 64 31 61 27 66 93 77 60 64 82 78 0 39 87 76 12 29 71 85 27 82 38 31 34 42 0 42 52 50 53 92 85 0 10 46 43 28
81 72 20 44 63 33 59 91 100 70 51 30 95 16 27 28 65 44 3 41 46 35 84 82 68 17 32 7 40 10 4 90 80 96 12 9 77 40 51 70 97 95 50 18 36 69 53 54 54 1 55 90 60 34 52 77 76 69 94 31 4 64 55 67 2 94 58 70 91 80 34 19 9 37 76 4 94 50 64 60 81 19 10 0 70 39 0 1 84 81 88 16 51 89 45 24 33 91 88 15 40 24 88 87 61 87 72 24 97 12 78
78 20 63 77 31 49 83 74 12 64 6 99 6 51 94 56 58 73 6 87 60 61 11 62 6 28 19 81 99 20 58 14 67 9 38 43 20 15 86 97 72 40 86 16 77 73 24 95 52 9 95 34 99 20 35 67 94 49 73 55 37 67 61 96 84 89 40 63 41 63 37 53 63 99 51 57 63 39 40 75 76 71 49 15 56 87 1 0 94 19 18 59 23 13 70 65 56 82 75 46 26 2 75 16 41 14 27 100 41 36 48
95 76 20 7 65 11 96 61 0 72 5 31 91 50 85 12 53 36 66 54 30 72 66 16 71 82 71 10 46 80 52 96 71 10 84 82 43 94 22 89 30 44 70 88 6 29 92 46 62 78 57 35 1 82 15 55 84 14 47 75 98 60 1 10 69 46 39 66 52 41 45 82 23 22 60 1 19 89 37 81 27 3 14 93 55 76 84 94 0 55 59 62 2 86 26 95 89 4 12 67 91 15 79 36 36 73 12 75 40 20 76
36 58 47 77 55 22 43 52 23 14 42 61 20 45 61 38 76 65 5 17 56 43 19 99 90 30 71 94 32 7 60 69 57 43 58 41 17 88 25 53 37 55 98 36 73 6 2 70 34 88 69 9 36 44 59 95 9 91 1 90 77 29 94 82 72 28 94 95 89 82 38 87 20 80 42 13 2 35 78 62 7 99 55 43 34 12 81 19 55 0 28 50 46 14 23 42 20 22 49 27 52 56 29 43 6 77 14 57 42 83 80
39 91 29 67 68 75 32 93 75 1 60 55 41 53 76 99 98 37 2 38 6 8 73 56 16 6 88 45 85 36 29 48 70 28 89 81 48 92 18 98 22 69 45 77 73 39 99 23 92 60 93 40 59 15 90 100 8 36 21 54 15 62 14 96 10 88 64 97 76 99 30 40 24 30 51 97 18 27 77 76 45 83 95 25 51 29 88 18 59 28 0 75 61 98 32 7 56 43 60 92 100 69 68 7 89 88 53 21 69 1 2
62 79 5 1 30 96 8 3 10 74 0 51 95 27 12 98 99 57 39 6 29 67 57 25 45 22 28 97 18 33 20 99 58 100 63 90 94 41 16 21 24 74 70 57 93 48 48 91 94 10 82 6 17 0 68 84 77 83 92 82 88 96 62 63 40 52 82 40 76 92 49 10 25 37 2 79 76 76 81 97 55 32 76 48 61 71 16 59 62 50 75 0 96 98 49 58 92 40 48 4 45 29 55 21 27 27 5 71 61 62 34
82 35 98 37 92 22 2 63 60 41 62 84 10 9 11 21 38 31 95 41 76 52 70 54 16 21 28 97 57 14 59 57 52 19 42 70 65 50 87 43 94 36 81 2 30 40 39 10 48 14 82 53 79 35 20 70 4 93 36 44 50 10 77 31 1 17 91 80 84 23 95 11 94 39 44 61 69 14 64 95 53 63 72 90 63 85 51 23 2 46 61 96 0 67 86 88 79 33 64 48 93 78 82 65 88 79 72 74 46 21 52
74 56 43 12 83 94 47 46 78 26 60 5 47 60 76 45 98 96 76 23 68 29 100 55 15 22 94 73 80 46 57 54 59 20 5 57 51 19 90 55 68 49 56 77 35 28 62 89 9 94 9 75 48 4 5 90 48 36 96 73 80 28 64 1 23 25 48 79 59 6 67 31 56 47 29 59 66 2 61 72 36 71 48 56 97 27 89 13 86 14 98 98 67 0 52 71 75 34 86 39 84 96 65 70 17 25 37 13 79 71 69
93 80 71 66 71 88 75 39 18 50 66 53 20 71 50 62 68 65 55 24 57 97 11 23 54 15 89 47 73 24 72 65 45 28 82 45 28 80 44 83 28 8 38 8 32 31 3 59 18 37 74 52 50 13 11 15 61 66 4 57 9 100 24 44 23 84 48 19 86 4 86 41 14 60 59 78 40 91 21 17 90 71 40 95 75 82 45 70 26 23 32 49 86 52 0 55 24 53 24 7 70 88 43 22 63 30 63 95 51 85 91
19 72 58 36 26 96 5 10 44 78 39 29 8 84 10 68 38 72 4 67 22 41 12 48 63 76 98 28 43 24 80 44 14 55 19 93 32 6 4 14 10 96 0 50 43 71 57 58 19 89 30 44 17 19 77 14 63 3 59 46 41 26 51 10 63 75 73 13 85 67 56 93 44 15 47 99 71 40 13 7 23 18 1 1 78 38 24 65 95 42 7 58 88 71 55 0 96 87 69 28 80 12 11 29 82 31 77 22 69 42 95
24 51 23 6 81 41 20 23 84 88 37 36 78 55 69 67 32 59 75 59 61 3 53 7 75 68 12 84 2 32 47 51 12 9 86 92 7 67 49 61 67 5 42 36 76 91 15 87 24 62 89 96 61 9 60 19 32 33 6 59 44 89 69 75 99 94 86 29 71 17 55 37 43 2 28 46 7 8 17 75 95 50 26 44 95 31 33 56 89 20 56 92 79 75 24 96 0 34 53 63 82 15 28 19 58 68 42 90 79 1 35
13 51 72 77 69 20 91 53 60 72 21 41 100 20 65 73 79 59 67 100 70 54 19 61 56 1 64 88 81 43 63 5 36 86 62 36 24 83 23 92 69 4 46 92 65 96 87 53 20 5 59 39 56 6 54 4 25 84 84 1 99 90 31 80 47 89 7 17 36 55 98 78 78 44 100 60 13 13 43 81 71 54 44 24 4 34 91 82 4 22 43 40 33 34 53 87 34 0 66 37 53 2 97 18 84 100 44 7 91 2 30
74 71 94 34 94 6 15 14 96 78 21 19 85 3 82 10 62 53 9 57 97 55 49 85 13 55 87 18 28 38 78 87 28 37 20 63 98 78 87 3 13 70 42 52 67 1 2 43 14 77 50 30 22 30 90 13 98 9 78 4 6 58 53 8 39 81 33 94 19 76 59 76 49 3 11 89 86 42 37 7 18 79 73 92 69 42 88 75 12 49 60 48 64 86 24 69 53 66 0 4 85 24 39 89 17 14 17 19 81 37 52
67 45 78 53 46 97 65 89 78 74 79 59 35 65 99 39 62 42 21 19 69 79 77 94 32 92 73 45 72 96 88 88 65 8 77 50 50 3 41 44 88 55 51 26 49 70 68 14 92 77 62 7 8 64 86 40 65 13 34 17 79 71 24 81 80 87 57 27 65 79 33 58 96 33 56 95 23 71 76 45 72 11 31 46 78 0 15 46 67 27 92 4 48 39 7 28 63 37 4 0 46 67 17 3 95 56 60 19 13 48 2
80 60 56 96 79 67 7 83 34 75 98 89 74 44 26 45 21 12 83 77 39 10 87 79 13 3 100 2 11 55 67 11 66 43 90 44 81 9 86 82 31 36 74 90 46 79 17 50 41 81 96 56 78 8 19 51 15 69 41 13 91 34 97 95 28 28 72 15 61 46 15 89 63 53 96 23 23 62 46 96 53 93 22 91 1 42 40 26 91 52 100 45 93 84 70 80 82 53 85 46 0 66 16 47 21 63 86 85 67 60 3
36 59 54 6 48 50 16 29 64 67 4 81 66 25 71 86 62 65 81 51 79 96 80 98 2 25 75 93 32 74 9 73 49 99 13 14 82 44 44 16 35 98 55 14 39 77 1 17 80 64 59 98 65 96 39 100 47 30 23 14 49 82 19 51 55 17 97 22 64 2 28 81 90 57 31 24 80 32 62 75 73 48 12 81 67 52 24 2 15 56 69 29 78 96 88 12 15 2 24 67 66 0 46 38 55 54 38 48 67 54 57
29 2 35 96 32 51 92 27 96 58 77 15 10 86 21 38 92 78 86 29 66 85 45 29 91 90 72 99 1 56 8 70 74 61 57 0 51 15 30 97 57 45 71 66 62 53 37 30 71 97 0 48 39 11 76 97 56 72 1 44 18 19 48 56 33 93 94 51 46 56 35 89 57 75 71 26 57 54 89 22 30 4 17 1 3 50 88 75 79 29 68 55 82 65 43 11 28 97 39 17 16 46 0 58 20 100 27 75 65 96 68
45 4 85 48 81 90 78 34 29 100 52 97 17 56 35 25 53 31 42 35 2 51 26 32 46 31 15 96 99 43 42 62 46 48 10 8 95 62 84 95 21 12 89 20 53 50 35 80 33 74 70 91 88 53 12 10 57 44 11 44 91 38 6 73 2 44 14 1 59 85 36 39 15 43 43 77 84 27 12 40 57 46 89 4 93 53 87 16 36 43 7 21 65 70 22 29 19 18 89 3 47 38 58 0 18 86 61 60 96 97 17
89 70 94 88 80 60 30 36 52 94 58 59 43 27 65 52 63 63 65 30 88 1 46 25 61 14 97 22 16 11 15 95 45 5 79 68 50 30 45 83 69 81 48 95 96 12 37 64 25 5 57 21 79 42 58 23 53 36 69 41 6 2 81 17 39 70 64 20 58 58 86 23 97 13 79 49 98 41 8 46 1 63 3 39 15 92 61 41 36 6 89 27 88 17 63 82 58 84 17 95 21 55 20 18 0 14 87 4 100 44 89
24 59 12 86 33 45 49 46 31 91 95 88 94 68 16 25 48 15 82 10 15 56 99 46 1 19 57 82 55 22 93 63 37 29 98 32 23 58 15 40 37 29 2 52 5 73 49 31 6 50 97 9 40 97 10 45 35 41 10 79 61 82 18 8 17 68 90 82 36 57 20 10 78 48 48 91 21 97 19 53 5 87 31 44 83 85 87 14 73 77 88 27 79 25 30 31 68 100 14 56 63 54 100 86 14 0 31 30 32 78 19
13 13 14 37 49 49 20 55 29 32 4 82 7 86 50 42 69 18 68 70 13 20 36 85 54 70 88 9 52 2 75 11 84 100 13 11 40 97 30 76 28 26 48 64 21 69 75 79 57 78 38 27 66 90 6 24 59 93 94 82 66 73 100 42 63 18 6 48 11 7 3 88 85 71 24 86 18 42 58 72 12 71 30 86 65 0 72 27 12 14 53 5 72 37 63 77 42 44 17 60 86 38 27 61 87 31 0 12 88 81 26
81 87 38 74 93 79 31 5 36 100 100 32 24 48 63 77 5 1 81 93 41 63 70 24 37 70 34 70 81 75 87 77 53 7 7 45 9 40 27 48 57 27 91 64 83 13 8 10 54 33 26 85 75 22 36 65 77 89 98 56 78 75 2 25 88 57 36 33 48 22 99 3 62 45 69 80 93 75 40 91 57 97 29 48 88 10 24 100 75 57 21 71 74 13 95 22 90 7 19 19 85 48 75 60 4 30 12 0 26 67 27
34 25 27 9 15 61 41 54 0 66 68 18 37 55 0 100 34 86 39 90 64 73 10 54 74 23 73 89 71 73 43 81 41 12 68 85 16 0 75 33 5 6 37 74 54 43 89 15 12 76 33 17 36 35 14 7 71 54 49 27 14 14 58 19 44 80 78 0 12 68 26 52 59 47 50 13 7 60 39 78 49 2 60 39 78 46 97 41 40 42 69 61 46 79 51 69 79 91 81 13 67 67 65 96 100 32 88 26 0 41 63
100 59 45 1 41 54 89 5 64 76 81 31 75 86 31 94 93 74 59 91 72 43 6 18 23 24 13 62 92 66 93 13 71 74 45 43 99 42 22 23 51 43 75 63 98 71 90 14 81 58 91 56 4 66 97 100 49 27 60 1 71 68 24 12 42 86 50 87 30 98 60 4 1 62 81 57 27 10 3 13 76 27 24 26 82 43 12 36 20 83 1 62 21 71 85 42 1 2 37 48 60 54 96 97 44 78 81 67 41 0 86
84 37 34 9 73 43 19 48 1 93 52 8 49 68 65 76 50 79 80 7 44 3 77 42 94 10 84 0 69 15 32 86 20 13 91 22 76 66 81 79 86 1 54 67 52 99 17 86 97 74 4 9 22 29 40 77 45 76 23 25 34 85 46 40 89 48 17 74 1 74 4 79 92 73 80 33 42 85 58 19 3 100 49 82 47 28 78 48 76 80 2 34 52 69 91 95 35 30 52 2 3 57 68 17 89 19 26 27 63 86 0
