115 6
5 28 66 83 3 24 69 33 93 61 66 34 66 19 44 0 63 84 47 2 79 7 30 27 72 92 7 82 25 2 14 38 81 74 40 76 75 35 41 7 34 50 49 87 83 2 48 44 89 69 26 93 35 33 71 77 65 71 81 66 16 65 8 19 40 32 95 94 100 21 31 37 78 37 79 20 64 92 54 20 92 39 8 82 41 7 9 59 19 57 79 48 1 47 30 37 15 71 6 39 63 72 100 21 53 0 56 4 52 7 62 63 80 77 67
0 46 80 86 90 36 28 72 25 19 94 49 66 55 37 87 26 39 58 41 44 99 34 16 37 66 47 79 43 74 5 42 15 70 85 38 50 13 21 43 44 53 89 56 91 32 15 79 4 89 42 12 89 83 9 20 59 4 2 78 31 94 76 74 53 54 67 15 73 85 17 70 21 52 37 66 51 82 89 94 6 66 24 69 76 47 2 19 100 27 54 26 73 16 62 4 33 27 7 46 14 21 89 39 0 19 43 21 22 62 58 91 39 86 12 31
46 0 14 73 65 19 16 30 61 15 28 65 26 43 61 90 55 9 97 69 58 12 68 83 19 51 84 66 97 89 94 63 87 36 39 57 68 95 46 86 71 56 25 59 6 23 27 88 39 32 91 94 11 35 93 88 26 64 15 95 2 65 15 6 88 51 77 30 27 15 43 61 83 36 71 27 27 79 35 12 33 97 65 53 18 85 27 97 58 74 12 29 73 47 88 8 77 16 68 60 15 27 23 77 16 46 34 85 67 45 2 83 57 63 27 22
80 14 0 65 9 66 10 60 67 5 22 32 82 52 7 61 43 35 37 54 84 77 50 31 26 15 28 77 64 67 93 64 40 86 37 67 23 41 52 38 92 44 74 60 12 12 72 40 21 43 19 1 46 68 81 86 17 18 39 88 35 62 39 61 83 61 33 9 0 51 0 71 81 7 66 26 73 11 57 71 22 72 70 44 45 83 13 5 56 85 1 52 42 16 53 43 93 67 47 94 64 72 90 99 16 13 73 54 85 1 71 23 48 94 52 1
86 73 65 0 71 15 49 55 22 18 61 38 66 52 1 28 56 27 97 39 12 26 93 62 92 5 38 55 6 35 48 99 32 85 56 35 3 62 75 62 89 68 94 61 51 27 51 73 46 90 53 67 96 46 94 15 77 82 81 59 23 94 68 93 85 35 9 94 31 8 61 28 16 32 95 73 74 85 51 94 83 4 15 92 27 69 15 92 58 82 1 20 68 8 20 17 1 88 28 39 94 19 9 95 32 96 97 36 86 39 80 69 25 70 35 57
90 65 9 71 0 24 24 14 94 86 58 76 31 65 50 32 91 47 58 14 53 70 19 90 29 32 14 39 83 51 97 37 63 4 47 38 32 67 27 77 85 67 78 28 28 86 9 4 37 2 68 14 85 30 52 19 92 49 62 64 69 89 23 39 47 23 29 57 28 40 52 21 59 83 89 38 50 52 89 18 59 93 53 78 13 81 55 81 20 29 2 79 95 82 2 19 46 96 83 90 10 76 21 25 55 57 7 34 13 32 67 70 41 71 13 92
36 19 66 15 24 0 11 88 77 56 56 17 12 18 3 33 54 13 77 41 5 86 52 86 56 3 74 8 38 69 83 96 60 16 19 66 90 13 53 9 56 53 30 22 86 58 50 5 52 16 62 79 88 35 63 6 89 22 91 70 25 54 8 91 37 27 78 94 33 55 45 50 17 38 22 72 56 12 30 55 61 42 100 25 85 63 47 3 85 90 65 80 56 49 96 59 84 47 38 89 97 62 51 38 95 80 61 89 4 45 38 88 11 43 67 75
28 16 10 49 24 11 0 0 27 16 19 23 14 61 35 26 0 15 98 100 77 61 36 86 90 29 41 36 92 99 98 77 70 34 89 62 78 70 6 22 64 34 94 1 69 23 35 20 61 44 90 78 81 33 44 75 55 48 66 40 48 41 1 53 71 33 30 71 99 68 6 57 76 31 1 81 21 13 6 65 36 89 57 95 2 8 54 56 50 76 0 15 78 64 77 44 20 44 96 69 75 85 95 4 12 21 84 13 83 92 75 65 0 25 73 21
72 30 60 55 14 88 0 0 61 68 0 47 57 82 6 0 88 16 37 24 100 60 22 88 25 64 13 20 44 63 80 20 22 80 5 40 88 77 20 41 0 33 33 57 85 70 73 92 43 85 66 89 98 98 73 41 64 56 30 16 51 72 91 95 16 49 42 67 87 24 63 40 76 4 60 52 19 41 8 44 90 42 82 79 52 38 57 1 23 20 34 52 22 83 89 38 53 50 70 37 21 61 87 72 29 10 51 12 17 83 3 2 96 77 41 71
25 61 67 22 94 77 27 61 0 20 10 30 39 8 67 26 29 56 5 99 58 90 2 28 55 82 81 6 85 13 82 29 93 48 34 10 78 51 42 38 59 62 89 66 1 28 64 21 3 26 96 94 28 16 1 6 46 35 87 86 34 45 29 10 1 90 25 42 89 11 13 82 18 53 29 37 54 93 16 82 46 39 5 88 48 29 71 61 54 41 8 81 84 5 72 32 41 3 77 59 88 64 41 56 64 70 44 30 17 44 70 84 40 26 96 8
19 15 5 18 86 56 16 68 20 0 26 61 1 15 40 11 2 47 21 17 69 88 36 46 47 32 90 64 29 89 45 92 6 82 7 29 40 35 46 89 51 52 21 45 98 30 1 18 38 100 89 55 25 66 30 81 100 49 49 28 42 33 22 87 25 17 31 11 61 14 27 30 48 14 16 1 97 67 18 56 71 59 72 60 62 99 92 12 39 97 35 17 44 94 24 11 54 77 17 89 44 39 11 11 76 64 32 37 33 99 45 53 44 54 20 12
94 28 22 61 58 56 19 0 10 26 0 41 75 33 58 30 12 57 15 23 96 86 19 5 10 94 31 33 8 42 54 68 79 12 50 73 39 58 52 45 24 40 40 61 47 21 36 23 3 44 7 42 48 98 65 7 17 64 95 8 32 81 86 89 53 81 83 16 5 42 39 60 67 47 56 27 6 66 19 20 96 50 48 56 34 15 89 55 75 58 34 54 100 38 76 83 69 7 91 3 20 43 97 99 62 13 27 91 8 98 50 33 46 53 52 92
49 65 32 38 76 17 23 47 30 61 41 0 37 83 74 86 84 15 90 79 63 30 46 18 24 62 88 0 79 46 82 52 80 34 9 13 32 33 33 62 86 72 76 85 73 97 84 82 10 18 14 5 14 98 2 48 79 0 31 95 51 32 93 42 30 64 2 76 20 13 8 85 62 74 91 84 89 2 24 32 65 17 35 68 61 46 66 97 82 53 15 28 54 89 78 37 47 72 81 13 35 71 71 57 30 52 53 47 88 0 100 23 59 86 84 32
66 26 82 66 31 12 14 57 39 1 75 37 0 10 34 16 0 79 57 69 22 87 20 12 70 8 69 51 67 93 21 40 61 28 90 21 41 27 71 36 87 40 80 27 35 26 96 41 22 57 95 58 22 48 44 42 23 66 83 2 85 95 5 3 67 64 52 88 12 48 74 41 74 49 13 23 9 66 51 71 87 60 88 62 87 23 51 66 78 44 4 49 40 61 1 83 65 52 95 40 97 19 59 17 96 100 69 2 14 47 61 62 86 20 41 84
55 43 52 52 65 18 61 82 8 15 33 83 10 0 46 47 81 53 0 17 21 96 15 13 5 4 12 22 38 64 49 94 68 41 55 15 4 52 24 42 46 72 52 1 77 22 20 29 81 57 44 14 97 41 64 4 38 51 45 49 72 27 57 78 36 95 28 13 7 44 71 96 35 53 71 54 30 71 4 95 2 8 2 99 5 67 93 50 87 16 61 3 2 0 85 72 18 96 22 30 0 61 56 8 36 13 2 43 10 86 6 25 36 36 5 46
37 61 7 1 50 3 35 6 67 40 58 74 34 46 0 6 28 18 76 5 1 96 22 24 79 48 74 42 21 50 60 94 38 72 47 55 33 31 77 70 93 35 70 58 10 43 8 85 90 27 19 17 12 72 47 17 53 49 50 84 75 42 29 9 57 46 21 96 41 79 46 2 37 32 80 26 47 89 95 59 66 71 3 94 34 90 58 39 1 14 29 0 81 92 69 33 17 65 92 35 46 79 28 31 67 99 34 5 3 73 1 70 1 66 78 41
87 90 61 28 32 33 26 0 26 11 30 86 16 47 6 0 96 17 0 46 27 60 77 5 92 71 44 5 38 42 29 88 88 68 87 41 32 25 98 98 49 28 32 71 59 2 62 60 1 42 83 96 7 81 8 83 87 60 92 28 52 10 81 17 68 71 34 74 88 75 68 30 0 19 16 51 25 99 85 73 64 50 84 76 13 17 90 32 17 6 47 42 37 69 6 26 75 23 47 44 78 44 40 64 52 44 70 80 76 16 30 35 2 36 12 7
26 55 43 56 91 54 0 88 29 2 12 84 0 81 28 96 0 39 23 62 80 2 34 94 0 95 17 69 95 57 84 51 37 5 54 6 70 5 19 92 2 93 22 28 84 97 17 26 100 26 30 36 79 4 46 84 76 84 27 28 61 63 68 37 2 68 2 83 94 44 50 38 89 4 81 90 32 23 53 6 59 61 99 3 94 69 13 7 34 54 49 12 5 57 17 27 54 83 32 9 6 24 79 53 90 30 69 46 16 1 67 75 57 89 12 99
39 9 35 27 47 13 15 16 56 47 57 15 79 53 18 17 39 0 59 86 38 83 90 56 1 9 61 2 38 5 41 68 76 33 22 13 54 50 15 49 29 12 86 82 55 50 63 9 94 65 48 95 17 58 5 53 53 24 80 34 100 58 4 86 33 49 86 81 39 37 53 73 42 75 17 80 97 72 26 84 51 49 58 50 27 26 0 20 38 79 94 96 53 80 71 13 95 55 22 31 72 43 51 62 3 93 63 31 45 10 2 32 55 50 10 62
58 97 37 97 58 77 98 37 5 21 15 90 57 0 76 0 23 59 0 94 61 4 61 15 94 69 33 36 8 12 37 61 94 12 63 69 31 70 10 57 81 16 11 69 43 35 37 8 7 29 100 45 59 33 25 31 19 56 20 34 80 38 39 25 96 85 9 92 21 7 18 76 51 19 99 93 23 22 10 68 63 98 38 11 68 68 51 72 53 100 51 38 93 86 43 20 87 66 50 33 52 5 92 68 94 49 27 22 78 72 18 67 45 32 89 20
41 69 54 39 14 41 100 24 99 17 23 79 69 17 5 46 62 86 94 0 37 70 23 45 21 77 19 99 21 64 93 6 83 10 32 86 70 53 47 36 44 18 97 4 3 40 37 42 63 96 72 98 95 62 31 45 97 92 0 51 38 20 31 85 17 87 23 28 7 30 10 84 23 21 90 35 75 3 56 81 57 99 33 57 31 80 81 84 5 75 13 96 52 88 88 48 54 63 67 44 46 18 64 22 41 38 51 84 15 4 83 37 84 15 75 29
44 58 84 12 53 5 77 100 58 69 96 63 22 21 1 27 80 38 61 37 0 76 73 55 46 58 35 63 16 79 77 89 65 97 19 75 47 15 10 92 48 98 30 74 53 9 10 23 67 16 94 73 60 19 28 0 25 60 88 64 58 26 16 20 33 97 28 14 23 1 66 58 67 49 3 99 32 72 31 74 82 51 76 4 74 14 99 25 21 6 19 23 72 36 6 23 66 37 70 60 94 3 25 13 58 87 29 19 36 36 79 67 93 36 68 24
99 12 77 26 70 86 61 60 90 88 86 30 87 96 96 60 2 83 4 70 76 0 95 54 82 77 55 99 37 92 15 54 7 98 10 89 51 27 29 6 48 62 94 28 3 68 99 96 2 15 18 58 28 12 89 3 30 74 86 33 54 33 36 11 95 75 24 50 70 72 45 13 2 44 47 77 61 93 7 66 55 43 79 85 14 94 27 28 89 41 61 85 10 68 9 96 33 11 76 21 53 68 51 80 48 65 34 1 4 29 2 99 44 31 86 49
34 68 50 93 19 52 36 22 2 36 19 46 20 15 22 77 34 90 61 23 73 95 0 85 41 28 51 64 22 59 2 60 93 30 96 54 36 78 23 46 2 14 77 12 51 28 77 60 14 2 49 24 12 89 12 34 98 39 100 80 6 5 90 62 91 17 21 70 9 95 78 70 30 56 51 91 23 49 76 83 19 45 36 19 48 74 4 41 99 49 29 83 90 54 87 40 89 72 46 95 21 4 36 62 91 4 22 0 86 22 11 88 35 36 81 95
16 83 31 62 90 86 86 88 28 46 5 18 12 13 24 5 94 56 15 45 55 54 85 0 67 48 71 51 61 77 98 54 64 91 17 43 15 69 24 92 1 91 88 50 53 99 82 50 35 39 74 23 19 98 36 55 48 55 98 19 88 44 94 45 41 94 53 50 97 15 86 39 30 79 7 12 23 73 79 86 53 63 40 33 32 22 75 25 56 50 38 22 55 96 79 1 11 24 49 10 87 15 7 75 74 67 53 18 70 98 21 60 73 76 93 56
37 19 26 92 29 56 90 25 55 47 10 24 70 5 79 92 0 1 94 21 46 82 41 67 0 66 92 53 18 73 36 21 50 16 37 33 70 17 60 46 37 41 92 97 42 62 73 84 12 76 0 0 53 4 94 87 64 31 10 83 1 61 9 87 57 16 59 49 71 58 53 91 27 91 50 28 36 97 16 44 2 88 95 48 32 49 89 66 40 28 71 98 58 75 75 51 30 63 1 61 50 62 4 69 49 37 76 63 12 77 92 20 38 58 46 24
66 51 15 5 32 3 29 64 82 32 94 62 8 4 48 71 95 9 69 77 58 77 28 48 66 0 52 39 50 30 13 44 73 70 10 74 32 56 2 40 95 48 1 17 97 6 82 11 16 9 15 82 55 22 29 80 75 95 32 99 51 14 89 53 75 41 97 0 47 21 55 15 49 67 99 89 91 18 23 65 58 90 72 82 78 71 18 14 11 94 81 46 36 77 55 24 72 76 23 81 74 22 56 3 71 28 73 76 59 17 13 93 51 9 30 48
47 84 28 38 14 74 41 13 81 90 31 88 69 12 74 44 17 61 33 19 35 55 51 71 92 52 0 4 33 21 84 51 9 29 66 73 11 3 6 93 96 0 78 45 89 32 86 24 75 89 61 31 35 11 61 68 96 19 62 1 43 95 41 69 5 94 62 93 5 57 91 85 32 27 29 13 45 79 35 16 44 40 33 63 15 61 21 7 65 32 3 26 12 90 19 30 65 38 100 85 49 90 58 85 74 47 4 18 70 87 78 25 84 12 13 99
79 66 77 55 39 8 36 20 6 64 33 0 51 22 42 5 69 2 36 99 63 99 64 51 53 39 4 0 14 66 26 21 77 65 76 70 4 21 78 26 15 35 89 26 31 95 83 100 42 100 13 25 63 97 37 8 52 77 75 77 39 55 92 37 93 32 93 56 24 60 20 66 55 92 0 95 29 76 58 47 15 72 90 39 6 9 35 81 16 92 58 98 3 95 23 31 47 30 5 52 10 32 60 27 85 18 97 28 29 22 83 40 93 39 52 76
43 97 64 6 83 38 92 44 85 29 8 79 67 38 21 38 95 38 8 21 16 37 22 61 18 50 33 14 0 33 99 86 54 69 69 27 22 84 80 17 4 3 53 60 48 46 38 78 70 80 60 77 61 20 15 94 9 65 44 21 16 62 39 80 14 21 27 80 31 71 49 93 43 35 27 82 50 60 5 57 55 0 23 22 2 36 56 31 47 42 23 40 96 21 54 63 42 44 36 93 52 23 34 67 88 69 92 8 61 66 81 42 18 71 14 68
74 89 67 35 51 69 99 63 13 89 42 46 93 64 50 42 57 5 12 64 79 92 59 77 73 30 21 66 33 0 19 100 97 9 2 15 56 2 62 74 74 83 46 6 21 54 18 63 58 0 14 73 36 29 63 41 44 91 18 28 68 26 0 1 54 60 80 19 76 67 44 54 70 18 96 70 76 71 72 32 34 61 63 37 80 35 84 31 45 69 68 16 63 61 22 22 56 4 14 20 24 5 29 81 52 5 74 29 86 3 55 80 61 0 22 78
5 94 93 48 97 83 98 80 82 45 54 82 21 49 60 29 84 41 37 93 77 15 2 98 36 13 84 26 99 19 0 57 65 74 2 81 48 47 41 61 66 54 26 2 97 30 28 49 67 86 100 18 26 50 65 20 48 38 41 43 43 8 48 58 56 88 17 73 34 67 42 100 11 51 24 17 100 42 84 23 14 55 59 69 54 28 7 45 88 57 52 97 64 99 71 90 75 21 55 61 22 8 1 56 76 87 58 80 61 46 27 32 81 83 21 16
42 63 64 99 37 96 77 20 29 92 68 52 40 94 94 88 51 68 61 6 89 54 60 54 21 44 51 21 86 100 57 0 11 5 62 65 36 70 98 59 23 68 4 100 7 81 22 11 44 46 49 61 73 3 19 59 5 5 0 0 32 97 22 19 69 13 49 89 61 50 76 29 54 2 95 65 11 77 38 97 79 80 49 86 38 81 87 23 87 93 64 60 30 86 93 58 28 69 42 11 51 87 5 50 0 51 93 97 1 62 62 26 33 83 64 55
15 87 40 32 63 60 70 22 93 6 79 80 61 68 38 88 37 76 94 83 65 7 93 64 50 73 9 77 54 97 65 11 0 62 59 23 5 42 10 52 36 64 26 90 46 12 27 55 83 17 92 99 34 71 6 48 30 84 67 42 87 74 20 54 34 46 20 86 37 50 73 89 80 89 42 67 68 44 30 92 43 32 86 4 52 24 68 63 56 50 13 53 88 85 63 41 43 70 51 43 100 39 26 28 64 83 78 24 10 26 42 39 43 32 71 25
70 36 86 85 4 16 34 80 48 82 12 34 28 41 72 68 5 33 12 10 97 98 30 91 16 70 29 65 69 9 74 5 62 0 4 37 43 36 65 79 99 78 63 74 46 46 13 32 13 86 56 82 35 49 29 64 76 92 71 50 48 65 80 30 2 11 45 21 83 82 43 6 16 85 74 43 71 91 66 82 83 21 62 93 96 84 14 91 5 79 46 71 100 65 11 86 0 67 34 63 2 67 33 90 6 17 78 92 3 10 65 2 58 0 24 95
85 39 37 56 47 19 89 5 34 7 50 9 90 55 47 87 54 22 63 32 19 10 96 17 37 10 66 76 69 2 2 62 59 4 0 34 49 58 40 71 16 10 47 60 32 31 95 60 40 48 27 80 9 12 2 91 14 18 15 29 82 26 51 90 52 54 80 89 17 74 26 43 51 99 10 13 92 28 32 64 31 99 77 57 93 49 97 63 82 51 87 56 72 18 33 0 33 34 87 72 30 55 16 57 20 17 67 25 45 53 80 95 55 17 6 28
38 57 67 35 38 66 62 40 10 29 73 13 21 15 55 41 6 13 69 86 75 89 54 43 33 74 73 70 27 15 81 65 23 37 34 0 34 60 15 61 82 20 75 95 90 95 25 17 37 72 81 16 59 3 77 74 64 56 46 78 61 43 24 76 39 44 96 24 47 0 34 56 78 28 96 0 59 7 22 35 23 37 13 89 12 0 47 18 27 74 61 60 68 38 89 76 12 32 96 91 41 5 14 42 21 81 55 90 7 64 63 44 34 59 99 73
50 68 23 3 32 90 78 88 78 40 39 32 41 4 33 32 70 54 31 70 47 51 36 15 70 32 11 4 22 56 48 36 5 43 49 34 0 41 47 80 15 31 69 91 90 90 4 80 50 2 42 0 56 38 78 66 30 100 66 28 96 30 47 9 62 99 40 83 9 55 90 49 39 31 3 54 87 49 28 100 55 85 5 31 24 69 54 61 0 72 97 86 100 15 39 99 7 31 17 22 48 22 88 60 25 51 86 15 6 54 15 71 99 44 17 93
13 95 41 62 67 13 70 77 51 35 58 33 27 52 31 25 5 50 70 53 15 27 78 69 17 56 3 21 84 2 47 70 42 36 58 60 41 0 28 83 2 46 25 27 10 46 74 77 10 62 17 55 80 62 55 96 15 0 65 89 93 98 0 27 10 25 78 86 58 63 88 18 77 75 84 46 66 66 32 66 80 8 33 28 31 50 14 69 68 37 24 25 68 73 28 69 63 5 3 18 98 77 9 51 36 45 49 17 37 76 44 93 10 50 13 15
21 46 52 75 27 53 6 20 42 46 52 33 71 24 77 98 19 15 10 47 10 29 23 24 60 2 6 78 80 62 41 98 10 65 40 15 47 28 0 0 62 95 35 56 25 37 9 75 19 30 32 54 49 40 52 52 88 13 36 55 98 46 93 97 48 31 76 60 19 75 21 72 96 76 72 24 49 28 29 38 99 62 33 32 33 17 73 3 0 71 9 62 97 0 6 83 48 71 47 53 19 76 99 65 98 18 33 28 32 88 21 70 8 41 94 39
43 86 38 62 77 9 22 41 38 89 45 62 36 42 70 98 92 49 57 36 92 6 46 92 46 40 93 26 17 74 61 59 52 79 71 61 80 83 0 0 85 18 48 65 34 14 1 18 87 90 28 62 69 57 100 19 31 51 58 75 57 18 48 29 65 7 69 78 95 0 0 62 68 93 78 57 68 66 78 26 4 21 49 53 0 44 60 9 40 55 79 87 91 21 10 35 41 85 30 19 99 87 46 45 95 51 4 17 82 50 67 79 31 68 77 15
44 71 92 89 85 56 64 0 59 51 24 86 87 46 93 49 2 29 81 44 48 48 2 1 37 95 96 15 4 74 66 23 36 99 16 82 15 2 62 85 0 38 2 52 35 93 41 69 45 21 5 45 100 39 81 87 42 34 30 8 58 51 15 28 71 22 100 23 62 53 64 3 71 2 37 27 28 57 80 28 77 75 50 15 83 91 15 73 22 0 76 44 6 58 58 7 81 18 26 99 34 60 0 95 60 94 36 98 16 0 72 64 24 35 32 41
53 56 44 68 67 53 34 33 62 52 40 72 40 72 35 28 93 12 16 18 98 62 14 91 41 48 0 35 3 83 54 68 64 78 10 20 31 46 95 18 38 0 16 14 42 98 4 26 82 53 74 17 34 69 59 50 63 63 1 23 43 9 64 25 40 13 70 13 73 31 79 8 31 99 57 97 61 89 72 77 99 42 57 70 4 13 68 77 61 52 7 17 37 29 65 3 38 0 57 83 32 20 32 89 67 55 78 60 87 85 100 82 42 65 56 21
89 25 74 94 78 30 94 33 89 21 40 76 80 52 70 32 22 86 11 97 30 94 77 88 92 1 78 89 53 46 26 4 26 63 47 75 69 25 35 48 2 16 0 19 91 83 93 7 80 70 48 96 93 94 30 29 11 45 63 37 29 39 99 79 98 18 82 88 21 56 42 88 46 93 16 41 4 93 65 51 55 100 10 12 25 61 98 39 60 45 86 84 5 23 10 61 70 4 74 12 40 69 85 3 15 41 86 56 94 24 18 85 70 5 71 70
56 59 60 61 28 22 1 57 66 45 61 85 27 1 58 71 28 82 69 4 74 28 12 50 97 17 45 26 60 6 2 100 90 74 60 95 91 27 56 65 52 14 19 0 23 79 49 75 7 59 95 67 52 68 75 50 63 94 2 46 57 89 13 98 15 63 83 75 1 4 51 3 84 93 87 9 79 73 75 46 91 11 4 80 98 84 49 13 5 98 31 32 29 67 33 9 57 36 37 28 58 64 12 66 57 0 75 5 41 91 38 91 68 75 48 50
91 6 12 51 28 86 69 85 1 98 47 73 35 77 10 59 84 55 43 3 53 3 51 53 42 97 89 31 48 21 97 7 46 46 32 90 90 10 25 34 35 42 91 23 0 48 93 26 1 19 50 15 13 65 65 81 22 51 99 34 37 90 84 57 77 94 67 41 90 26 88 75 22 46 37 71 70 65 98 58 48 55 100 75 99 72 34 53 5 80 23 28 0 15 16 57 30 58 62 14 9 51 95 31 97 49 24 23 14 61 26 18 71 68 48 57
32 23 12 27 86 58 23 70 28 30 21 97 26 22 43 2 97 50 35 40 9 68 28 99 62 6 32 95 46 54 30 81 12 46 31 95 90 46 37 14 93 98 83 79 48 0 100 77 5 65 78 56 52 7 38 74 91 30 53 81 52 70 7 39 65 87 9 58 36 77 70 27 10 40 27 12 77 67 26 35 34 100 11 43 53 56 94 61 65 16 73 17 27 58 64 76 85 43 18 24 21 14 14 20 48 93 24 33 97 70 82 72 34 27 96 5
15 27 72 51 9 50 35 73 64 1 36 84 96 20 8 62 17 63 37 37 10 99 77 82 73 82 86 83 38 18 28 22 27 13 95 25 4 74 9 1 41 4 93 49 93 100 0 9 46 92 27 5 99 44 50 100 20 84 7 23 73 78 9 18 55 49 23 12 99 14 86 65 85 81 59 93 23 1 10 89 61 84 16 22 25 78 48 23 11 4 4 36 8 95 60 13 78 76 81 89 61 89 30 12 17 50 18 71 32 32 19 47 64 32 38 56
79 88 40 73 4 5 20 92 21 18 23 82 41 29 85 60 26 9 8 42 23 96 60 50 84 11 24 100 78 63 49 11 55 32 60 17 80 77 75 18 69 26 7 75 26 77 9 0 58 20 41 47 89 1 64 98 69 65 28 86 78 67 10 77 33 9 36 2 36 32 16 86 59 96 97 51 21 38 72 98 41 6 6 100 74 8 96 61 29 91 55 70 97 75 39 13 34 100 9 66 83 39 22 49 76 76 86 7 93 35 29 63 93 79 33 88
4 39 21 46 37 52 61 43 3 38 3 10 22 81 90 1 100 94 7 63 67 2 14 35 12 16 75 42 70 58 67 44 83 13 40 37 50 10 19 87 45 82 80 7 1 5 46 58 0 41 22 34 73 37 54 97 12 6 29 100 20 48 60 28 98 7 40 77 96 37 6 89 68 63 91 14 99 96 54 63 68 5 96 48 47 58 92 93 36 12 62 42 27 92 44 0 53 25 46 64 86 62 51 85 8 9 97 21 66 23 25 77 34 12 95 59
89 32 43 90 2 16 44 85 26 100 44 18 57 57 27 42 26 65 29 96 16 15 2 39 76 9 89 100 80 0 86 46 17 86 48 72 2 62 30 90 21 53 70 59 19 65 92 20 41 0 9 66 87 26 60 75 36 29 48 5 31 13 81 52 81 42 54 75 13 9 16 45 57 27 21 32 57 75 5 56 61 65 71 87 17 50 64 17 97 62 41 10 49 42 55 94 93 75 11 1 5 16 35 93 10 96 40 69 20 96 11 91 76 65 39 20
42 91 19 53 68 62 90 66 96 89 7 14 95 44 19 83 30 48 100 72 94 18 49 74 0 15 61 13 60 14 100 49 92 56 27 81 42 17 32 28 5 74 48 95 50 78 27 41 22 9 0 58 18 41 3 67 71 47 10 74 7 47 93 9 76 10 25 32 71 51 84 53 30 77 58 7 65 66 47 50 9 84 36 53 50 87 66 19 28 96 24 0 74 4 39 39 63 87 46 55 59 82 80 30 4 2 33 29 34 88 64 8 40 56 92 85
12 94 1 67 14 79 78 89 94 55 42 5 58 14 17 96 36 95 45 98 73 58 24 23 0 82 31 25 77 73 18 61 99 82 80 16 0 55 54 62 45 17 96 67 15 56 5 47 34 66 58 0 50 85 69 17 21 23 16 5 57 42 96 92 84 12 44 36 74 80 90 23 94 56 79 49 90 91 4 57 40 4 47 17 66 7 17 0 30 87 95 74 84 45 46 89 7 53 77 55 35 65 18 94 40 56 28 31 72 25 35 5 71 61 64 56
89 11 46 96 85 88 81 98 28 25 48 14 22 97 12 7 79 17 59 95 60 28 12 19 53 55 35 63 61 36 26 73 34 35 9 59 56 80 49 69 100 34 93 52 13 52 99 89 73 87 18 50 0 81 87 48 95 49 13 43 13 61 44 90 51 79 35 18 2 76 72 26 16 52 86 1 72 45 84 85 0 39 29 100 93 99 47 35 31 85 0 47 36 32 7 82 7 87 11 60 96 40 4 17 68 40 35 12 73 43 35 51 84 5 22 66
83 35 68 46 30 35 33 98 16 66 98 98 48 41 72 81 4 58 33 62 19 12 89 98 4 22 11 97 20 29 50 3 71 49 12 3 38 62 40 57 39 69 94 68 65 7 44 1 37 26 41 85 81 0 94 84 19 70 49 27 80 99 80 96 22 21 72 39 75 54 19 35 25 22 78 78 83 18 85 3 87 20 4 91 98 52 38 39 93 30 85 72 63 1 94 49 3 79 80 72 43 98 12 12 100 62 69 0 94 95 97 51 39 22 17 43
9 93 81 94 52 63 44 73 1 30 65 2 44 64 47 8 46 5 25 31 28 89 12 36 94 29 61 37 15 63 65 19 6 29 2 77 78 55 52 100 81 59 30 75 65 38 50 64 54 60 3 69 87 94 0 5 54 92 85 56 53 26 54 83 37 36 30 31 28 38 23 1 94 62 45 23 46 20 79 22 87 44 62 3 95 52 18 21 36 8 48 69 82 59 39 59 58 26 80 61 79 83 98 80 6 12 88 41 25 50 83 83 97 27 30 91
20 88 86 15 19 6 75 41 6 81 7 48 42 4 17 83 84 53 31 45 0 3 34 55 87 80 68 8 94 41 20 59 48 64 91 74 66 96 52 19 87 50 29 50 81 74 100 98 97 75 67 17 48 84 5 0 11 67 88 43 8 60 9 70 84 72 64 66 32 77 14 11 90 30 7 7 41 10 61 37 85 51 11 89 53 27 64 50 98 22 52 1 81 73 63 22 16 21 12 4 78 40 18 40 17 66 23 27 41 37 63 89 11 82 10 90
59 26 17 77 92 89 55 64 46 100 17 79 23 38 53 87 76 53 19 97 25 30 98 48 64 75 96 52 9 44 48 5 30 76 14 64 30 15 88 31 42 63 11 63 22 91 20 69 12 36 71 21 95 19 54 11 0 48 14 85 57 97 73 35 30 55 41 51 91 38 27 25 60 43 32 51 37 14 45 6 16 77 53 4 71 65 6 79 22 7 98 55 62 4 19 78 51 51 49 27 56 49 92 16 46 89 47 5 95 22 61 46 84 24 26 41
4 64 18 82 49 22 48 56 35 49 64 0 66 51 49 60 84 24 56 92 60 74 39 55 31 95 19 77 65 91 38 5 84 92 18 56 100 0 13 51 34 63 45 94 51 30 84 65 6 29 47 23 49 70 92 67 48 0 69 93 70 27 8 57 97 18 37 95 84 74 95 24 36 72 73 23 41 11 44 65 51 94 65 22 94 80 62 3 47 97 33 37 68 59 30 93 13 2 77 55 1 63 14 63 14 15 78 83 52 41 44 43 6 11 41 55
2 15 39 81 62 91 66 30 87 49 95 31 83 45 50 92 27 80 20 0 88 86 100 98 10 32 62 75 44 18 41 0 67 71 15 46 66 65 36 58 30 1 63 2 99 53 7 28 29 48 10 16 13 49 85 88 14 69 0 97 75 46 72 57 49 47 38 60 73 67 74 53 99 56 70 58 78 89 97 92 36 49 35 53 70 43 56 37 36 19 22 64 69 87 20 23 52 28 27 94 14 34 91 19 9 11 6 40 36 79 99 6 82 33 38 24
78 95 88 59 64 70 40 16 86 28 8 95 2 49 84 28 28 34 34 51 64 33 80 19 83 99 1 77 21 28 43 0 42 50 29 78 28 89 55 75 8 23 37 46 34 81 23 86 100 5 74 5 43 27 56 43 85 93 97 0 93 62 88 67 98 65 24 34 14 27 83 80 94 72 70 93 36 45 30 13 56 63 36 76 41 22 3 41 58 6 88 67 47 0 52 86 89 13 13 91 96 27 14 60 56 49 50 91 0 51 40 14 62 26 84 9
31 2 35 23 69 25 48 51 34 42 32 51 85 72 75 52 61 100 80 38 58 54 6 88 1 51 43 39 16 68 43 32 87 48 82 61 96 93 98 57 58 43 29 57 37 52 73 78 20 31 7 57 13 80 53 8 57 70 75 93 0 44 48 70 61 5 65 51 40 8 55 88 72 94 56 94 59 23 28 41 90 68 74 65 24 52 94 4 23 84 55 13 68 52 54 34 90 80 74 50 27 63 60 93 38 33 7 0 52 73 53 68 62 35 19 89
94 65 62 94 89 54 41 72 45 33 81 32 95 27 42 10 63 58 38 20 26 33 5 44 61 14 95 55 62 26 8 97 74 65 26 43 30 98 46 18 51 9 39 89 90 70 78 67 48 13 47 42 61 99 26 60 97 27 46 62 44 0 48 29 37 3 26 85 8 60 21 15 30 68 14 11 68 94 39 41 27 10 32 96 37 27 83 91 94 45 13 42 70 42 18 19 60 28 79 30 41 69 20 0 43 87 36 19 3 94 30 44 24 49 57 86
76 15 39 68 23 8 1 91 29 22 86 93 5 57 29 81 68 4 39 31 16 36 90 94 9 89 41 92 39 0 48 22 20 80 51 24 47 0 93 48 15 64 99 13 84 7 9 10 60 81 93 96 44 80 54 9 73 8 72 88 48 48 0 16 12 78 33 71 71 48 68 13 64 1 31 4 33 19 16 36 11 56 9 86 62 27 30 44 94 83 83 95 47 3 21 26 13 98 77 59 45 71 38 16 13 13 80 60 48 55 0 6 68 55 55 33
74 6 61 93 39 91 53 95 10 87 89 42 3 78 9 17 37 86 25 85 20 11 62 45 87 53 69 37 80 1 58 19 54 30 90 76 9 27 97 29 28 25 79 98 57 39 18 77 28 52 9 92 90 96 83 70 35 57 57 67 70 29 16 0 92 9 3 80 97 97 40 8 51 79 71 32 22 5 48 61 86 38 66 64 100 10 68 12 80 1 82 83 72 2 77 72 68 88 56 75 65 60 71 50 18 7 20 4 8 19 51 58 15 50 72 0
53 88 83 85 47 37 71 16 1 25 53 30 67 36 57 68 2 33 96 17 33 95 91 41 57 75 5 93 14 54 56 69 34 2 52 39 62 10 48 65 71 40 98 15 77 65 55 33 98 81 76 84 51 22 37 84 30 97 49 98 61 37 12 92 0 52 98 74 84 92 66 60 49 49 71 41 76 42 0 24 17 93 96 17 85 98 11 19 65 78 89 0 31 92 47 2 36 56 84 42 95 88 34 9 33 100 23 51 21 94 76 44 33 63 82 84
54 51 61 35 23 27 33 49 90 17 81 64 64 95 46 71 68 49 85 87 97 75 17 94 16 41 94 32 21 60 88 13 46 11 54 44 99 25 31 7 22 13 18 63 94 87 49 9 7 42 10 12 79 21 36 72 55 18 47 65 5 3 78 9 52 0 49 70 24 44 76 38 64 26 81 75 89 11 58 35 44 96 94 7 71 87 51 4 22 16 57 67 48 44 34 99 92 7 68 44 60 97 9 17 75 11 32 97 87 91 46 77 76 37 39 42
67 77 33 9 29 78 30 42 25 31 83 2 52 28 21 34 2 86 9 23 28 24 21 53 59 97 62 93 27 80 17 49 20 45 80 96 40 78 76 69 100 70 82 83 67 9 23 36 40 54 25 44 35 72 30 64 41 37 38 24 65 26 33 3 98 49 0 89 0 57 97 45 12 73 55 52 42 87 36 94 38 24 26 82 70 66 100 4 4 86 94 7 84 25 12 55 77 50 54 91 81 35 84 88 65 69 68 27 1 86 8 37 37 39 62 1
15 30 9 94 57 94 71 67 42 11 16 76 88 13 96 74 83 81 92 28 14 50 70 50 49 0 93 56 80 19 73 89 86 21 89 24 83 86 60 78 23 13 88 75 41 58 12 2 77 75 32 36 18 39 31 66 51 95 60 34 51 85 71 80 74 70 89 0 55 53 90 33 44 55 35 55 11 59 20 78 42 92 3 78 28 15 68 92 24 10 39 28 29 73 13 91 89 61 22 6 6 44 21 72 2 39 71 25 77 13 54 35 6 93 100 9
73 27 0 31 28 33 99 87 89 61 5 20 12 7 41 88 94 39 21 7 23 70 9 97 71 47 5 24 31 76 34 61 37 83 17 47 9 58 19 95 62 73 21 1 90 36 99 36 96 13 71 74 2 75 28 32 91 84 73 14 40 8 71 97 84 24 0 55 0 74 71 43 55 84 74 58 31 99 41 46 95 39 86 47 64 38 61 26 16 96 23 35 85 58 23 80 79 100 21 97 76 34 88 85 99 19 71 81 48 22 4 68 90 79 36 18
85 15 51 8 40 55 68 24 11 14 42 13 48 44 79 75 44 37 7 30 1 72 95 15 58 21 57 60 71 67 67 50 50 82 74 0 55 63 75 0 53 31 56 4 26 77 14 32 37 9 51 80 76 54 38 77 38 74 67 27 8 60 48 97 92 44 57 53 74 0 39 31 20 14 0 82 16 97 58 6 11 7 79 74 77 48 69 64 13 60 49 8 6 15 92 35 83 10 7 24 42 75 91 47 69 0 19 5 41 92 71 93 28 77 47 76
17 43 0 61 52 45 6 63 13 27 39 8 74 71 46 68 50 53 18 10 66 45 78 86 53 55 91 20 49 44 42 76 73 43 26 34 90 88 21 0 64 79 42 51 88 70 86 16 6 16 84 90 72 19 23 14 27 95 74 83 55 21 68 40 66 76 97 90 71 39 0 80 14 17 26 55 92 47 82 30 24 22 1 73 41 26 76 29 0 65 44 62 45 13 0 80 35 91 84 70 51 37 25 0 53 0 64 55 68 37 66 67 51 17 12 61
70 61 71 28 21 50 57 40 82 30 60 85 41 96 2 30 38 73 76 84 58 13 70 39 91 15 85 66 93 54 100 29 89 6 43 56 49 18 72 62 3 8 88 3 75 27 65 86 89 45 53 23 26 35 1 11 25 24 53 80 88 15 13 8 60 38 45 33 43 31 80 0 20 87 82 96 92 25 23 6 69 67 97 83 61 19 71 14 52 21 51 42 52 18 43 4 28 61 55 44 88 57 33 20 49 36 32 83 47 28 15 81 4 33 64 88
21 83 81 16 59 17 76 76 18 48 67 62 74 35 37 0 89 42 51 23 67 2 30 30 27 49 32 55 43 70 11 54 80 16 51 78 39 77 96 68 71 31 46 84 22 10 85 59 68 57 30 94 16 25 94 90 60 36 99 94 72 30 64 51 49 64 12 44 55 20 14 20 0 70 73 6 26 35 81 5 74 20 18 57 8 8 95 5 33 50 73 49 17 58 29 12 88 29 49 92 99 56 16 22 89 72 16 77 49 57 93 15 79 64 18 21
52 36 7 32 83 38 31 4 53 14 47 74 49 53 32 19 4 75 19 21 49 44 56 79 91 67 27 92 35 18 51 2 89 85 99 28 31 75 76 93 2 99 93 93 46 40 81 96 63 27 77 56 52 22 62 30 43 72 56 72 94 68 1 79 49 26 73 55 84 14 17 87 70 0 14 69 72 82 39 53 85 32 69 86 98 79 51 54 79 47 67 26 14 98 89 1 54 90 80 4 19 77 98 14 10 20 65 28 49 75 44 43 99 78 45 32
37 71 66 95 89 22 1 60 29 16 56 91 13 71 80 16 81 17 99 90 3 47 51 7 50 99 29 0 27 96 24 95 42 74 10 96 3 84 72 78 37 57 16 87 37 27 59 97 91 21 58 79 86 78 45 7 32 73 70 70 56 14 31 71 71 81 55 35 74 0 26 82 73 14 0 70 24 97 92 19 99 98 18 29 63 24 54 10 25 32 33 47 67 29 8 47 65 48 15 82 47 33 64 33 31 66 52 39 27 43 64 84 1 6 39 87
66 27 26 73 38 72 81 52 37 1 27 84 23 54 26 51 90 80 93 35 99 77 91 12 28 89 13 95 82 70 17 65 67 43 13 0 54 46 24 57 27 97 41 9 71 12 93 51 14 32 7 49 1 78 23 7 51 23 58 93 94 11 4 32 41 75 52 55 58 82 55 96 6 69 70 0 85 10 92 6 41 67 52 15 9 33 100 45 5 61 36 92 68 7 10 24 1 25 26 100 58 7 59 6 99 12 33 22 98 5 86 58 45 75 90 15
51 27 73 74 50 56 21 19 54 97 6 89 9 30 47 25 32 97 23 75 32 61 23 23 36 91 45 29 50 76 100 11 68 71 92 59 87 66 49 68 28 61 4 79 70 77 23 21 99 57 65 90 72 83 46 41 37 41 78 36 59 68 33 22 76 89 42 11 31 16 92 92 26 72 24 85 0 53 61 82 58 24 25 64 23 70 33 21 23 91 29 98 46 61 95 7 25 51 46 81 62 2 85 28 98 27 39 47 18 46 46 96 29 8 51 69
82 79 11 85 52 12 13 41 93 67 66 2 66 71 89 99 23 72 22 3 72 93 49 73 97 18 79 76 60 71 42 77 44 91 28 7 49 66 28 66 57 89 93 73 65 67 1 38 96 75 66 91 45 18 20 10 14 11 89 45 23 94 19 5 42 11 87 59 99 97 47 25 35 82 97 10 53 0 69 11 36 77 20 12 15 11 22 3 73 16 41 27 38 49 83 56 31 26 43 18 59 99 4 90 98 0 13 92 100 26 64 43 41 60 61 85
89 35 57 51 89 30 6 8 16 18 19 24 51 4 95 85 53 26 10 56 31 7 76 79 16 23 35 58 5 72 84 38 30 66 32 22 28 32 29 78 80 72 65 75 98 26 10 72 54 5 47 4 84 85 79 61 45 44 97 30 28 39 16 48 0 58 36 20 41 58 82 23 81 39 92 92 61 69 0 2 39 51 16 74 45 61 58 30 35 85 33 96 97 21 24 55 20 58 99 61 19 32 72 71 63 90 10 30 62 52 24 60 66 82 59 19
94 12 71 94 18 55 65 44 82 56 20 32 71 95 59 73 6 84 68 81 74 66 83 86 44 65 16 47 57 32 23 97 92 82 64 35 100 66 38 26 28 77 51 46 58 35 89 98 63 56 50 57 85 3 22 37 6 65 92 13 41 41 36 61 24 35 94 78 46 6 30 6 5 53 19 6 82 11 2 0 59 49 12 58 76 27 55 2 15 58 100 99 43 81 89 38 78 31 26 12 22 58 57 71 77 49 6 54 37 100 27 58 12 78 62 54
6 33 22 83 59 61 36 90 46 71 96 65 87 2 66 64 59 51 63 57 82 55 19 53 2 58 44 15 55 34 14 79 43 83 31 23 55 80 99 4 77 99 55 91 48 34 61 41 68 61 9 40 0 87 87 85 16 51 36 56 90 27 11 86 17 44 38 42 95 11 24 69 74 85 99 41 58 36 39 59 0 20 32 91 49 34 74 51 63 50 23 43 21 94 17 86 97 34 10 0 70 19 29 58 71 58 90 99 30 5 95 3 80 75 84 82
66 97 72 4 93 42 89 42 39 59 50 17 60 8 71 50 61 49 98 99 51 43 45 63 88 90 40 72 0 61 55 80 32 21 99 37 85 8 62 21 75 42 100 11 55 100 84 6 5 65 84 4 39 20 44 51 77 94 49 63 68 10 56 38 93 96 24 92 39 7 22 67 20 32 98 67 24 77 51 49 20 0 96 73 42 54 55 43 18 26 45 5 62 70 5 11 22 84 38 5 65 83 18 62 66 59 99 94 64 73 53 40 16 13 24 52
24 65 70 15 53 100 57 82 5 72 48 35 88 2 3 84 99 58 38 33 76 79 36 40 95 72 33 90 23 63 59 49 86 62 77 13 5 33 33 49 50 57 10 4 100 11 16 6 96 71 36 47 29 4 62 11 53 65 35 36 74 32 9 66 96 94 26 3 86 79 1 97 18 69 18 52 25 20 16 12 32 96 0 78 17 61 93 23 37 49 5 10 8 100 55 75 61 83 27 43 70 36 81 92 73 9 10 64 39 94 38 61 86 19 62 23
69 53 44 92 78 25 95 79 88 60 56 68 62 99 94 76 3 50 11 57 4 85 19 33 48 82 63 39 22 37 69 86 4 93 57 89 31 28 32 53 15 70 12 80 75 43 22 100 48 87 53 17 100 91 3 89 4 22 53 76 65 96 86 64 17 7 82 78 47 74 73 83 57 86 29 15 64 12 74 58 91 73 78 0 45 78 33 93 0 76 83 47 71 59 68 17 53 24 17 74 9 92 92 16 65 86 45 16 40 43 5 51 20 63 72 37
76 18 45 27 13 85 2 52 48 62 34 61 87 5 34 13 94 27 68 31 74 14 48 32 32 78 15 6 2 80 54 38 52 96 93 12 24 31 33 0 83 4 25 98 99 53 25 74 47 17 50 66 93 98 95 53 71 94 70 41 24 37 62 100 85 71 70 28 64 77 41 61 8 98 63 9 23 15 45 76 49 42 17 45 0 29 27 80 65 67 95 87 87 30 33 57 8 38 96 42 92 30 50 60 18 46 79 25 7 20 38 16 52 67 80 2
47 85 83 69 81 63 8 38 29 99 15 46 23 67 90 17 69 26 68 80 14 94 74 22 49 71 61 9 36 35 28 81 24 84 49 0 69 50 17 44 91 13 61 84 72 56 78 8 58 50 87 7 99 52 52 27 65 80 43 22 52 27 27 10 98 87 66 15 38 48 26 19 8 79 24 33 70 11 61 27 34 54 61 78 29 0 91 0 79 87 68 5 8 3 43 44 88 6 72 58 99 100 83 43 20 71 24 50 55 20 11 35 11 44 10 100
2 27 13 15 55 47 54 57 71 92 89 66 51 93 58 90 13 0 51 81 99 27 4 75 89 18 21 35 56 84 7 87 68 14 97 47 54 14 73 60 15 68 98 49 34 94 48 96 92 64 66 17 47 38 18 64 6 62 56 3 94 83 30 68 11 51 100 68 61 69 76 71 95 51 54 100 33 22 58 55 74 55 93 33 27 91 0 56 59 85 16 3 91 60 60 43 3 62 63 14 17 60 26 14 96 11 69 12 0 71 47 58 18 35 2 74
19 97 5 92 81 3 56 1 61 12 55 97 66 50 39 32 7 20 72 84 25 28 41 25 66 14 7 81 31 31 45 23 63 91 63 18 61 69 3 9 73 77 39 13 53 61 23 61 93 17 19 0 35 39 21 50 79 3 37 41 4 91 44 12 19 4 4 92 26 64 29 14 5 54 10 45 21 3 30 2 51 43 23 93 80 0 56 0 53 40 64 65 22 11 7 0 65 37 91 6 93 32 31 9 24 92 26 8 8 88 70 63 94 28 55 95
100 58 56 58 20 85 50 23 54 39 75 82 78 87 1 17 34 38 53 5 21 89 99 56 40 11 65 16 47 45 88 87 56 5 82 27 0 68 0 40 22 61 60 5 5 65 11 29 36 97 28 30 31 93 36 98 22 47 36 58 23 94 94 80 65 22 4 24 16 13 0 52 33 79 25 5 23 73 35 15 63 18 37 0 65 79 59 53 0 53 97 59 10 6 71 85 86 39 97 52 62 17 71 77 97 95 93 80 37 50 57 13 1 58 25 73
27 74 85 82 29 90 76 20 41 97 58 53 44 16 14 6 54 79 100 75 6 41 49 50 28 94 32 92 42 69 57 93 50 79 51 74 72 37 71 55 0 52 45 98 80 16 4 91 12 62 96 87 85 30 8 22 7 97 19 6 84 45 83 1 78 16 86 10 96 60 65 21 50 47 32 61 91 16 85 58 50 26 49 76 67 87 85 40 53 0 55 4 62 79 38 96 71 61 24 51 41 28 35 6 36 58 25 70 82 75 53 70 2 23 12 63
54 12 1 1 2 65 0 34 8 35 34 15 4 61 29 47 49 94 51 13 19 61 29 38 71 81 3 58 23 68 52 64 13 46 87 61 97 24 9 79 76 7 86 31 23 73 4 55 62 41 24 95 0 85 48 52 98 33 22 88 55 13 83 82 89 57 94 39 23 49 44 51 73 67 33 36 29 41 33 100 23 45 5 83 95 68 16 64 97 55 0 0 18 11 9 51 3 61 49 1 34 60 43 6 43 42 68 6 5 70 99 25 86 96 46 70
26 29 52 20 79 80 15 52 81 17 54 28 49 3 0 42 12 96 38 96 23 85 83 22 98 46 26 98 40 16 97 60 53 71 56 60 86 25 62 87 44 17 84 32 28 17 36 70 42 10 0 74 47 72 69 1 55 37 64 67 13 42 95 83 0 67 7 28 35 8 62 42 49 26 47 92 98 27 96 99 43 5 10 47 87 5 3 65 59 4 0 0 42 66 86 4 20 36 51 8 54 48 50 68 91 77 1 32 2 39 1 73 37 46 41 68
73 73 42 68 95 56 78 22 84 44 100 54 40 2 81 37 5 53 93 52 72 10 90 55 58 36 12 3 96 63 64 30 88 100 72 68 100 68 97 91 6 37 5 29 0 27 8 97 27 49 74 84 36 63 82 81 62 68 69 47 68 70 47 72 31 48 84 29 85 6 45 52 17 14 67 68 46 38 97 43 21 62 8 71 87 8 91 22 10 62 18 42 0 93 22 48 46 96 25 65 97 54 85 79 11 79 76 27 15 82 53 90 32 90 3 52
16 47 16 8 82 49 64 83 5 94 38 89 61 0 92 69 57 80 86 88 36 68 54 96 75 77 90 95 21 61 99 86 85 65 18 38 15 73 0 21 58 29 23 67 15 58 95 75 92 42 4 45 32 1 59 73 4 59 87 0 52 42 3 2 92 44 25 73 58 15 13 18 58 98 29 7 61 49 21 81 94 70 100 59 30 3 60 11 6 79 11 66 93 0 12 1 58 35 0 1 13 100 23 20 98 83 63 53 18 69 70 51 65 59 34 60
62 88 53 20 2 96 77 89 72 24 76 78 1 85 69 6 17 71 43 88 6 9 87 79 75 55 19 23 54 22 71 93 63 11 33 89 39 28 6 10 58 65 10 33 16 64 60 39 44 55 39 46 7 94 39 63 19 30 20 52 54 18 21 77 47 34 12 13 23 92 0 43 29 89 8 10 95 83 24 89 17 5 55 68 33 43 60 7 71 38 9 86 22 12 0 20 33 90 66 45 2 79 33 4 25 94 52 94 46 38 69 75 75 96 3 86
4 8 43 17 19 59 44 38 32 11 83 37 83 72 33 26 27 13 20 48 23 96 40 1 51 24 30 31 63 22 90 58 41 86 0 76 99 69 83 35 7 3 61 9 57 76 13 13 0 94 39 89 82 49 59 22 78 93 23 86 34 19 26 72 2 99 55 91 80 35 80 4 12 1 47 24 7 56 55 38 86 11 75 17 57 44 43 0 85 96 51 4 48 1 20 0 64 12 31 89 19 34 23 33 28 73 74 45 21 95 34 85 22 16 69 35
33 77 93 1 46 84 20 53 41 54 69 47 65 18 17 75 54 95 87 54 66 33 89 11 30 72 65 47 42 56 75 28 43 0 33 12 7 63 48 41 81 38 70 57 30 85 78 34 53 93 63 7 7 3 58 16 51 13 52 89 90 60 13 68 36 92 77 89 79 83 35 28 88 54 65 1 25 31 20 78 97 22 61 53 8 88 3 65 86 71 3 20 46 58 33 64 0 39 29 30 70 66 7 59 68 93 54 71 74 3 90 49 41 52 66 17
27 16 67 88 96 47 44 50 3 77 7 72 52 96 65 23 83 55 66 63 37 11 72 24 63 76 38 30 44 4 21 69 70 67 34 32 31 5 71 85 18 0 4 36 58 43 76 100 25 75 87 53 87 79 26 21 51 2 28 13 80 28 98 88 56 7 50 61 100 10 91 61 29 90 48 25 51 26 58 31 34 84 83 24 38 6 62 37 39 61 61 36 96 35 90 12 39 0 35 80 48 82 37 28 34 50 79 46 13 85 64 17 29 89 98 86
7 68 47 28 83 38 96 70 77 17 91 81 95 22 92 47 32 22 50 67 70 76 46 49 1 23 100 5 36 14 55 42 51 34 87 96 17 3 47 30 26 57 74 37 62 18 81 9 46 11 46 77 11 80 80 12 49 77 27 13 74 79 77 56 84 68 54 22 21 7 84 55 49 80 15 26 46 43 99 26 10 38 27 17 96 72 63 91 97 24 49 51 25 0 66 31 29 35 0 10 72 87 65 60 68 11 89 8 18 38 75 14 85 50 82 94
46 60 94 39 90 89 69 37 59 89 3 13 40 30 35 44 9 31 33 44 60 21 95 10 61 81 85 52 93 20 61 11 43 63 72 91 22 18 53 19 99 83 12 28 14 24 89 66 64 1 55 55 60 72 61 4 27 55 94 91 50 30 59 75 42 44 91 6 97 24 70 44 92 4 82 100 81 18 61 12 0 5 43 74 42 58 14 6 52 51 1 8 65 1 45 89 30 80 10 0 2 99 55 32 47 85 67 67 9 96 55 19 15 83 64 1
14 15 64 94 10 97 75 21 88 44 20 35 97 0 46 78 6 72 52 46 94 53 21 87 50 74 49 10 52 24 22 51 100 2 30 41 48 98 19 99 34 32 40 58 9 21 61 83 86 5 59 35 96 43 79 78 56 1 14 96 27 41 45 65 95 60 81 6 76 42 51 88 99 19 47 58 62 59 19 22 70 65 70 9 92 99 17 93 62 41 34 54 97 13 2 19 70 48 72 2 0 45 30 5 82 78 35 39 70 99 75 72 66 84 48 74
21 27 72 19 76 62 85 61 64 39 43 71 19 61 79 44 24 43 5 18 3 68 4 15 62 22 90 32 23 5 8 87 39 67 55 5 22 77 76 87 60 20 69 64 51 14 89 39 62 16 82 65 40 98 83 40 49 63 34 27 63 69 71 60 88 97 35 44 34 75 37 57 56 77 33 7 2 99 32 58 19 83 36 92 30 100 60 32 17 28 60 48 54 100 79 34 66 82 87 99 45 0 12 70 34 72 55 57 59 20 55 24 71 42 4 54
89 23 90 9 21 51 95 87 41 11 97 71 59 56 28 40 79 51 92 64 25 51 36 7 4 56 58 60 34 29 1 5 26 33 16 14 88 9 99 46 0 32 85 12 95 14 30 22 51 35 80 18 4 12 98 18 92 14 91 14 60 20 38 71 34 9 84 21 88 91 25 33 16 98 64 59 85 4 72 57 29 18 81 92 50 83 26 31 71 35 43 50 85 23 33 23 7 37 65 55 30 12 0 83 56 0 67 1 7 58 59 36 4 51 17 50
39 77 99 95 25 38 4 72 56 11 99 57 17 8 31 64 53 62 68 22 13 80 62 75 69 3 85 27 67 81 56 50 28 90 57 42 60 51 65 45 95 89 3 66 31 20 12 49 85 93 30 94 17 12 80 40 16 63 19 60 93 0 16 50 9 17 88 72 85 47 0 20 22 14 33 6 28 90 71 71 58 62 92 16 60 43 14 9 77 6 6 68 79 20 4 33 59 28 60 32 5 70 83 0 31 30 78 17 58 35 38 88 45 76 92 56
0 16 16 32 55 95 12 29 64 76 62 30 96 36 67 52 90 3 94 41 58 48 91 74 49 71 74 85 88 52 76 0 64 6 20 21 25 36 98 95 60 67 15 57 97 48 17 76 8 10 4 40 68 100 6 17 46 14 9 56 38 43 13 18 33 75 65 2 99 69 53 49 89 10 31 99 98 98 63 77 71 66 73 65 18 20 96 24 97 36 43 91 11 98 25 28 68 34 68 47 82 34 56 31 0 64 73 95 84 4 47 80 79 79 10 40
19 46 13 96 57 80 21 10 70 64 13 52 100 13 99 44 30 93 49 38 87 65 4 67 37 28 47 18 69 5 87 51 83 17 17 81 51 45 18 51 94 55 41 0 49 93 50 76 9 96 2 56 40 62 12 66 89 15 11 49 33 87 13 7 100 11 69 39 19 0 0 36 72 20 66 12 27 0 90 49 58 59 9 86 46 71 11 92 95 58 42 77 79 83 94 73 93 50 11 85 78 72 0 30 64 0 12 59 49 0 37 41 2 96 13 50
43 34 73 97 7 61 84 51 44 32 27 53 69 2 34 70 69 63 27 51 29 34 22 53 76 73 4 97 92 74 58 93 78 78 67 55 86 49 33 4 36 78 86 75 24 24 18 86 97 40 33 28 35 69 88 23 47 78 6 50 7 36 80 20 23 32 68 71 71 19 64 32 16 65 52 33 39 13 10 6 90 99 10 45 79 24 69 26 93 25 68 1 76 63 52 74 54 79 89 67 35 55 67 78 73 12 0 95 25 40 66 50 87 93 9 24
21 85 54 36 34 89 13 12 30 37 91 47 2 43 5 80 46 31 22 84 19 1 0 18 63 76 18 28 8 29 80 97 24 92 25 90 15 17 28 17 98 60 56 5 23 33 71 7 21 69 29 31 12 0 41 27 5 83 40 91 0 19 60 4 51 97 27 25 81 5 55 83 77 28 39 22 47 92 30 54 99 94 64 16 25 50 12 8 80 70 6 32 27 53 94 45 71 46 8 67 39 57 1 17 95 59 95 0 97 39 31 80 93 94 49 44
22 67 85 86 13 4 83 17 17 33 8 88 14 10 3 76 16 45 78 15 36 4 86 70 12 59 70 29 61 86 61 1 10 3 45 7 6 37 32 82 16 87 94 41 14 97 32 93 66 20 34 72 73 94 25 41 95 52 36 0 52 3 48 8 21 87 1 77 48 41 68 47 49 49 27 98 18 100 62 37 30 64 39 40 7 55 0 8 37 82 5 2 15 18 46 21 74 13 18 9 70 59 7 58 84 49 25 97 0 93 97 75 80 93 17 27
62 45 1 39 32 45 92 83 44 99 98 0 47 86 73 16 1 10 72 4 36 29 22 98 77 17 87 22 66 3 46 62 26 10 53 64 54 76 88 50 0 85 24 91 61 70 32 35 23 96 88 25 43 95 50 37 22 41 79 51 73 94 55 19 94 91 86 13 22 92 37 28 57 75 43 5 46 26 52 100 5 73 94 43 20 20 71 88 50 75 70 39 82 69 38 95 3 85 38 96 99 20 58 35 4 0 40 39 93 0 51 62 47 29 7 43
58 2 71 80 67 38 75 3 70 45 50 100 61 6 1 30 67 2 18 83 79 2 11 21 92 13 78 83 81 55 27 62 42 65 80 63 15 44 21 67 72 100 18 38 26 82 19 29 25 11 64 35 35 97 83 63 61 44 99 40 53 30 0 51 76 46 8 54 4 71 66 15 93 44 64 86 46 64 24 27 95 53 38 5 38 11 47 70 57 53 99 1 53 70 69 34 90 64 75 55 75 55 59 38 47 37 66 31 97 51 0 94 44 80 78 45
91 83 23 69 70 88 65 2 84 53 33 23 62 25 70 35 75 32 67 37 67 99 88 60 20 93 25 40 42 80 32 26 39 2 95 44 71 93 70 79 64 82 85 91 18 72 47 63 77 91 8 5 51 51 83 89 46 43 6 14 68 44 6 58 44 77 37 35 68 93 67 81 15 43 84 58 96 43 60 58 3 40 61 51 16 35 58 63 13 70 25 73 90 51 75 85 49 17 14 19 72 24 36 88 80 41 50 80 75 62 94 0 36 82 43 46
39 57 48 25 41 11 0 96 40 44 46 59 86 36 1 2 57 55 45 84 93 44 35 73 38 51 84 93 18 61 81 33 43 58 55 34 99 10 8 31 24 42 70 68 71 34 64 93 34 76 40 71 84 39 97 11 84 6 82 62 62 24 68 15 33 76 37 6 90 28 51 4 79 99 1 45 29 41 66 12 80 16 86 20 52 11 18 94 1 2 86 37 32 65 75 22 41 29 85 15 66 71 4 45 79 2 87 93 80 47 44 36 0 51 96 54
86 63 94 70 71 43 25 77 26 54 53 86 20 36 66 36 89 50 32 15 36 31 36 76 58 9 12 39 71 0 83 83 32 0 17 59 44 50 41 68 35 65 5 75 68 27 32 79 12 65 56 61 5 22 27 82 24 11 33 26 35 49 55 50 63 37 39 93 79 77 17 33 64 78 6 75 8 60 82 78 75 13 19 63 67 44 35 28 58 23 96 46 90 59 96 16 52 89 50 83 84 42 51 76 79 96 93 94 93 29 80 82 51 0 50 17
12 27 52 35 13 67 73 41 96 20 52 84 41 5 78 12 12 10 89 75 68 86 81 93 46 30 13 52 14 22 21 64 71 24 6 99 17 13 94 77 32 56 71 48 48 96 38 33 95 39 92 64 22 17 30 10 26 41 38 84 19 57 55 72 82 39 62 100 36 47 12 64 18 45 39 90 51 61 59 62 84 24 62 72 80 10 2 55 25 12 46 41 3 34 3 69 66 98 82 64 48 4 17 92 10 13 9 49 17 7 78 43 96 50 0 4
31 22 1 57 92 75 21 71 8 12 92 32 84 46 41 7 99 62 20 29 24 49 95 56 24 48 99 76 68 78 16 55 25 95 28 73 93 15 39 15 41 21 70 50 57 5 56 88 59 20 85 56 66 43 91 90 41 55 24 9 89 86 33 0 84 42 1 9 18 76 61 88 21 32 87 15 69 85 19 54 82 52 23 37 2 100 74 95 73 63 70 68 52 60 86 35 17 86 94 1 74 54 50 56 40 50 24 44 27 43 45 46 54 17 4 0
