120 7
65 30 72 53 20 32 25 96 61 53 77 12 84 2 57 4 77 10 31 73 89 93 7 64 99 88 61 6 39 51 18 96 69 100 98 49 94 100 1 27 53 80 91 42 55 74 0 68 89 24 42 80 18 68 52 33 39 95 63 88 53 81 90 51 4 36 97 20 38 12 90 26 37 9 7 8 49 98 42 70 16 81 91 8 69 46 98 6 70 21 27 28 8 75 64 51 85 74 72 97 93 98 32 2 72 29 100 87 100 59 56 95 14 67 11 33 97 62 91 62
0 78 69 18 11 81 3 11 40 49 4 12 16 30 70 4 65 7 84 91 48 4 78 0 90 95 34 50 78 32 20 23 44 23 53 50 11 69 69 95 62 78 30 51 60 75 69 57 43 37 1 63 65 15 72 9 65 85 85 10 70 14 85 58 49 58 71 45 10 43 74 34 28 4 63 10 51 89 93 1 20 14 18 62 15 58 26 53 34 23 84 24 87 19 51 33 27 52 25 24 52 52 70 78 11 85 21 34 55 44 16 77 100 56 68 50 68 60 17 9 98
78 0 39 5 46 93 79 91 37 82 73 75 38 31 50 57 75 60 36 45 42 33 20 56 13 63 95 57 95 54 16 14 60 30 24 94 30 54 77 44 88 65 97 93 23 12 24 48 37 67 15 52 63 89 89 19 79 5 11 61 87 29 37 31 68 71 48 85 82 40 11 96 88 46 93 84 21 48 58 2 18 86 27 3 9 29 20 73 20 60 99 24 1 93 40 72 62 77 91 4 58 100 3 28 40 37 16 32 33 95 89 17 99 65 89 12 35 30 26 66 80
69 39 0 12 4 19 94 82 59 37 65 42 88 83 63 94 74 49 59 59 93 60 27 93 32 89 40 32 95 43 20 48 52 66 12 66 66 22 66 36 87 17 79 1 40 67 46 97 60 4 14 100 76 94 97 77 71 99 37 90 29 88 45 49 16 7 1 83 49 100 99 27 31 97 80 88 55 55 1 62 3 0 57 16 39 22 95 68 35 87 61 43 8 92 94 72 91 91 100 97 11 51 53 41 0 93 27 28 2 56 5 0 47 35 66 41 60 43 11 30 80
18 5 12 0 47 58 97 25 59 52 26 7 64 81 65 83 88 36 38 87 43 44 24 39 90 43 79 52 49 62 76 89 89 70 86 14 67 96 100 50 83 68 31 15 33 27 89 62 56 10 24 5 27 83 52 43 87 65 63 40 79 13 63 91 66 80 29 97 2 34 98 64 39 46 31 82 13 40 4 54 93 9 44 48 43 23 84 30 87 85 14 18 41 26 34 67 18 17 72 16 7 3 82 100 7 11 90 21 80 46 21 39 80 43 73 58 88 97 8 34 34
11 46 4 47 0 87 83 3 57 65 52 8 81 74 7 15 68 77 71 73 61 19 62 14 59 8 8 59 13 92 82 19 17 88 78 10 87 19 69 46 90 36 16 74 19 27 88 48 5 53 85 1 93 80 93 89 41 39 17 90 86 45 85 27 4 45 25 74 76 4 56 66 84 89 80 97 76 8 78 98 12 31 9 65 72 47 59 29 75 22 53 21 13 17 4 52 82 82 48 71 3 3 95 84 61 65 31 82 74 61 41 50 41 44 92 91 37 19 25 22 75
81 93 19 58 87 0 7 43 96 14 84 46 0 49 18 32 18 99 73 10 94 3 27 19 55 23 37 75 88 4 41 51 37 44 96 58 83 60 56 51 16 20 25 92 70 80 51 48 76 61 42 44 76 60 91 66 9 67 95 87 85 30 1 62 56 62 30 5 19 96 29 8 32 61 65 54 96 60 18 81 4 87 10 86 90 88 73 27 97 81 89 55 74 21 48 8 39 92 77 21 89 24 3 88 100 72 92 7 0 52 10 59 29 38 43 73 15 6 39 96 28
3 79 94 97 83 7 0 34 22 18 18 3 62 40 65 8 10 97 82 87 10 8 55 83 39 7 78 69 46 44 9 60 31 43 26 3 7 19 28 30 9 14 35 37 79 48 68 51 12 5 87 8 7 72 93 51 75 88 67 63 64 33 70 95 30 38 26 58 47 8 72 36 36 91 90 85 64 27 74 31 16 96 65 10 86 41 76 56 31 56 80 82 91 80 74 40 100 89 93 39 26 16 23 90 80 0 21 23 80 22 92 68 30 77 76 50 41 92 5 75 9
11 91 82 25 3 43 34 0 70 86 26 39 30 18 50 18 82 62 64 65 39 66 6 85 25 25 57 69 49 39 24 35 83 89 16 56 29 59 82 70 72 63 75 64 9 11 37 0 50 10 28 53 65 11 84 40 55 81 54 59 79 79 82 55 19 55 11 68 100 64 30 35 33 92 19 59 59 50 87 90 12 41 23 6 100 90 99 84 94 75 16 68 43 73 77 68 3 35 49 68 90 49 7 0 94 42 51 68 55 36 23 43 67 62 32 46 25 89 94 67 30
40 37 59 59 57 96 22 70 0 62 86 45 52 5 99 92 53 31 66 32 99 65 51 24 49 11 45 61 89 70 29 40 48 43 91 93 45 81 66 83 69 0 37 13 25 44 10 21 18 79 76 57 93 97 59 43 89 34 64 51 61 55 98 51 98 9 44 62 82 97 0 7 75 36 80 59 17 71 48 7 39 44 56 15 0 66 71 1 38 28 87 9 92 81 51 24 67 44 54 85 37 71 13 92 68 21 42 80 6 36 4 16 30 64 64 66 99 53 85 18 90
49 82 37 52 65 14 18 86 62 0 40 21 36 22 82 81 95 22 36 74 57 33 11 7 74 36 60 52 94 45 100 94 41 82 38 71 22 53 2 18 29 64 38 14 50 37 68 90 44 62 78 66 81 44 20 57 26 51 74 1 22 66 65 42 77 29 12 74 61 42 93 59 31 95 99 87 58 85 87 51 35 78 83 71 100 10 59 79 25 50 82 92 88 16 40 86 97 70 87 17 24 35 21 51 50 56 86 98 40 32 98 52 42 25 67 33 35 16 55 19 30
4 73 65 26 52 84 18 26 86 40 0 12 91 1 64 85 99 10 67 46 20 78 100 61 21 41 65 40 48 68 36 65 45 96 79 97 8 92 18 65 75 11 32 76 76 69 33 25 89 85 17 5 87 17 49 38 34 76 34 72 15 46 74 3 35 61 47 10 40 56 99 41 57 26 31 72 80 86 82 58 20 18 23 74 79 11 1 2 53 84 89 46 26 38 43 92 84 8 75 7 11 98 28 42 69 100 59 32 85 16 26 50 9 22 29 86 80 8 5 7 75
12 75 42 7 8 46 3 39 45 21 12 0 84 99 48 27 31 28 28 54 33 58 71 9 64 8 45 1 95 74 33 14 60 0 78 50 27 19 55 84 31 13 18 88 21 98 39 45 67 39 30 23 43 24 61 46 77 46 48 25 13 55 97 5 37 39 38 44 50 54 77 51 26 56 77 90 12 94 26 49 89 21 89 5 15 51 20 40 27 43 56 92 19 82 21 76 71 3 23 46 16 18 51 42 72 91 86 48 4 17 73 98 8 1 44 9 35 77 77 98 31
16 38 88 64 81 0 62 30 52 36 91 84 0 86 90 30 82 58 91 51 43 36 43 49 33 88 21 67 21 45 61 73 59 88 81 41 66 47 87 74 24 41 49 21 61 9 24 8 38 17 23 70 76 41 9 57 76 18 61 55 10 58 0 21 83 47 20 90 28 2 56 46 27 25 89 43 90 18 68 62 8 83 11 50 79 28 84 90 67 58 95 80 39 9 33 54 83 63 95 80 43 46 96 63 13 40 68 50 94 8 93 40 90 35 86 49 15 91 3 78 96
30 31 83 81 74 49 40 18 5 22 1 99 86 0 5 50 72 70 95 60 1 54 7 32 10 36 6 77 78 49 65 69 56 75 83 0 67 36 5 56 9 11 84 18 25 15 51 60 62 90 36 35 86 46 39 79 64 23 42 55 36 74 84 3 65 57 51 88 19 8 38 98 82 77 17 95 55 32 89 51 15 49 60 16 33 81 84 2 83 56 35 80 85 78 36 69 3 8 60 69 68 91 51 44 94 70 73 32 39 39 90 91 72 49 65 39 13 30 100 86 70
70 50 63 65 7 18 65 50 99 82 64 48 90 5 0 40 54 73 27 94 75 37 8 0 77 57 45 88 30 8 29 24 69 86 17 46 77 10 72 94 63 67 60 79 82 56 39 23 39 51 2 58 51 51 73 45 73 48 17 66 66 14 20 89 34 36 8 68 10 11 67 100 60 74 53 26 40 82 68 88 57 31 81 81 56 100 76 93 16 86 53 18 82 85 84 88 86 47 12 2 17 57 56 42 75 69 55 27 61 28 4 29 39 26 46 44 23 27 19 50 86
4 57 94 83 15 32 8 18 92 81 85 27 30 50 40 0 79 43 54 93 56 92 41 18 53 79 44 49 76 40 15 74 64 92 82 56 59 81 51 78 62 40 23 81 31 20 2 78 92 55 32 3 57 94 90 37 89 4 98 18 86 95 65 23 5 61 16 19 25 85 48 56 14 71 62 24 51 11 73 57 38 22 42 64 14 47 95 59 94 82 52 59 92 14 41 4 51 9 48 11 15 75 25 35 52 27 23 63 3 11 18 62 50 88 6 56 99 2 21 95 73
65 75 74 88 68 18 10 82 53 95 99 31 82 72 54 79 0 45 70 23 29 62 7 22 12 60 39 54 54 11 88 35 80 21 90 62 15 8 7 29 86 74 62 30 28 79 73 59 40 34 56 41 64 40 76 83 89 53 46 37 92 72 33 37 31 80 81 12 64 93 54 61 86 23 14 36 54 59 39 36 28 29 62 36 40 71 11 96 27 65 37 58 48 2 46 31 94 13 35 72 28 47 2 37 11 49 38 0 75 26 2 23 55 24 100 7 55 20 25 10 13
7 60 49 36 77 99 97 62 31 22 10 28 58 70 73 43 45 0 80 63 37 0 54 14 25 17 15 14 50 93 74 50 62 94 88 1 63 97 21 37 44 35 15 35 99 82 26 16 32 27 97 55 29 68 79 97 85 75 88 94 54 72 0 31 2 82 34 9 81 95 22 46 75 20 9 70 81 65 91 1 75 24 65 45 90 79 40 26 53 95 36 34 95 87 10 84 16 87 75 5 81 23 5 88 79 33 55 36 11 42 36 39 39 28 74 29 6 95 36 24 80
84 36 59 38 71 73 82 64 66 36 67 28 91 95 27 54 70 80 0 62 69 89 75 23 22 30 3 64 30 38 29 0 76 8 34 4 7 76 96 22 64 53 31 41 82 49 19 20 47 44 99 33 23 46 48 53 34 60 9 51 49 71 18 9 4 68 89 57 42 61 9 48 55 75 48 79 22 88 31 0 73 26 73 18 3 4 30 91 54 34 20 16 40 40 57 46 8 25 84 68 15 46 16 94 6 13 6 9 62 18 19 32 66 25 59 65 47 69 89 40 5
91 45 59 87 73 10 87 65 32 74 46 54 51 60 94 93 23 63 62 0 89 63 30 38 71 86 59 21 20 23 65 16 15 71 15 54 58 7 38 33 32 98 27 15 10 94 4 2 21 1 63 8 75 76 81 30 72 62 37 60 53 89 87 70 62 73 61 97 80 19 65 26 50 54 5 21 50 89 71 75 84 58 38 61 19 22 23 48 52 32 68 68 15 16 94 1 18 40 32 75 7 1 43 96 32 72 75 92 13 37 43 43 35 23 94 3 29 72 90 27 16
48 42 93 43 61 94 10 39 99 57 20 33 43 1 75 56 29 37 69 89 0 16 16 43 12 1 87 44 40 73 69 15 31 65 4 85 52 72 57 97 66 74 91 18 94 49 17 100 10 30 87 44 88 67 99 80 64 50 91 69 44 74 6 86 18 3 61 31 57 39 81 49 53 88 13 81 38 64 8 40 48 34 69 43 18 68 85 78 37 69 98 30 63 93 92 54 33 88 34 87 8 47 35 68 42 30 3 6 79 6 32 70 50 80 51 82 48 77 66 41 97
4 33 60 44 19 3 8 66 65 33 78 58 36 54 37 92 62 0 89 63 16 0 5 55 29 86 88 93 26 32 94 90 13 17 6 98 24 68 38 74 94 31 95 24 91 81 10 43 40 4 36 28 55 71 44 79 98 74 92 28 59 71 63 9 73 58 44 98 55 74 54 39 90 100 88 46 87 82 71 14 32 13 10 62 77 24 2 58 72 2 84 5 73 21 19 53 48 38 91 4 25 88 52 54 35 64 94 46 10 98 78 22 14 78 16 15 49 82 8 11 16
78 20 27 24 62 27 55 6 51 11 100 71 43 7 8 41 7 54 75 30 16 5 0 45 40 94 65 73 58 11 88 42 39 11 83 97 47 4 22 20 14 45 75 57 46 55 74 62 53 47 4 77 36 10 76 50 60 91 54 27 21 31 2 76 44 44 91 19 95 66 2 92 88 79 42 2 42 31 86 80 7 37 2 89 91 69 37 63 72 30 88 43 50 87 43 88 0 56 93 25 23 28 37 92 77 87 81 12 77 37 34 22 67 7 12 80 25 73 10 99 33
0 56 93 39 14 19 83 85 24 7 61 9 49 32 0 18 22 14 23 38 43 55 45 0 24 34 76 49 26 27 49 60 59 87 96 97 63 85 5 97 1 83 79 62 50 98 85 12 41 18 4 31 26 59 32 73 7 10 5 65 2 15 44 31 68 84 47 73 79 30 69 20 82 38 49 69 27 45 85 38 59 82 60 40 17 29 19 57 98 11 46 17 3 81 82 100 65 100 0 12 36 2 92 30 35 34 74 33 81 69 84 95 60 23 38 49 87 59 60 12 22
90 13 32 90 59 55 39 25 49 74 21 64 33 10 77 53 12 25 22 71 12 29 40 24 0 40 70 8 51 93 77 74 56 94 67 71 49 24 32 77 1 22 19 40 85 61 43 74 50 78 97 73 69 66 27 51 23 7 14 73 64 4 0 31 90 85 55 53 17 59 51 1 95 34 24 6 86 49 48 24 79 3 77 98 63 86 87 14 37 19 58 20 42 0 82 23 68 74 14 38 64 89 63 70 68 68 77 99 82 38 3 60 22 47 16 14 63 42 63 26 35
95 63 89 43 8 23 7 25 11 36 41 8 88 36 57 79 60 17 30 86 1 86 94 34 40 0 81 77 59 86 54 44 58 82 65 56 51 45 18 1 59 13 67 56 36 97 9 11 8 49 10 52 61 68 88 79 58 23 78 27 20 99 87 80 66 24 47 100 62 74 16 51 65 97 71 2 51 39 61 20 52 49 2 89 86 52 89 5 77 89 67 14 90 14 37 13 23 6 73 93 5 44 20 30 74 64 11 28 65 54 9 8 0 92 43 79 30 0 70 28 33
34 95 40 79 8 37 78 57 45 60 65 45 21 6 45 44 39 15 3 59 87 88 65 76 70 81 0 67 19 16 34 1 42 36 48 91 6 19 13 69 42 26 44 60 78 27 3 79 43 18 0 66 69 4 4 63 33 9 57 67 39 86 23 33 28 99 95 32 39 81 70 2 42 86 90 90 42 74 25 28 84 43 90 81 59 49 65 1 93 80 88 96 93 2 71 76 3 99 76 6 8 34 79 83 39 23 8 59 40 21 60 90 52 17 14 54 21 74 86 51 95
50 57 32 52 59 75 69 69 61 52 40 1 67 77 88 49 54 14 64 21 44 93 73 49 8 77 67 0 52 77 11 29 28 70 32 34 50 48 67 20 19 47 6 0 4 46 66 13 46 52 67 70 100 10 62 50 93 5 91 81 100 42 27 18 30 54 69 2 22 62 47 75 63 61 56 35 88 100 64 80 14 11 74 99 40 33 9 84 16 71 100 55 78 70 44 18 10 27 67 7 52 92 71 76 8 21 25 98 69 63 31 37 17 3 72 31 80 0 79 53 32
78 95 95 49 13 88 46 49 89 94 48 95 21 78 30 76 54 50 30 20 40 26 58 26 51 59 19 52 0 63 58 14 11 29 14 25 16 2 17 83 22 83 46 60 9 17 63 91 54 69 42 7 54 63 10 23 11 5 60 22 82 23 62 22 36 30 63 25 56 98 8 21 71 26 58 15 88 27 95 93 44 8 15 70 5 65 98 30 8 16 84 87 93 3 96 82 71 30 35 9 83 51 1 72 45 7 81 54 79 47 85 92 60 88 13 11 55 45 47 39 15
32 54 43 62 92 4 44 39 70 45 68 74 45 49 8 40 11 93 38 23 73 32 11 27 93 86 16 77 63 0 89 89 23 5 23 25 64 5 56 89 35 97 48 30 81 91 9 16 78 95 97 5 45 33 66 63 70 50 47 63 52 91 52 2 19 71 6 60 18 77 83 69 84 97 26 37 7 100 25 15 90 56 24 41 64 31 86 56 66 38 68 90 35 63 1 30 30 23 3 74 37 94 38 43 40 70 10 68 33 50 98 98 18 21 90 33 86 40 1 49 38
20 16 20 76 82 41 9 24 29 100 36 33 61 65 29 15 88 74 29 65 69 94 88 49 77 54 34 11 58 89 0 73 56 82 72 71 48 47 68 98 54 40 89 64 74 38 50 44 31 66 57 82 58 89 23 93 37 32 1 80 58 3 49 84 20 47 70 76 83 21 27 86 44 53 63 46 3 41 57 100 48 6 26 25 98 40 83 8 16 40 9 30 72 43 14 45 54 35 46 32 45 36 60 90 74 34 34 98 45 43 84 98 35 100 29 0 82 46 79 5 72
23 14 48 89 19 51 60 35 40 94 65 14 73 69 24 74 35 50 0 16 15 90 42 60 74 44 1 29 14 89 73 0 96 57 42 15 95 24 23 5 80 81 43 52 15 9 18 62 5 26 75 75 1 39 6 31 90 84 68 49 18 60 68 70 35 41 39 3 59 61 62 13 15 60 71 71 23 3 78 3 28 73 61 43 38 26 41 11 43 80 85 88 7 12 14 66 67 83 48 49 35 90 32 30 62 16 84 60 60 76 39 10 23 48 0 12 62 47 72 17 32
44 60 52 89 17 37 31 83 48 41 45 60 59 56 69 64 80 62 76 15 31 13 39 59 56 58 42 28 11 23 56 96 0 22 10 97 95 77 80 27 24 51 87 20 22 31 71 2 88 12 74 72 32 36 16 88 67 93 1 81 12 84 87 31 76 12 38 99 77 27 96 82 18 27 27 55 72 56 99 83 62 22 49 65 76 62 93 59 85 78 55 33 35 50 8 85 83 60 46 91 11 49 74 7 65 17 28 7 48 66 48 10 7 66 71 86 25 32 49 80 27
23 30 66 70 88 44 43 89 43 82 96 0 88 75 86 92 21 94 8 71 65 17 11 87 94 82 36 70 29 5 82 57 22 0 72 32 98 67 95 42 48 50 53 75 24 29 84 3 16 16 15 82 95 78 6 82 72 74 28 22 10 28 93 55 42 27 0 6 30 23 31 9 30 23 28 76 89 65 91 99 7 42 43 89 45 56 28 11 38 36 65 55 94 54 56 58 12 90 58 53 6 43 21 56 47 19 4 33 95 8 70 19 13 34 42 61 95 24 92 21 57
53 24 12 86 78 96 26 16 91 38 79 78 81 83 17 82 90 88 34 15 4 6 83 96 67 65 48 32 14 23 72 42 10 72 0 92 63 61 67 66 34 61 23 66 39 34 78 15 61 0 22 75 82 44 29 59 36 99 53 78 47 68 44 30 50 55 49 17 59 41 56 34 83 69 23 60 3 94 30 82 63 73 82 32 17 86 79 85 16 63 61 62 28 93 20 89 70 15 43 21 71 36 79 68 24 94 18 62 87 59 38 62 74 7 80 68 99 50 4 78 19
50 94 66 14 10 58 3 56 93 71 97 50 41 0 46 56 62 1 4 54 85 98 97 97 71 56 91 34 25 25 71 15 97 32 92 0 60 42 19 81 50 95 20 100 43 38 14 100 27 34 30 68 53 78 23 78 44 42 58 96 40 33 45 1 51 9 52 35 11 48 58 29 8 10 52 7 59 47 52 8 57 73 25 35 81 35 25 75 27 35 12 48 93 6 1 21 71 22 38 21 91 92 27 89 35 37 75 13 37 11 7 41 21 46 99 42 40 40 7 89 55
11 30 66 67 87 83 7 29 45 22 8 27 66 67 77 59 15 63 7 58 52 24 47 63 49 51 6 50 16 64 48 95 95 98 63 60 0 71 46 71 22 34 85 59 20 89 24 35 32 25 12 100 21 58 31 64 81 60 29 16 27 50 14 48 50 47 86 95 31 79 62 14 99 47 68 10 30 31 44 33 74 83 74 37 96 95 84 74 12 68 86 74 43 89 52 31 74 18 16 30 82 46 14 8 54 35 1 82 56 88 14 18 73 58 91 52 70 100 3 39 27
69 54 22 96 19 60 19 59 81 53 92 19 47 36 10 81 8 97 76 7 72 68 4 85 24 45 19 48 2 5 47 24 77 67 61 42 71 0 93 50 55 64 14 68 65 88 11 71 73 92 56 31 52 81 97 28 90 39 19 85 87 62 87 23 27 28 17 65 47 22 30 52 31 94 2 70 47 90 12 19 41 26 38 34 80 56 81 36 73 57 39 61 69 42 45 96 8 59 63 17 71 23 61 85 9 6 1 11 88 99 76 70 92 61 91 25 85 70 27 25 10
69 77 66 100 69 56 28 82 66 2 18 55 87 5 72 51 7 21 96 38 57 38 22 5 32 18 13 67 17 56 68 23 80 95 67 19 46 93 0 69 29 67 32 6 53 67 61 93 78 99 79 98 8 30 11 73 99 62 43 47 32 40 58 71 80 11 42 30 11 36 14 54 9 96 51 91 89 86 65 45 2 76 61 75 85 59 26 99 53 89 13 24 13 1 18 44 35 66 89 77 48 97 53 4 30 58 63 87 99 28 67 27 17 21 51 52 53 88 27 73 69
95 44 36 50 46 51 30 70 83 18 65 84 74 56 94 78 29 37 22 33 97 74 20 97 77 1 69 20 83 89 98 5 27 42 66 81 71 50 69 0 57 90 61 7 35 38 0 33 23 44 99 27 66 68 87 87 9 60 22 52 29 68 3 1 34 15 65 55 32 83 95 86 55 76 25 60 55 3 89 64 81 77 24 61 46 6 46 34 94 30 29 69 79 61 39 15 73 3 39 21 43 89 30 46 6 30 17 86 33 0 51 6 10 89 82 43 81 26 67 69 94
62 88 87 83 90 16 9 72 69 29 75 31 24 9 63 62 86 44 64 32 66 94 14 1 1 59 42 19 22 35 54 80 24 48 34 50 22 55 29 57 0 33 58 70 78 73 99 35 79 2 9 53 51 40 33 5 78 84 65 88 51 3 96 4 13 18 88 69 72 16 2 59 62 60 65 24 93 22 81 66 17 75 53 44 91 94 8 40 79 91 7 94 0 7 94 98 58 1 43 57 70 45 68 31 81 35 26 49 39 96 61 99 20 34 73 93 45 51 11 90 90
78 65 17 68 36 20 14 63 0 64 11 13 41 11 67 40 74 35 53 98 74 31 45 83 22 13 26 47 83 97 40 81 51 50 61 95 34 64 67 90 33 0 83 46 42 93 49 88 92 6 84 58 76 18 45 22 74 61 40 52 13 89 56 17 41 98 4 49 35 17 88 80 35 12 12 4 9 99 1 72 40 69 90 69 3 59 37 31 1 40 73 9 58 73 100 87 15 61 36 74 82 51 0 45 23 81 63 17 68 29 36 24 11 99 62 54 56 98 97 8 53
30 97 79 31 16 25 35 75 37 38 32 18 49 84 60 23 62 15 31 27 91 95 75 79 19 67 44 6 46 48 89 43 87 53 23 20 85 14 32 61 58 83 0 73 59 77 19 92 44 25 17 92 17 6 85 1 99 69 3 4 15 35 56 73 33 44 64 96 31 16 99 53 90 36 8 27 22 78 51 84 5 98 10 24 69 84 35 10 17 9 0 93 82 25 69 30 100 15 21 76 61 82 54 70 65 29 56 10 57 21 79 79 47 20 55 49 77 95 75 73 58
51 93 1 15 74 92 37 64 13 14 76 88 21 18 79 81 30 35 41 15 18 24 57 62 40 56 60 0 60 30 64 52 20 75 66 100 59 68 6 7 70 46 73 0 82 22 77 42 39 28 63 78 87 87 98 17 28 37 70 50 53 63 66 68 76 16 36 35 20 89 12 85 9 79 68 14 23 51 66 22 45 22 20 49 58 73 99 45 68 3 37 80 31 82 83 24 30 83 53 29 39 80 12 25 58 51 1 52 43 77 77 71 23 62 94 87 43 73 95 95 46
60 23 40 33 19 70 79 9 25 50 76 21 61 25 82 31 28 99 82 10 94 91 46 50 85 36 78 4 9 81 74 15 22 24 39 43 20 65 53 35 78 42 59 82 0 67 84 66 34 38 80 68 24 33 93 31 61 12 92 34 51 97 42 95 49 91 89 50 28 68 14 96 47 95 60 68 56 69 69 34 20 53 49 28 98 51 10 47 3 67 31 82 2 36 51 47 82 91 30 30 11 42 30 8 76 100 9 64 94 93 45 97 69 10 29 88 35 24 69 42 24
75 12 67 27 27 80 48 11 44 37 69 98 9 15 56 20 79 82 49 94 49 81 55 98 61 97 27 46 17 91 38 9 31 29 34 38 89 88 67 38 73 93 77 22 67 0 10 46 57 32 100 66 18 53 91 23 48 6 21 29 1 26 34 97 53 52 81 72 12 52 80 10 39 92 12 18 18 14 58 86 21 8 1 84 16 53 36 53 92 45 71 44 0 17 28 85 40 32 96 25 95 93 85 70 82 87 37 51 44 88 21 82 63 27 22 72 60 31 88 7 43
69 24 46 89 88 51 68 37 10 68 33 39 24 51 39 2 73 26 19 4 17 10 74 85 43 9 3 66 63 9 50 18 71 84 78 14 24 11 61 0 99 49 19 77 84 10 0 39 12 66 92 16 34 35 57 7 94 67 81 16 83 39 76 7 63 99 12 15 23 35 53 19 56 89 100 93 81 51 61 36 50 67 58 92 84 74 41 1 67 80 56 66 68 10 70 7 65 85 73 13 2 22 11 60 4 44 50 80 53 2 53 67 48 71 90 5 66 95 90 100 90
57 48 97 62 48 48 51 0 21 90 25 45 8 60 23 78 59 16 20 2 100 43 62 12 74 11 79 13 91 16 44 62 2 3 15 100 35 71 93 33 35 88 92 42 66 46 39 0 78 79 62 63 93 7 84 82 19 28 45 4 42 84 96 89 25 7 67 67 16 47 39 31 94 56 99 86 74 38 13 50 45 95 82 4 50 40 33 33 4 5 33 92 46 75 48 78 73 81 59 65 43 47 40 89 9 77 51 92 23 99 62 91 15 68 40 15 31 98 81 55 69
43 37 60 56 5 76 12 50 18 44 89 67 38 62 39 92 40 32 47 21 10 40 53 41 50 8 43 46 54 78 31 5 88 16 61 27 32 73 78 23 79 92 44 39 34 57 12 78 0 76 58 71 16 61 5 16 35 27 93 68 89 23 91 73 62 94 76 25 74 71 86 62 70 23 97 4 70 5 48 30 8 78 81 68 93 92 35 74 85 96 28 62 9 55 58 29 0 34 83 92 7 94 22 87 14 89 27 6 92 56 17 82 94 59 34 2 8 8 51 64 10
37 67 4 10 53 61 5 10 79 62 85 39 17 90 51 55 34 27 44 1 30 4 47 18 78 49 18 52 69 95 66 26 12 16 0 34 25 92 99 44 2 6 25 28 38 32 66 79 76 0 86 50 56 78 28 88 38 95 59 15 49 61 7 66 54 98 89 100 29 62 25 97 46 45 62 96 15 24 73 77 77 23 59 78 8 18 13 63 5 97 58 88 0 4 93 12 8 69 90 54 36 87 49 80 8 31 93 65 2 72 92 64 59 37 90 45 51 33 35 70 48
1 15 14 24 85 42 87 28 76 78 17 30 23 36 2 32 56 97 99 63 87 36 4 4 97 10 0 67 42 97 57 75 74 15 22 30 12 56 79 99 9 84 17 63 80 100 92 62 58 86 0 97 39 74 31 13 40 58 99 46 94 79 7 26 41 86 54 37 58 37 24 55 74 89 88 22 42 7 74 98 36 79 39 36 69 90 56 46 40 57 72 68 98 45 42 35 29 49 54 90 37 83 61 6 2 71 34 3 84 76 59 3 39 44 48 29 33 93 58 53 90
63 52 100 5 1 44 8 53 57 66 5 23 70 35 58 3 41 55 33 8 44 28 77 31 73 52 66 70 7 5 82 75 72 82 75 68 100 31 98 27 53 58 92 78 68 66 16 63 71 50 97 0 77 13 55 30 40 56 22 35 54 58 99 19 30 62 43 20 25 99 5 38 58 73 80 50 12 17 34 58 19 47 36 23 37 40 12 82 15 86 21 86 62 73 20 81 58 60 84 25 66 74 36 26 89 95 35 53 78 43 1 84 69 58 27 3 69 49 47 63 21
65 63 76 27 93 76 7 65 93 81 87 43 76 86 51 57 64 29 23 75 88 55 36 26 69 61 69 100 54 45 58 1 32 95 82 53 21 52 8 66 51 76 17 87 24 18 34 93 16 56 39 77 0 88 34 22 57 19 19 8 18 28 81 96 62 53 90 27 57 22 64 54 22 99 5 65 37 59 59 53 18 91 0 57 37 80 83 11 52 26 22 90 14 85 92 47 70 45 57 42 33 46 47 38 82 25 40 47 79 72 3 23 67 96 50 82 40 21 100 85 38
15 89 94 83 80 60 72 11 97 44 17 24 41 46 51 94 40 68 46 76 67 71 10 59 66 68 4 10 63 33 89 39 36 78 44 78 58 81 30 68 40 18 6 87 33 53 35 7 61 78 74 13 88 0 22 3 4 18 33 80 18 3 55 7 68 81 89 18 98 15 22 71 26 41 32 93 77 8 34 76 60 49 82 39 94 18 2 76 83 4 42 47 88 30 46 15 80 72 94 1 10 44 27 43 82 14 23 94 64 5 89 53 12 8 49 41 74 13 91 82 2
72 89 97 52 93 91 93 84 59 20 49 61 9 39 73 90 76 79 48 81 99 44 76 32 27 88 4 62 10 66 23 6 16 6 29 23 31 97 11 87 33 45 85 98 93 91 57 84 5 28 31 55 34 22 0 76 76 82 65 57 72 26 6 39 35 54 39 87 97 9 7 40 70 40 54 39 52 85 66 44 11 25 62 63 54 79 19 84 54 66 45 29 56 88 78 52 83 16 77 27 74 18 82 36 9 95 81 34 31 67 30 18 66 38 22 82 80 3 94 0 93
9 19 77 43 89 66 51 40 43 57 38 46 57 79 45 37 83 97 53 30 80 79 50 73 51 79 63 50 23 63 93 31 88 82 59 78 64 28 73 87 5 22 1 17 31 23 7 82 16 88 13 30 22 3 76 0 23 15 86 2 94 2 54 72 79 36 43 85 56 11 14 33 53 50 59 51 15 85 32 18 7 25 6 96 67 40 21 63 24 22 8 84 18 9 23 29 18 10 47 57 89 96 44 11 13 47 10 91 52 93 51 24 25 58 95 7 23 61 52 9 16
65 79 71 87 41 9 75 55 89 26 34 77 76 64 73 89 89 85 34 72 64 98 60 7 23 58 33 93 11 70 37 90 67 72 36 44 81 90 99 9 78 74 99 28 61 48 94 19 35 38 40 40 57 4 76 23 0 14 14 18 68 76 79 1 94 34 11 20 12 97 3 85 64 52 62 24 85 6 27 12 51 47 44 1 20 54 62 7 98 49 95 58 82 68 79 7 45 91 38 75 55 91 83 13 76 52 71 0 34 68 54 72 92 49 59 30 68 26 31 31 92
85 5 99 65 39 67 88 81 34 51 76 46 18 23 48 4 53 75 60 62 50 74 91 10 7 23 9 5 5 50 32 84 93 74 99 42 60 39 62 60 84 61 69 37 12 6 67 28 27 95 58 56 19 18 82 15 14 0 8 8 97 40 62 68 44 90 26 90 14 61 27 61 42 0 53 65 53 56 87 66 91 41 84 87 78 54 85 79 90 11 37 56 93 97 38 71 83 74 30 9 48 18 19 46 75 91 65 15 47 17 22 55 54 92 90 53 57 77 37 95 10
85 11 37 63 17 95 67 54 64 74 34 48 61 42 17 98 46 88 9 37 91 92 54 5 14 78 57 91 60 47 1 68 1 28 53 58 29 19 43 22 65 40 3 70 92 21 81 45 93 59 99 22 19 33 65 86 14 8 0 33 26 77 8 45 69 51 13 74 12 10 44 10 93 71 98 100 25 69 73 6 57 26 97 71 17 59 62 53 74 41 60 30 88 76 3 10 3 74 54 57 71 1 80 1 1 24 30 2 92 5 80 62 93 93 65 86 20 23 16 73 88
10 61 90 40 90 87 63 59 51 1 72 25 55 55 66 18 37 94 51 60 69 28 27 65 73 27 67 81 22 63 80 49 81 22 78 96 16 85 47 52 88 52 4 50 34 29 16 4 68 15 46 35 8 80 57 2 18 8 33 0 71 6 38 44 96 17 59 94 13 61 66 14 60 42 0 27 24 57 64 82 94 42 52 63 44 87 63 79 66 61 33 0 40 68 24 83 68 29 94 55 62 29 73 8 75 74 91 100 22 100 4 53 37 56 54 90 78 28 39 99 32
70 87 29 79 86 85 64 79 61 22 15 13 10 36 66 86 92 54 49 53 44 59 21 2 64 20 39 100 82 52 58 18 12 10 47 40 27 87 32 29 51 13 15 53 51 1 83 42 89 49 94 54 18 18 72 94 68 97 26 71 0 98 100 81 4 59 48 83 23 8 83 13 57 28 9 41 29 96 81 48 89 74 46 27 78 60 33 43 98 79 99 28 12 12 57 43 95 68 69 8 43 19 41 100 57 22 53 22 33 16 3 97 75 85 0 34 69 79 20 17 7
14 29 88 13 45 30 33 79 55 66 46 55 58 74 14 95 72 72 71 89 74 71 31 15 4 99 86 42 23 91 3 60 84 28 68 33 50 62 40 68 3 89 35 63 97 26 39 84 23 61 79 58 28 3 26 2 76 40 77 6 98 0 41 53 18 55 65 4 17 96 38 25 76 15 0 47 32 50 79 2 44 99 8 50 39 18 71 29 64 80 56 28 45 12 76 16 54 83 98 34 48 31 18 19 40 9 91 45 76 86 27 98 58 98 91 11 15 74 52 85 4
85 37 45 63 85 1 70 82 98 65 74 97 0 84 20 65 33 0 18 87 6 63 2 44 0 87 23 27 62 52 49 68 87 93 44 45 14 87 58 3 96 56 56 66 42 34 76 96 91 7 7 99 81 55 6 54 79 62 8 38 100 41 0 3 46 22 41 48 72 1 53 19 69 23 4 13 25 1 13 47 4 98 82 8 56 91 86 25 1 89 41 36 82 9 25 37 19 4 88 24 98 73 35 76 9 45 4 49 17 49 78 98 50 0 45 90 12 27 8 60 38
58 31 49 91 27 62 95 55 51 42 3 5 21 3 89 23 37 31 9 70 86 9 76 31 31 80 33 18 22 2 84 70 31 55 30 1 48 23 71 1 4 17 73 68 95 97 7 89 73 66 26 19 96 7 39 72 1 68 45 44 81 53 3 0 87 49 71 46 85 63 5 86 82 88 19 60 57 60 59 42 21 79 84 23 72 78 2 26 73 16 59 3 5 72 83 0 69 10 34 88 72 98 69 80 95 7 89 88 16 71 97 62 14 0 7 27 31 29 65 8 100
49 68 16 66 4 56 30 19 98 77 35 37 83 65 34 5 31 2 4 62 18 73 44 68 90 66 28 30 36 19 20 35 76 42 50 51 50 27 80 34 13 41 33 76 49 53 63 25 62 54 41 30 62 68 35 79 94 44 69 96 4 18 46 87 0 80 8 17 95 56 13 93 3 62 72 4 24 32 17 42 25 93 24 4 53 62 85 79 50 94 1 25 97 20 51 88 56 50 12 86 95 74 84 6 38 46 33 48 94 8 59 14 48 13 8 82 20 88 42 48 16
58 71 7 80 45 62 38 55 9 29 61 39 47 57 36 61 80 82 68 73 3 58 44 84 85 24 99 54 30 71 47 41 12 27 55 9 47 28 11 15 18 98 44 16 91 52 99 7 94 98 86 62 53 81 54 36 34 90 51 17 59 55 22 49 80 0 23 98 76 75 45 48 79 5 60 9 43 8 66 17 7 15 95 88 84 5 16 3 2 93 84 69 67 33 97 72 85 80 69 53 5 40 12 11 75 15 17 14 87 20 72 8 68 55 39 77 1 0 28 72 36
71 48 1 29 25 30 26 11 44 12 47 38 20 51 8 16 81 34 89 61 61 44 91 47 55 47 95 69 63 6 70 39 38 0 49 52 86 17 42 65 88 4 64 36 89 81 12 67 76 89 54 43 90 89 39 43 11 26 13 59 48 65 41 71 8 23 0 75 43 35 90 91 4 84 2 29 64 56 48 62 74 12 53 31 22 54 66 91 26 96 13 20 70 55 20 56 2 38 81 40 79 53 2 82 18 13 44 23 76 59 77 84 93 41 89 3 40 47 32 33 9
45 85 83 97 74 5 58 68 62 74 10 44 90 88 68 19 12 9 57 97 31 98 19 73 53 100 32 2 25 60 76 3 99 6 17 35 95 65 30 55 69 49 96 35 50 72 15 67 25 100 37 20 27 18 87 85 20 90 74 94 83 4 48 46 17 98 75 0 67 59 15 86 8 96 68 100 55 40 30 28 97 19 29 95 16 43 98 44 9 35 40 97 29 22 41 24 85 41 46 63 67 75 10 8 16 36 4 72 22 34 20 96 39 78 87 79 57 20 19 73 76
10 82 49 2 76 19 47 100 82 61 40 50 28 19 10 25 64 81 42 80 57 55 95 79 17 62 39 22 56 18 83 59 77 30 59 11 31 47 11 32 72 35 31 20 28 12 23 16 74 29 58 25 57 98 97 56 12 14 12 13 23 17 72 85 95 76 43 67 0 11 28 84 79 56 72 92 72 62 40 29 80 83 79 89 77 66 57 6 59 96 45 51 76 97 54 79 56 95 75 16 52 93 98 96 68 26 85 58 40 8 48 15 69 87 65 15 87 29 14 18 5
43 40 100 34 4 96 8 64 97 42 56 54 2 8 11 85 93 95 61 19 39 74 66 30 59 74 81 62 98 77 21 61 27 23 41 48 79 22 36 83 16 17 16 89 68 52 35 47 71 62 37 99 22 15 9 11 97 61 10 61 8 96 1 63 56 75 35 59 11 0 7 2 32 93 69 6 86 35 43 9 13 59 2 97 28 54 19 5 78 18 49 69 60 100 59 86 39 4 75 32 20 79 73 14 5 79 12 23 69 54 90 73 39 78 18 68 73 93 39 85 15
74 11 99 98 56 29 72 30 0 93 99 77 56 38 67 48 54 22 9 65 81 54 2 69 51 16 70 47 8 83 27 62 96 31 56 58 62 30 14 95 2 88 99 12 14 80 53 39 86 25 24 5 64 22 7 14 3 27 44 66 83 38 53 5 13 45 90 15 28 7 0 16 99 88 33 50 80 40 88 18 92 4 37 55 68 96 23 12 46 9 68 72 88 77 77 69 22 28 82 16 54 14 80 26 10 20 71 74 36 72 22 17 57 86 44 30 67 93 31 80 44
34 96 27 64 66 8 36 35 7 59 41 51 46 98 100 56 61 46 48 26 49 39 92 20 1 51 2 75 21 69 86 13 82 9 34 29 14 52 54 86 59 80 53 85 96 10 19 31 62 97 55 38 54 71 40 33 85 61 10 14 13 25 19 86 93 48 91 86 84 2 16 0 23 33 10 97 14 48 83 43 44 22 4 63 86 26 27 17 38 35 44 100 38 0 6 25 32 37 85 41 11 41 67 90 1 11 80 0 86 4 0 18 73 44 96 100 5 81 75 29 51
28 88 31 39 84 32 36 33 75 31 57 26 27 82 60 14 86 75 55 50 53 90 88 82 95 65 42 63 71 84 44 15 18 30 83 8 99 31 9 55 62 35 90 9 47 39 56 94 70 46 74 58 22 26 70 53 64 42 93 60 57 76 69 82 3 79 4 8 79 32 99 23 0 3 46 88 11 2 96 54 32 66 80 82 74 94 39 33 80 36 78 26 59 48 82 48 58 73 28 91 89 38 91 61 49 92 27 36 63 22 13 95 66 1 17 37 100 62 96 76 54
4 46 97 46 89 61 91 92 36 95 26 56 25 77 74 71 23 20 75 54 88 100 79 38 34 97 86 61 26 97 53 60 27 23 69 10 47 94 96 76 60 12 36 79 95 92 89 56 23 45 89 73 99 41 40 50 52 0 71 42 28 15 23 88 62 5 84 96 56 93 88 33 3 0 66 90 18 2 38 75 21 61 18 1 23 47 1 38 13 0 18 38 35 75 58 11 8 6 28 45 58 98 11 36 62 10 82 45 88 8 19 37 36 70 3 37 0 89 98 18 31
63 93 80 31 80 65 90 19 80 99 31 77 89 17 53 62 14 9 48 5 13 88 42 49 24 71 90 56 58 26 63 71 27 28 23 52 68 2 51 25 65 12 8 68 60 12 100 99 97 62 88 80 5 32 54 59 62 53 98 0 9 0 4 19 72 60 2 68 72 69 33 10 46 66 0 98 15 94 89 77 85 42 66 14 12 21 47 10 28 40 26 40 63 69 19 65 31 49 27 4 52 52 10 27 61 13 18 12 2 92 56 31 47 87 61 63 24 22 18 20 91
10 84 88 82 97 54 85 59 59 87 72 90 43 95 26 24 36 70 79 21 81 46 2 69 6 2 90 35 15 37 46 71 55 76 60 7 10 70 91 60 24 4 27 14 68 18 93 86 4 96 22 50 65 93 39 51 24 65 100 27 41 47 13 60 4 9 29 100 92 6 50 97 88 90 98 0 55 71 65 90 34 95 46 40 95 95 94 83 23 70 65 77 24 78 40 45 52 64 83 0 52 29 72 74 35 40 52 43 61 50 55 71 15 17 78 32 34 87 72 62 54
51 21 55 13 76 96 64 59 17 58 80 12 90 55 40 51 54 81 22 50 38 87 42 27 86 51 42 88 88 7 3 23 72 89 3 59 30 47 89 55 93 9 22 23 56 18 81 74 70 15 42 12 37 77 52 15 85 53 25 24 29 32 25 57 24 43 64 55 72 86 80 14 11 18 15 55 0 75 21 29 1 52 46 34 50 16 94 96 81 10 68 31 64 45 5 58 70 87 73 73 2 70 64 11 62 72 37 86 77 15 9 16 57 51 18 79 64 6 90 38 95
89 48 55 40 8 60 27 50 71 85 86 94 18 32 82 11 59 65 88 89 64 82 31 45 49 39 74 100 27 100 41 3 56 65 94 47 31 90 86 3 22 99 78 51 69 14 51 38 5 24 7 17 59 8 85 85 6 56 69 57 96 50 1 60 32 8 56 40 62 35 40 48 2 2 94 71 75 0 14 51 26 71 24 83 70 5 62 25 67 65 9 73 87 72 1 79 87 39 38 42 48 40 18 34 24 29 28 71 70 35 70 75 16 54 80 31 16 19 40 70 14
93 58 1 4 78 18 74 87 48 87 82 26 68 89 68 73 39 91 31 71 8 71 86 85 48 61 25 64 95 25 57 78 99 91 30 52 44 12 65 89 81 1 51 66 69 58 61 13 48 73 74 34 59 34 66 32 27 87 73 64 81 79 13 59 17 66 48 30 40 43 88 83 96 38 89 65 21 14 0 49 73 86 77 5 4 93 79 9 87 84 12 41 77 29 45 8 53 90 26 7 96 65 100 83 91 25 59 71 90 1 30 67 16 5 21 48 5 81 93 40 94
1 2 62 54 98 81 31 90 7 51 58 49 62 51 88 57 36 1 0 75 40 14 80 38 24 20 28 80 93 15 100 3 83 99 82 8 33 19 45 64 66 72 84 22 34 86 36 50 30 77 98 58 53 76 44 18 12 66 6 82 48 2 47 42 42 17 62 28 29 9 18 43 54 75 77 90 29 51 49 0 48 43 74 88 7 0 34 7 4 92 56 30 77 98 82 46 58 23 10 15 74 73 41 45 78 84 87 98 7 32 98 66 71 2 31 89 59 0 53 55 34
20 18 3 93 12 4 16 12 39 35 20 89 8 15 57 38 28 75 73 84 48 32 7 59 79 52 84 14 44 90 48 28 62 7 63 57 74 41 2 81 17 40 5 45 20 21 50 45 8 77 36 19 18 60 11 7 51 91 57 94 89 44 4 21 25 7 74 97 80 13 92 44 32 21 85 34 1 26 73 48 0 98 25 44 51 34 79 22 60 24 67 25 92 83 2 97 7 92 77 78 73 62 8 55 48 60 39 70 63 65 100 61 49 12 7 72 76 32 60 50 87
14 86 0 9 31 87 96 41 44 78 18 21 83 49 31 22 29 24 26 58 34 13 37 82 3 49 43 11 8 56 6 73 22 42 73 73 83 26 76 77 75 69 98 22 53 8 67 95 78 23 79 47 91 49 25 25 47 41 26 42 74 99 98 79 93 15 12 19 83 59 4 22 66 61 42 95 52 71 86 43 98 0 14 60 38 24 74 84 51 61 53 91 29 17 62 3 38 10 51 31 35 89 46 11 80 7 78 37 34 90 6 96 23 52 47 44 13 53 51 20 25
18 27 57 44 9 10 65 23 56 83 23 89 11 60 81 42 62 65 73 38 69 10 2 60 77 2 90 74 15 24 26 61 49 43 82 25 74 38 61 24 53 90 10 20 49 1 58 82 81 59 39 36 0 82 62 6 44 84 97 52 46 8 82 84 24 95 53 29 79 2 37 4 80 18 66 46 46 24 77 74 25 14 0 80 70 49 66 79 80 93 5 16 59 21 37 50 37 66 32 80 9 10 84 69 17 3 40 35 79 3 46 28 98 20 83 54 19 56 29 75 84
62 3 16 48 65 86 10 6 15 71 74 5 50 16 81 64 36 45 18 61 43 62 89 40 98 89 81 99 70 41 25 43 65 89 32 35 37 34 75 61 44 69 24 49 28 84 92 4 68 78 36 23 57 39 63 96 1 87 71 63 27 50 8 23 4 88 31 95 89 97 55 63 82 1 14 40 34 83 5 88 44 60 80 0 52 89 79 2 90 9 79 66 4 39 84 27 54 27 20 6 32 25 54 58 17 2 42 76 88 95 13 38 71 89 94 33 55 48 41 84 29
15 9 39 43 72 90 86 100 0 100 79 15 79 33 56 14 40 90 3 19 18 77 91 17 63 86 59 40 5 64 98 38 76 45 17 81 96 80 85 46 91 3 69 58 98 16 84 50 93 8 69 37 37 94 54 67 20 78 17 44 78 39 56 72 53 84 22 16 77 28 68 86 74 23 12 95 50 70 4 7 51 38 70 52 0 69 17 45 40 79 90 22 79 22 5 74 38 77 65 58 42 92 100 100 20 57 23 88 75 7 87 39 30 86 93 59 16 42 73 11 55
58 29 22 23 47 88 41 90 66 10 11 51 28 81 100 47 71 79 4 22 68 24 69 29 86 52 49 33 65 31 40 26 62 56 86 35 95 56 59 6 94 59 84 73 51 53 74 40 92 18 90 40 80 18 79 40 54 54 59 87 60 18 91 78 62 5 54 43 66 54 96 26 94 47 21 95 16 5 93 0 34 24 49 89 69 0 49 65 11 66 90 57 76 41 57 37 82 42 1 59 80 9 62 59 89 73 6 97 28 32 32 22 64 61 19 79 21 98 28 70 0
26 20 95 84 59 73 76 99 71 59 1 20 84 84 76 95 11 40 30 23 85 2 37 19 87 89 65 9 98 86 83 41 93 28 79 25 84 81 26 46 8 37 35 99 10 36 41 33 35 13 56 12 83 2 19 21 62 85 62 63 33 71 86 2 85 16 66 98 57 19 23 27 39 1 47 94 94 62 79 34 79 74 66 79 17 49 0 71 28 46 99 48 26 6 98 14 66 86 57 23 86 39 45 4 55 38 1 26 70 3 64 16 44 82 44 97 9 97 94 59 52
53 73 68 30 29 27 56 84 1 79 2 40 90 2 93 59 96 26 91 48 78 58 63 57 14 5 1 84 30 56 8 11 59 11 85 75 74 36 99 34 40 31 10 45 47 53 1 33 74 63 46 82 11 76 84 63 7 79 53 79 43 29 25 26 79 3 91 44 6 5 12 17 33 38 10 83 96 25 9 7 22 84 79 2 45 65 71 0 77 54 47 59 81 69 28 56 76 20 87 63 17 30 8 56 70 75 2 48 33 37 88 60 54 87 5 10 38 88 44 72 40
34 20 35 87 75 97 31 94 38 25 53 27 67 83 16 94 27 53 54 52 37 72 72 98 37 77 93 16 8 66 16 43 85 38 16 27 12 73 53 94 79 1 17 68 3 92 67 4 85 5 40 15 52 83 54 24 98 90 74 66 98 64 1 73 50 2 26 9 59 78 46 38 80 13 28 23 81 67 87 4 60 51 80 90 40 11 28 77 0 76 46 78 8 6 75 34 70 63 55 38 98 99 60 11 56 48 51 22 40 57 91 35 64 66 3 59 81 14 45 28 74
23 60 87 85 22 81 56 75 28 50 84 43 58 56 86 82 65 95 34 32 69 2 30 11 19 89 80 71 16 38 40 80 78 36 63 35 68 57 89 30 91 40 9 3 67 45 80 5 96 97 57 86 26 4 66 22 49 11 41 61 79 80 89 16 94 93 96 35 96 18 9 35 36 0 40 70 10 65 84 92 24 61 93 9 79 66 46 54 76 0 47 56 75 64 15 43 20 75 58 30 1 22 98 56 64 42 1 79 43 11 37 61 92 4 61 23 13 41 9 34 15
84 99 61 14 53 89 80 16 87 82 89 56 95 35 53 52 37 36 20 68 98 84 88 46 58 67 88 100 84 68 9 85 55 65 61 12 86 39 13 29 7 73 0 37 31 71 56 33 28 58 72 21 22 42 45 8 95 37 60 33 99 56 41 59 1 84 13 40 45 49 68 44 78 18 26 65 68 9 12 56 67 53 5 79 90 90 99 47 46 47 0 8 3 70 38 95 7 67 63 79 58 26 95 33 89 14 21 97 87 82 76 62 53 13 73 74 66 25 96 54 46
24 24 43 18 21 55 82 68 9 92 46 92 80 80 18 59 58 34 16 68 30 5 43 17 20 14 96 55 87 90 30 88 33 55 62 48 74 61 24 69 94 9 93 80 82 44 66 92 62 88 68 86 90 47 29 84 58 56 30 0 28 28 36 3 25 69 20 97 51 69 72 100 26 38 40 77 31 73 41 30 25 91 16 66 22 57 48 59 78 56 8 0 9 77 48 8 64 26 98 64 61 20 52 21 20 79 31 97 61 71 82 75 46 84 90 92 88 73 67 54 72
87 1 8 41 13 74 91 43 92 88 26 19 39 85 82 92 48 95 40 15 63 73 50 3 42 90 93 78 93 35 72 7 35 94 28 93 43 69 13 79 0 58 82 31 2 0 68 46 9 0 98 62 14 88 56 18 82 93 88 40 12 45 82 5 97 67 70 29 76 60 88 38 59 35 63 24 64 87 77 77 92 29 59 4 79 76 26 81 8 75 3 9 0 66 7 69 8 50 44 71 46 48 69 74 34 71 81 77 46 14 24 10 4 56 40 31 83 23 73 68 6
19 93 92 26 17 21 80 73 81 16 38 82 9 78 85 14 2 87 40 16 93 21 87 81 0 14 2 70 3 63 43 12 50 54 93 6 89 42 1 61 7 73 25 82 36 17 10 75 55 4 45 73 85 30 88 9 68 97 76 68 12 12 9 72 20 33 55 22 97 100 77 0 48 75 69 78 45 72 29 98 83 17 21 39 22 41 6 69 6 64 70 77 66 0 7 62 61 20 64 33 82 68 67 5 1 40 16 29 33 100 85 84 49 4 92 47 77 93 52 48 70
51 40 94 34 4 48 74 77 51 40 43 21 33 36 84 41 46 10 57 94 92 19 43 82 82 37 71 44 96 1 14 14 8 56 20 1 52 45 18 39 94 100 69 83 51 28 70 48 58 93 42 20 92 46 78 23 79 38 3 24 57 76 25 83 51 97 20 41 54 59 77 6 82 58 19 40 5 1 45 82 2 62 37 84 5 57 98 28 75 15 38 48 7 7 0 19 86 10 38 61 74 93 87 66 22 55 74 66 62 82 1 27 12 2 14 26 2 42 87 15 93
33 72 72 67 52 8 40 68 24 86 92 76 54 69 88 4 31 84 46 1 54 53 88 100 23 13 76 18 82 30 45 66 85 58 89 21 31 96 44 15 98 87 30 24 47 85 7 78 29 12 35 81 47 15 52 29 7 71 10 83 43 16 37 0 88 72 56 24 79 86 69 25 48 11 65 45 58 79 8 46 97 3 50 27 74 37 14 56 34 43 95 8 69 62 19 0 40 45 44 79 73 79 18 56 81 19 79 69 80 14 56 70 18 90 21 61 18 29 0 33 97
27 62 91 18 82 39 100 3 67 97 84 71 83 3 86 51 94 16 8 18 33 48 0 65 68 23 3 10 71 30 54 67 83 12 70 71 74 8 35 73 58 15 100 30 82 40 65 73 0 8 29 58 70 80 83 18 45 83 3 68 95 54 19 69 56 85 2 85 56 39 22 32 58 8 31 52 70 87 53 58 7 38 37 54 38 82 66 76 70 20 7 64 8 61 86 40 0 61 23 94 51 43 19 90 87 10 85 85 36 70 5 36 14 80 97 46 74 99 76 73 68
52 77 91 17 82 92 89 35 44 70 8 3 63 8 47 9 13 87 25 40 88 38 56 100 74 6 99 27 30 23 35 83 60 90 15 22 18 59 66 3 1 61 15 83 91 32 85 81 34 69 49 60 45 72 16 10 91 74 74 29 68 83 4 10 50 80 38 41 95 4 28 37 73 6 49 64 87 39 90 23 92 10 66 27 77 42 86 20 63 75 67 26 50 20 10 45 61 0 85 58 20 89 63 51 37 81 95 94 90 66 36 39 14 97 53 52 79 96 0 87 79
25 91 100 72 48 77 93 49 54 87 75 23 95 60 12 48 35 75 84 32 34 91 93 0 14 73 76 67 35 3 46 48 46 58 43 38 16 63 89 39 43 36 21 53 30 96 73 59 83 90 54 84 57 94 77 47 38 30 54 94 69 98 88 34 12 69 81 46 75 75 82 85 28 28 27 83 73 38 26 10 77 51 32 20 65 1 57 87 55 58 63 98 44 64 38 44 23 85 0 27 49 20 48 41 17 59 34 59 84 63 61 78 95 82 15 37 1 61 28 25 22
24 4 97 16 71 21 39 68 85 17 7 46 80 69 2 11 72 5 68 75 87 4 25 12 38 93 6 7 9 74 32 49 91 53 21 21 30 17 77 21 57 74 76 29 30 25 13 65 92 54 90 25 42 1 27 57 75 9 57 55 8 34 24 88 86 53 40 63 16 32 16 41 91 45 4 0 73 42 7 15 78 31 80 6 58 59 23 63 38 30 79 64 71 33 61 79 94 58 27 0 31 29 5 45 17 52 55 1 32 41 85 96 36 79 72 13 38 9 55 0 65
52 58 11 7 3 89 26 90 37 24 11 16 43 68 17 15 28 81 15 7 8 25 23 36 64 5 8 52 83 37 45 35 11 6 71 91 82 71 48 43 70 82 61 39 11 95 2 43 7 36 37 66 33 10 74 89 55 48 71 62 43 48 98 72 95 5 79 67 52 20 54 11 89 58 52 52 2 48 96 74 73 35 9 32 42 80 86 17 98 1 58 61 46 82 74 73 51 20 49 31 0 56 34 90 28 11 98 25 94 93 99 69 33 51 70 84 33 49 14 24 20
52 100 51 3 3 24 16 49 71 35 98 18 46 91 57 75 47 23 46 1 47 88 28 2 89 44 34 92 51 94 36 90 49 43 36 92 46 23 97 89 45 51 82 80 42 93 22 47 94 87 83 74 46 44 18 96 91 18 1 29 19 31 73 98 74 40 53 75 93 79 14 41 38 98 52 29 70 40 65 73 62 89 10 25 92 9 39 30 99 22 26 20 48 68 93 79 43 89 20 29 56 0 11 55 43 21 17 85 71 88 92 13 84 98 63 89 25 80 74 95 5
70 3 53 82 95 3 23 7 13 21 28 51 96 51 56 25 2 5 16 43 35 52 37 92 63 20 79 71 1 38 60 32 74 21 79 27 14 61 53 30 68 0 54 12 30 85 11 40 22 49 61 36 47 27 82 44 83 19 80 73 41 18 35 69 84 12 2 10 98 73 80 67 91 11 10 72 64 18 100 41 8 46 84 54 100 62 45 8 60 98 95 52 69 67 87 18 19 63 48 5 34 11 0 69 82 21 55 88 53 17 76 12 41 70 13 69 91 35 8 59 64
78 28 41 100 84 88 90 0 92 51 42 42 63 44 42 35 37 88 94 96 68 54 92 30 70 30 83 76 72 43 90 30 7 56 68 89 8 85 4 46 31 45 70 25 8 70 60 89 87 80 6 26 38 43 36 11 13 46 1 8 100 19 76 80 6 11 82 8 96 14 26 90 61 36 27 74 11 34 83 45 55 11 69 58 100 59 4 56 11 56 33 21 74 5 66 56 90 51 41 45 90 55 69 0 21 14 0 81 7 14 69 6 97 9 2 79 36 62 25 39 4
11 40 0 7 61 100 80 94 68 50 69 72 13 94 75 52 11 79 6 32 42 35 77 35 68 74 39 8 45 40 74 62 65 47 24 35 54 9 30 6 81 23 65 58 76 82 4 9 14 8 2 89 82 82 9 13 76 75 1 75 57 40 9 95 38 75 18 16 68 5 10 1 49 62 61 35 62 24 91 78 48 80 17 17 20 89 55 70 56 64 89 20 34 1 22 81 87 37 17 17 28 43 82 21 0 44 10 50 22 65 26 73 58 20 50 81 71 75 80 36 1
85 37 93 11 65 72 0 42 21 56 100 91 40 70 69 27 49 33 13 72 30 64 87 34 68 64 23 21 7 70 34 16 17 19 94 37 35 6 58 30 35 81 29 51 100 87 44 77 89 31 71 95 25 14 95 47 52 91 24 74 22 9 45 7 46 15 13 36 26 79 20 11 92 10 13 40 72 29 25 84 60 7 3 2 57 73 38 75 48 42 14 79 71 40 55 19 10 81 59 52 11 21 21 14 44 0 53 85 10 57 73 72 88 28 70 24 69 100 82 62 80
21 16 27 90 31 92 21 51 42 86 59 86 68 73 55 23 38 55 6 75 3 94 81 74 77 11 8 25 81 10 34 84 28 4 18 75 1 1 63 17 26 63 56 1 9 37 50 51 27 93 34 35 40 23 81 10 71 65 30 91 53 91 4 89 33 17 44 4 85 12 71 80 27 82 18 52 37 28 59 87 39 78 40 42 23 6 1 2 51 1 21 31 81 16 74 79 85 95 34 55 98 17 55 0 10 53 0 58 39 31 12 44 94 86 41 98 20 66 21 92 9
34 32 28 21 82 7 23 68 80 98 32 48 50 32 27 63 0 36 9 92 6 46 12 33 99 28 59 98 54 68 98 60 7 33 62 13 82 11 87 86 49 17 10 52 64 51 80 92 6 65 3 53 47 94 34 91 0 15 2 100 22 45 49 88 48 14 23 72 58 23 74 0 36 45 12 43 86 71 71 98 70 37 35 76 88 97 26 48 22 79 97 97 77 29 66 69 85 94 59 1 25 85 88 81 50 85 58 0 27 86 10 91 6 83 94 34 49 66 98 92 52
55 33 2 80 74 0 80 55 6 40 85 4 94 39 61 3 75 11 62 13 79 10 77 81 82 65 40 69 79 33 45 60 48 95 87 37 56 88 99 33 39 68 57 43 94 44 53 23 92 2 84 78 79 64 31 52 34 47 92 22 33 76 17 16 94 87 76 22 40 69 36 86 63 88 2 61 77 70 90 7 63 34 79 88 75 28 70 33 40 43 87 61 46 33 62 80 36 90 84 32 94 71 53 7 22 10 39 27 0 13 50 42 86 36 42 45 56 69 95 43 28
44 95 56 46 61 52 22 36 36 32 16 17 8 39 28 11 26 42 18 37 6 98 37 69 38 54 21 63 47 50 43 76 66 8 59 11 88 99 28 0 96 29 21 77 93 88 2 99 56 72 76 43 72 5 67 93 68 17 5 100 16 86 49 71 8 20 59 34 8 54 72 4 22 8 92 50 15 35 1 32 65 90 3 95 7 32 3 37 57 11 82 71 14 100 82 14 70 66 63 41 93 88 17 14 65 57 31 86 13 0 99 30 2 20 40 42 58 84 83 100 20
16 89 5 21 41 10 92 23 4 98 26 73 93 90 4 18 2 36 19 43 32 78 34 84 3 9 60 31 85 98 84 39 48 70 38 7 14 76 67 51 61 36 79 77 45 21 53 62 17 92 59 1 3 89 30 51 54 22 80 4 3 27 78 97 59 72 77 20 48 90 22 0 13 19 56 55 9 70 30 98 100 6 46 13 87 32 64 88 91 37 76 82 24 85 1 56 5 36 61 85 99 92 76 69 26 73 12 10 50 99 0 35 74 59 52 83 13 21 3 42 79
77 17 0 39 50 59 68 43 16 52 50 98 40 91 29 62 23 39 32 43 70 22 22 95 60 8 90 37 92 98 98 10 10 19 62 41 18 70 27 6 99 24 79 71 97 82 67 91 82 64 3 84 23 53 18 24 72 55 62 53 97 98 98 62 14 8 84 96 15 73 17 18 95 37 31 71 16 75 67 66 61 96 28 38 39 22 16 60 35 61 62 75 10 84 27 70 36 39 78 96 69 13 12 6 73 72 44 91 42 30 35 0 86 83 62 14 49 15 21 41 70
100 99 47 80 41 29 30 67 30 42 9 8 90 72 39 50 55 39 66 35 50 14 67 60 22 0 52 17 60 18 35 23 7 13 74 21 73 92 17 10 20 11 47 23 69 63 48 15 94 59 39 69 67 12 66 25 92 54 93 37 75 58 50 14 48 68 93 39 69 39 57 73 66 36 47 15 57 16 16 71 49 23 98 71 30 64 44 54 64 92 53 46 4 49 12 18 14 14 95 36 33 84 41 97 58 88 94 6 86 2 74 86 0 56 35 99 14 90 92 50 34
56 65 35 43 44 38 77 62 64 25 22 1 35 49 26 88 24 28 25 23 80 78 7 23 47 92 17 3 88 21 100 48 66 34 7 46 58 61 21 89 34 99 20 62 10 27 71 68 59 37 44 58 96 8 38 58 49 92 93 56 85 98 0 0 13 55 41 78 87 78 86 44 1 70 87 17 51 54 5 2 12 52 20 89 86 61 82 87 66 4 13 84 56 4 2 90 80 97 82 79 51 98 70 9 20 28 86 83 36 20 59 83 56 0 2 8 91 8 38 83 96
68 89 66 73 92 43 76 32 64 67 29 44 86 65 46 6 100 74 59 94 51 16 12 38 16 43 14 72 13 90 29 0 71 42 80 99 91 91 51 82 73 62 55 94 29 22 90 40 34 90 48 27 50 49 22 95 59 90 65 54 0 91 45 7 8 39 89 87 65 18 44 96 17 3 61 78 18 80 21 31 7 47 83 94 93 19 44 5 3 61 73 90 40 92 14 21 97 53 15 72 70 63 13 2 50 70 41 94 42 40 52 62 35 2 0 56 58 57 52 26 60
50 12 41 58 91 73 50 46 66 33 86 9 49 39 44 56 7 29 65 3 82 15 80 49 14 79 54 31 11 33 0 12 86 61 68 42 52 25 52 43 93 54 49 87 88 72 5 15 2 45 29 3 82 41 82 7 30 53 86 90 34 11 90 27 82 77 3 79 15 68 30 100 37 37 63 32 79 31 48 89 72 44 54 33 59 79 97 10 59 23 74 92 31 47 26 61 46 52 37 13 84 89 69 79 81 24 98 34 45 42 83 14 99 8 56 0 43 79 28 59 51
68 35 60 88 37 15 41 25 99 35 80 35 15 13 23 99 55 6 47 29 48 49 25 87 63 30 21 80 55 86 82 62 25 95 99 40 70 85 53 81 45 56 77 43 35 60 66 31 8 51 33 69 40 74 80 23 68 57 20 78 69 15 12 31 20 1 40 57 87 73 67 5 100 0 24 34 64 16 5 59 76 13 19 55 16 21 9 38 81 13 66 88 83 77 2 18 74 79 1 38 33 25 91 36 71 69 20 49 56 58 13 49 14 91 58 43 0 77 58 34 6
60 30 43 97 19 6 92 89 53 16 8 77 91 30 27 2 20 95 69 72 77 82 73 59 42 0 74 0 45 40 46 47 32 24 50 40 100 70 88 26 51 98 95 73 24 31 95 98 8 33 93 49 21 13 3 61 26 77 23 28 79 74 27 29 88 0 47 20 29 93 93 81 62 89 22 87 6 19 81 0 32 53 56 48 42 98 97 88 14 41 25 73 23 93 42 29 99 96 61 9 49 80 35 62 75 100 66 66 69 84 21 15 90 8 57 79 77 0 4 14 33
17 26 11 8 25 39 5 94 85 55 5 77 3 100 19 21 25 36 89 90 66 8 10 60 63 70 86 79 47 1 79 72 49 92 4 7 3 27 27 67 11 97 75 95 69 88 90 81 51 35 58 47 100 91 94 52 31 37 16 39 20 52 8 65 42 28 32 19 14 39 31 75 96 98 18 72 90 40 93 53 60 51 29 41 73 28 94 44 45 9 96 67 73 52 87 0 76 0 28 55 14 74 8 25 80 82 21 98 95 83 3 21 92 38 52 28 58 4 0 19 71
9 66 30 34 22 96 75 67 18 19 7 98 78 86 50 95 10 24 40 27 41 11 99 12 26 28 51 53 39 49 5 17 80 21 78 89 39 25 73 69 90 8 73 95 42 7 100 55 64 70 53 63 85 82 0 9 31 95 73 99 17 85 60 8 48 72 33 73 18 85 80 29 76 18 20 62 38 70 40 55 50 20 75 84 11 70 59 72 28 34 54 54 68 48 15 33 73 87 25 0 24 95 59 39 36 62 92 92 43 100 42 41 50 83 26 59 34 14 19 0 30
98 80 80 34 75 28 9 30 90 30 75 31 96 70 86 73 13 80 5 16 97 16 33 22 35 33 95 32 15 38 72 32 27 57 19 55 27 10 69 94 90 53 58 46 24 43 90 69 10 48 90 21 38 2 93 16 92 10 88 32 7 4 38 100 16 36 9 76 5 15 44 51 54 31 91 54 95 14 94 34 87 25 84 29 55 0 52 40 74 15 46 72 6 70 93 97 68 79 22 65 20 5 64 4 1 80 9 52 28 20 79 70 34 96 60 51 6 33 71 30 0
