125 7
41 78 39 81 62 85 45 5 38 67 94 60 14 14 41 78 12 29 49 13 48 51 50 40 68 22 17 28 33 78 17 51 21 43 94 69 59 87 87 44 98 21 36 41 19 84 43 34 14 3 43 99 7 57 66 51 51 37 96 1 16 20 75 71 96 100 62 33 75 16 0 53 11 48 47 77 86 43 8 90 34 48 69 13 48 18 13 36 58 98 19 18 20 46 44 36 42 3 79 28 81 80 53 39 55 18 79 90 52 38 42 83 29 16 64 49 71 96 43 100 91 48 33 48 32
0 22 90 66 87 34 15 68 20 53 70 76 66 36 91 64 15 18 2 19 42 84 30 36 93 23 78 22 39 76 43 5 16 98 88 15 36 44 82 78 62 54 73 34 17 90 2 21 14 24 47 67 46 10 48 20 56 37 63 13 41 17 65 60 81 22 96 60 56 56 56 73 57 52 97 87 41 50 70 41 57 34 9 8 51 86 27 64 49 44 26 62 60 25 61 91 62 29 10 75 42 49 38 77 48 41 46 67 60 72 41 67 3 7 14 34 93 43 81 6 86 97 31 67 19 60
22 0 67 63 42 69 73 46 41 57 62 86 52 58 4 37 37 22 70 47 56 57 70 62 66 80 68 26 12 7 72 60 38 42 92 70 27 17 38 75 1 21 18 0 85 39 68 48 77 25 22 77 69 100 33 85 96 28 34 94 0 83 10 27 70 3 73 87 43 14 62 59 82 83 64 11 12 12 45 54 58 34 95 72 38 28 20 17 59 57 86 4 55 51 10 12 63 38 23 8 35 67 54 52 46 3 38 94 72 95 91 59 49 80 57 100 18 14 65 13 1 52 5 10 30 57
90 67 0 23 4 87 76 99 37 95 43 91 20 5 84 97 19 75 15 21 60 19 7 4 8 83 30 67 65 26 21 12 63 14 81 11 46 84 79 6 97 32 26 44 38 55 40 31 10 18 39 96 92 79 90 55 39 70 23 17 31 73 94 11 9 59 97 11 44 2 43 84 31 41 36 21 12 14 13 28 55 42 26 29 29 53 63 30 40 17 19 35 55 1 29 50 58 35 44 50 56 2 90 57 77 11 42 73 44 86 37 42 5 95 67 17 87 29 20 10 7 74 74 68 70 61
66 63 23 0 67 67 10 44 0 93 52 95 77 48 31 37 6 87 35 20 59 7 46 51 65 38 37 98 4 50 86 20 76 7 6 74 44 31 74 30 14 75 10 96 15 61 34 3 0 26 3 17 15 11 86 15 94 73 17 60 49 23 25 57 25 82 63 32 39 83 22 46 85 18 100 54 83 64 40 76 86 61 81 5 43 41 12 20 81 90 21 0 57 65 73 57 89 46 62 41 75 15 94 77 58 79 27 12 34 95 5 91 80 79 56 62 84 4 92 64 13 83 56 43 16 0
87 42 4 67 0 96 9 53 48 75 71 8 12 66 55 93 67 85 78 44 22 13 64 78 4 53 66 84 46 23 71 76 69 27 78 82 71 14 22 13 52 11 72 21 21 90 23 86 39 58 67 100 46 17 35 72 23 83 96 56 70 66 3 34 67 47 60 24 30 87 3 56 24 27 38 77 19 7 59 100 18 1 9 37 50 60 96 91 86 70 31 2 85 30 73 67 37 64 41 8 40 66 85 3 11 62 78 4 18 98 59 53 20 79 42 13 74 23 62 17 58 45 1 8 99 72
34 69 87 67 96 0 62 20 45 2 62 44 41 43 88 65 18 51 33 69 40 80 41 29 54 16 62 92 90 54 57 53 82 21 27 0 65 76 0 91 74 37 3 12 93 76 70 71 72 49 94 95 32 61 62 66 22 72 40 74 72 7 47 85 84 88 33 78 97 56 30 76 12 43 54 35 35 28 14 51 80 58 35 24 18 25 12 76 71 81 63 70 76 82 94 77 69 80 84 90 50 52 55 57 57 76 23 94 80 91 76 85 36 70 86 3 79 39 51 67 33 35 45 53 75 82
15 73 76 10 9 62 0 98 27 50 91 1 91 41 43 40 0 12 14 3 70 6 48 64 56 63 21 99 0 4 87 89 96 52 63 60 2 56 2 59 90 0 34 73 45 66 95 14 38 80 71 92 52 81 77 96 16 48 78 93 44 13 5 13 38 89 91 19 56 83 24 31 19 28 9 40 55 46 0 34 71 96 51 13 4 83 1 74 9 3 65 30 65 89 29 80 75 52 33 7 75 51 66 42 43 43 21 72 2 84 26 74 92 73 15 84 76 77 49 86 48 22 79 41 83 86
68 46 99 44 53 20 98 0 82 17 21 62 33 5 59 60 61 90 56 99 83 19 92 45 78 19 74 57 81 36 32 90 1 37 19 6 3 87 96 63 41 42 77 32 28 14 92 25 51 8 61 24 17 66 18 32 4 65 52 31 61 11 48 12 27 8 61 91 50 50 4 39 1 75 89 57 65 78 12 58 5 71 40 55 89 29 75 76 90 11 72 57 42 57 26 79 21 48 3 31 7 15 100 55 65 44 26 24 21 52 74 31 82 47 15 27 70 38 97 74 11 32 34 59 16 55
20 41 37 0 48 45 27 82 0 21 51 49 47 28 34 9 49 95 16 92 48 26 48 16 72 82 67 75 51 92 61 20 43 64 83 17 51 64 61 48 93 23 88 28 78 37 56 97 9 29 5 46 96 54 39 17 13 82 61 49 54 97 50 74 15 17 53 38 55 5 78 88 25 48 76 63 48 80 50 94 9 11 40 61 27 56 10 93 39 45 79 23 13 81 43 3 57 46 76 67 68 82 23 89 84 18 38 55 72 56 100 27 40 10 17 2 52 44 61 21 47 64 32 28 32 9
53 57 95 93 75 2 50 17 21 0 34 84 45 12 92 77 52 1 16 71 84 22 36 20 52 7 29 47 73 42 12 4 49 54 7 20 79 98 16 5 81 80 41 74 43 35 11 2 78 49 46 79 43 82 4 10 78 21 86 0 17 42 78 29 57 2 17 57 40 61 76 66 96 67 79 2 25 36 6 50 24 94 98 21 10 64 93 97 32 59 67 92 68 51 8 49 10 80 43 18 52 78 53 86 63 4 58 10 90 52 59 70 69 54 71 75 28 88 30 45 69 16 98 80 55 44
70 62 43 52 71 62 91 21 51 34 0 62 79 55 75 48 2 88 33 38 24 38 17 33 9 51 22 75 2 51 92 3 83 68 32 33 30 26 25 76 7 49 36 23 75 99 72 12 18 29 60 35 11 57 27 29 9 44 13 62 30 26 95 5 65 24 0 9 32 97 76 3 59 65 20 77 35 41 97 86 92 7 54 85 11 45 3 80 59 49 11 27 36 69 32 47 62 98 75 31 60 53 65 25 76 33 95 16 27 2 28 9 29 46 100 66 66 58 84 22 90 30 76 76 77 76
76 86 91 95 8 44 1 62 49 84 62 0 29 44 94 92 50 95 68 12 20 51 86 91 95 21 31 88 42 53 23 30 48 63 35 17 36 47 26 79 26 30 87 65 89 10 45 7 35 33 62 85 84 42 0 26 77 79 6 99 41 30 3 9 26 0 34 37 65 9 50 84 27 8 53 60 60 13 74 0 73 56 20 74 5 37 84 70 51 9 2 65 45 53 23 14 81 93 70 4 81 73 88 59 100 93 42 31 92 83 31 47 63 44 26 97 86 83 2 80 87 28 54 90 60 45
66 52 20 77 12 41 91 33 47 45 79 29 0 47 56 52 3 31 25 94 37 24 4 26 87 45 67 87 7 70 96 57 35 38 24 94 47 76 64 77 24 86 36 78 40 87 67 60 63 0 5 66 90 21 19 64 99 84 83 93 41 75 39 80 59 7 13 6 20 2 25 35 66 91 84 30 97 84 31 67 17 45 62 71 82 29 9 71 23 77 88 66 92 40 13 91 81 73 63 67 25 53 83 12 80 79 71 89 82 33 68 76 51 100 93 44 73 74 28 17 24 9 40 80 30 27
36 58 5 48 66 43 41 5 28 12 55 44 47 0 61 84 80 2 87 49 72 16 22 94 85 19 42 63 98 7 63 26 47 62 4 36 15 2 27 28 59 95 92 15 2 64 89 2 44 75 26 28 52 33 13 57 39 17 38 5 80 72 26 70 100 24 95 45 85 60 81 17 18 19 33 93 22 21 57 89 63 0 31 21 5 33 30 31 97 9 16 98 59 56 71 4 84 37 43 40 7 12 17 16 16 12 72 98 25 47 73 60 88 12 47 95 51 21 93 85 96 83 68 14 39 72
91 4 84 31 55 88 43 59 34 92 75 94 56 61 0 14 10 78 10 54 9 83 55 17 7 87 11 50 50 95 92 84 68 37 98 63 22 68 80 20 20 40 63 99 35 43 54 37 57 69 50 94 69 96 14 65 96 70 32 5 90 62 12 87 70 99 24 15 60 88 46 95 98 42 53 90 84 1 57 94 74 93 47 29 31 20 86 68 65 19 15 99 26 12 45 34 26 25 99 33 54 15 62 93 33 96 100 89 92 69 29 53 74 52 72 0 68 6 94 49 65 65 77 22 16 42
64 37 97 37 93 65 40 60 9 77 48 92 52 84 14 0 38 82 11 45 34 34 69 88 17 71 63 43 90 37 97 48 51 69 17 87 58 90 99 90 85 38 85 11 93 23 44 86 31 93 42 92 54 29 6 1 52 68 86 58 17 58 39 47 54 92 94 46 89 12 20 1 50 8 28 77 60 72 8 88 65 23 35 22 12 14 19 93 59 41 43 69 94 90 5 34 81 36 2 27 50 8 16 27 64 50 62 90 44 81 21 82 12 91 20 49 24 89 46 77 76 25 59 47 83 61
15 37 19 6 67 18 0 61 49 52 2 50 3 80 10 38 0 47 61 32 30 18 6 100 10 5 41 79 69 95 27 48 93 21 100 71 81 99 4 71 36 14 48 49 54 32 58 33 54 16 27 99 95 93 25 93 89 29 73 89 69 2 8 1 43 5 59 22 25 17 53 100 49 40 25 58 58 5 75 89 29 100 68 61 62 15 58 93 11 26 24 0 36 45 52 57 34 22 84 42 67 56 61 76 79 71 27 74 8 90 48 52 76 98 98 79 88 78 69 43 47 43 32 9 89 82
18 22 75 87 85 51 12 90 95 1 88 95 31 2 78 82 47 0 1 12 73 15 100 5 35 3 29 32 26 17 91 65 66 43 15 53 82 98 82 21 10 85 64 67 62 68 43 19 33 72 35 50 27 25 13 84 6 0 42 75 92 96 3 86 3 15 88 60 21 46 13 81 40 59 59 38 21 5 76 35 43 87 55 79 86 49 9 98 8 2 67 19 36 52 57 32 26 92 54 26 85 96 34 61 50 100 92 44 6 39 37 48 7 55 43 75 34 99 73 1 95 49 49 80 94 10
2 70 15 35 78 33 14 56 16 16 33 68 25 87 10 11 61 1 0 75 5 81 60 27 22 0 40 42 41 59 58 98 98 17 26 98 11 11 89 63 40 77 68 54 95 82 41 2 55 62 13 14 96 14 22 10 76 78 72 63 2 5 10 70 98 4 87 85 36 25 18 89 30 27 69 73 60 26 56 0 97 100 98 20 29 69 2 29 57 38 72 11 4 6 14 82 96 100 85 86 74 85 80 4 53 80 89 64 70 80 72 40 50 25 36 20 27 12 18 93 48 99 1 52 98 26
19 47 21 20 44 69 3 99 92 71 38 12 94 49 54 45 32 12 75 0 4 96 55 19 64 78 1 73 60 21 37 23 19 95 78 55 24 87 52 47 83 98 3 53 13 37 54 32 52 56 8 93 99 15 77 5 51 85 89 55 71 11 18 31 74 76 70 94 46 10 89 85 13 63 90 96 41 63 93 73 44 16 19 78 48 79 10 82 1 14 97 31 30 20 16 80 55 84 4 19 27 12 88 38 75 21 6 30 80 65 34 97 44 87 84 20 72 83 70 85 9 50 23 46 72 13
42 56 60 59 22 40 70 83 48 84 24 20 37 72 9 34 30 73 5 4 0 17 90 88 12 64 32 95 17 87 71 44 46 33 3 16 82 19 48 68 95 59 54 97 78 44 23 97 61 27 20 86 38 94 41 89 23 45 72 39 70 70 3 1 20 52 84 16 12 80 47 12 65 92 17 100 27 61 26 32 67 86 77 16 8 82 49 66 10 57 93 82 72 42 31 37 5 18 46 35 41 29 97 18 34 55 88 1 44 90 86 48 28 66 24 66 62 100 53 99 16 35 20 52 96 79
84 57 19 7 13 80 6 19 26 22 38 51 24 16 83 34 18 15 81 96 17 0 48 81 84 60 37 3 61 72 94 64 71 70 62 67 1 99 58 77 36 49 74 87 7 17 63 38 12 48 73 80 29 42 20 75 15 99 33 63 50 52 15 20 2 57 20 8 40 56 28 24 72 60 0 45 4 82 92 34 52 90 19 76 46 65 46 29 15 65 96 37 9 12 21 17 85 42 39 73 13 12 63 22 7 20 44 6 11 69 62 19 92 56 95 93 86 79 42 86 50 41 16 77 28 5
30 70 7 46 64 41 48 92 48 36 17 86 4 22 55 69 6 100 60 55 90 48 0 76 33 33 92 40 24 21 22 10 22 22 33 70 36 94 58 25 84 8 22 22 64 25 20 44 26 9 65 35 61 39 54 41 41 44 96 31 8 22 53 24 62 37 7 14 54 95 97 72 95 96 24 49 88 86 11 64 18 39 48 93 98 4 51 4 67 10 65 28 82 61 84 13 25 4 93 90 73 82 35 28 59 63 51 85 83 100 57 23 61 91 37 68 29 2 77 8 83 29 82 29 71 78
36 62 4 51 78 29 64 45 16 20 33 91 26 94 17 88 100 5 27 19 88 81 76 0 74 55 70 98 18 49 17 89 46 86 48 42 22 26 52 91 19 27 51 2 59 7 89 11 49 3 30 74 76 36 72 81 38 98 27 47 10 70 8 36 30 73 89 68 48 39 44 25 56 93 52 66 20 86 73 36 14 96 32 100 52 56 81 33 85 29 17 79 80 24 16 66 15 78 23 52 68 94 72 82 89 6 40 89 89 38 52 0 60 73 95 6 99 5 4 82 97 23 63 28 49 56
93 66 8 65 4 54 56 78 72 52 9 95 87 85 7 17 10 35 22 64 12 84 33 74 0 9 29 21 4 86 22 66 78 84 87 41 20 25 86 26 84 18 63 19 76 94 52 81 91 17 11 32 25 54 11 93 72 17 25 22 6 53 25 11 43 55 96 10 73 81 93 47 91 40 100 6 11 86 89 75 11 16 10 43 42 43 70 9 21 82 98 81 67 47 96 81 46 92 45 100 14 92 50 96 100 48 57 31 42 85 32 48 85 86 51 1 12 60 60 32 43 20 3 4 20 1
23 80 83 38 53 16 63 19 82 7 51 21 45 19 87 71 5 3 0 78 64 60 33 55 9 0 47 10 59 4 75 41 36 44 40 53 7 19 27 69 43 58 49 46 75 53 87 29 21 33 71 32 26 26 23 51 45 83 26 49 53 29 97 86 24 64 26 77 84 70 47 41 55 43 81 26 72 23 44 93 67 68 83 0 39 25 13 24 38 1 49 79 40 67 31 78 83 77 89 15 84 13 24 22 72 38 79 82 84 4 60 50 96 87 65 72 73 46 37 16 36 22 30 29 99 51
78 68 30 37 66 62 21 74 67 29 22 31 67 42 11 63 41 29 40 1 32 37 92 70 29 47 0 16 32 36 43 4 60 51 2 94 88 3 81 55 40 78 40 0 20 15 82 59 35 28 73 62 96 96 64 2 100 91 63 24 79 13 27 78 70 48 94 86 1 21 71 27 67 55 34 36 55 86 43 59 69 87 83 51 8 22 36 19 88 98 58 36 11 34 98 50 21 12 88 69 62 7 73 37 95 85 81 36 63 16 53 72 63 23 21 1 16 82 78 74 65 73 75 90 17 72
22 26 67 98 84 92 99 57 75 47 75 88 87 63 50 43 79 32 42 73 95 3 40 98 21 10 16 0 87 98 45 66 89 68 56 75 25 72 45 93 67 74 23 21 24 48 52 61 86 57 6 83 64 60 48 72 8 42 78 76 26 55 8 81 73 97 68 26 66 98 45 72 73 9 42 84 23 42 59 84 46 74 27 38 100 77 35 28 36 68 84 84 74 41 36 53 16 59 41 97 58 51 52 90 37 88 46 44 46 68 55 99 57 8 20 11 75 38 25 63 56 5 64 44 50 9
39 12 65 4 46 90 0 81 51 73 2 42 7 98 50 90 69 26 41 60 17 61 24 18 4 59 32 87 0 38 28 92 52 96 25 35 58 29 22 92 50 18 83 45 63 29 9 5 11 8 62 36 1 54 46 66 78 32 39 64 88 49 25 45 44 59 85 73 90 58 97 32 38 0 4 54 78 67 6 5 11 66 54 21 77 82 61 43 65 8 68 53 40 50 64 44 93 15 45 87 23 46 43 51 91 66 51 63 7 56 31 41 66 81 81 12 45 61 82 5 43 29 87 41 34 63
76 7 26 50 23 54 4 36 92 42 51 53 70 7 95 37 95 17 59 21 87 72 21 49 86 4 36 98 38 0 86 24 45 41 0 80 89 11 26 66 68 11 54 10 72 8 42 95 50 4 24 16 49 50 87 93 79 47 8 31 23 14 46 26 12 64 85 71 38 12 62 68 45 43 40 72 39 63 22 55 66 13 78 47 1 35 17 60 23 62 29 3 97 21 47 26 15 27 64 8 27 75 9 69 10 98 52 74 96 3 89 67 68 12 91 86 43 85 8 81 3 74 97 32 13 8
43 72 21 86 71 57 87 32 61 12 92 23 96 63 92 97 27 91 58 37 71 94 22 17 22 75 43 45 28 86 0 94 64 21 55 43 14 57 30 60 84 30 19 99 68 14 79 76 64 27 35 25 27 79 57 82 44 97 22 60 32 57 24 73 58 90 24 23 7 89 23 11 19 50 43 72 26 58 14 42 19 71 97 58 77 7 96 30 92 47 13 39 48 54 34 55 64 83 36 65 9 8 36 99 21 94 44 23 27 78 49 29 86 34 69 13 32 8 8 58 45 12 58 51 63 90
5 60 12 20 76 53 89 90 20 4 3 30 57 26 84 48 48 65 98 23 44 64 10 89 66 41 4 66 92 24 94 0 39 94 24 37 67 18 15 97 48 83 62 84 78 32 87 21 52 32 82 63 97 25 16 88 75 34 73 4 70 83 13 7 14 69 92 65 30 48 96 97 84 33 11 54 67 93 37 89 63 6 38 4 92 98 92 28 53 76 79 78 98 6 18 43 2 46 76 49 51 38 94 6 38 65 26 41 50 42 91 2 12 2 93 50 37 50 13 99 62 83 41 19 91 53
16 38 63 76 69 82 96 1 43 49 83 48 35 47 68 51 93 66 98 19 46 71 22 46 78 36 60 89 52 45 64 39 0 61 27 43 35 74 28 9 77 78 85 94 56 11 27 59 29 0 43 59 35 22 5 48 49 4 9 21 63 78 31 19 16 11 4 6 49 71 42 48 59 66 98 42 81 67 79 11 90 90 77 84 20 18 32 79 36 73 10 40 38 77 10 54 0 2 36 85 58 82 51 32 37 52 22 76 36 91 32 41 97 5 60 13 59 69 60 10 13 17 97 38 76 99
98 42 14 7 27 21 52 37 64 54 68 63 38 62 37 69 21 43 17 95 33 70 22 86 84 44 51 68 96 41 21 94 61 0 19 9 60 36 85 47 83 71 26 18 86 81 35 18 22 15 95 94 78 87 33 23 71 71 20 45 52 100 81 57 34 82 73 6 10 19 8 28 15 90 42 34 16 28 90 41 4 77 24 17 81 28 11 3 81 29 9 93 20 64 6 32 84 75 44 96 19 30 77 92 66 31 4 0 16 59 13 45 20 70 24 1 52 31 0 87 9 98 52 89 100 90
88 92 81 6 78 27 63 19 83 7 32 35 24 4 98 17 100 15 26 78 3 62 33 48 87 40 2 56 25 0 55 24 27 19 0 8 29 71 55 36 77 31 39 3 94 31 55 79 83 45 9 38 61 87 1 18 92 96 46 28 16 54 57 65 30 66 19 76 58 84 9 98 56 53 24 59 63 70 73 8 66 86 84 32 76 27 54 66 98 100 76 76 53 66 58 18 28 21 36 49 89 19 88 50 87 98 64 19 69 32 92 78 42 99 15 81 19 100 96 20 20 4 6 86 63 97
15 70 11 74 82 0 60 6 17 20 33 17 94 36 63 87 71 53 98 55 16 67 70 42 41 53 94 75 35 80 43 37 43 9 8 0 98 75 43 83 17 17 2 51 39 44 87 90 43 11 81 9 78 52 20 81 92 60 96 35 28 31 10 58 86 6 76 86 43 54 48 9 38 40 99 60 27 28 6 57 53 41 29 22 83 21 74 34 97 11 91 12 13 99 91 31 51 26 35 24 42 36 80 67 32 18 15 98 83 87 45 13 77 65 95 54 1 30 92 33 14 86 75 13 7 35
36 27 46 44 71 65 2 3 51 79 30 36 47 15 22 58 81 82 11 24 82 1 36 22 20 7 88 25 58 89 14 67 35 60 29 98 0 19 1 70 74 0 36 95 33 65 31 63 95 22 58 95 73 35 67 4 53 44 78 20 20 7 49 43 34 85 69 53 26 53 90 74 55 70 45 7 27 32 39 92 26 78 10 51 83 34 51 86 85 43 18 37 72 50 51 27 16 41 66 12 89 87 62 72 4 6 68 24 12 86 18 14 92 83 10 30 45 95 52 19 33 25 59 3 52 14
44 17 84 31 14 76 56 87 64 98 26 47 76 2 68 90 99 98 11 87 19 99 94 26 25 19 3 72 29 11 57 18 74 36 71 75 19 0 97 7 15 52 23 91 6 96 44 80 33 86 94 4 92 32 75 86 70 54 19 41 37 77 18 16 31 38 29 58 53 33 100 62 34 53 15 92 93 40 42 90 27 86 12 93 82 59 93 99 33 72 62 34 43 24 46 92 7 23 13 37 14 33 75 39 54 72 47 15 65 62 2 52 27 76 25 19 97 49 95 25 91 41 78 64 32 66
82 38 79 74 22 0 2 96 61 16 25 26 64 27 80 99 4 82 89 52 48 58 58 52 86 27 81 45 22 26 30 15 28 85 55 43 1 97 0 70 64 88 41 0 58 29 19 2 38 55 8 80 46 99 89 16 15 32 69 90 31 94 21 81 9 78 47 33 25 98 23 62 51 43 45 72 79 89 96 2 30 6 35 35 26 67 32 18 5 73 99 91 77 49 25 90 21 22 16 80 14 44 74 54 60 74 74 87 31 79 71 99 0 40 29 22 55 91 60 52 25 75 81 5 54 54
78 75 6 30 13 91 59 63 48 5 76 79 77 28 20 90 71 21 63 47 68 77 25 91 26 69 55 93 92 66 60 97 9 47 36 83 70 7 70 0 14 8 14 14 100 51 94 1 81 54 67 42 27 71 2 21 77 50 36 74 15 83 32 65 95 51 96 95 26 41 24 47 61 26 38 83 41 91 75 23 88 75 7 43 70 61 47 59 9 63 17 17 44 85 78 78 1 79 98 96 84 65 36 66 97 51 81 24 49 97 44 19 24 12 13 51 1 9 40 90 97 96 20 4 57 95
62 1 97 14 52 74 90 41 93 81 7 26 24 59 20 85 36 10 40 83 95 36 84 19 84 43 40 67 50 68 84 48 77 83 77 17 74 15 64 14 0 72 15 26 91 100 54 32 27 3 64 60 21 39 73 44 60 49 31 33 94 5 90 14 89 51 65 41 76 97 26 79 68 75 68 10 74 8 3 56 53 38 61 57 65 55 13 66 89 76 42 74 92 33 73 77 78 29 11 9 76 11 47 100 75 90 6 26 95 81 97 15 85 68 46 56 18 38 32 56 75 63 25 98 26 19
54 21 32 75 11 37 0 42 23 80 49 30 86 95 40 38 14 85 77 98 59 49 8 27 18 58 78 74 18 11 30 83 78 71 31 17 0 52 88 8 72 0 19 62 78 7 17 33 54 28 29 93 37 63 2 67 9 83 5 38 79 64 86 48 3 14 59 59 75 96 3 1 49 7 94 94 11 97 95 84 40 96 93 50 13 95 33 44 20 34 36 26 86 8 43 12 13 91 22 56 38 2 0 32 41 68 60 64 27 52 69 86 83 81 3 24 62 66 45 25 24 75 5 75 83 82
73 18 26 10 72 3 34 77 88 41 36 87 36 92 63 85 48 64 68 3 54 74 22 51 63 49 40 23 83 54 19 62 85 26 39 2 36 23 41 14 15 19 0 93 31 37 84 86 51 68 91 99 83 36 64 89 67 6 86 11 99 1 44 23 24 87 33 94 1 89 53 34 72 29 12 46 54 69 71 87 0 1 47 71 99 8 9 44 98 79 65 86 33 0 86 12 78 17 71 97 44 13 5 20 0 72 33 60 15 50 24 34 96 41 70 41 90 19 61 0 18 31 52 86 28 90
34 0 44 96 21 12 73 32 28 74 23 65 78 15 99 11 49 67 54 53 97 87 22 2 19 46 0 21 45 10 99 84 94 18 3 51 95 91 0 14 26 62 93 0 15 41 89 59 20 31 11 5 26 78 12 99 18 84 17 9 24 30 69 51 32 15 5 38 37 96 59 42 42 80 53 40 75 28 30 35 86 6 23 100 42 69 59 0 4 83 84 2 68 41 71 84 40 46 64 45 46 45 63 52 0 26 45 3 74 53 56 73 96 30 51 37 50 61 72 74 56 99 89 47 85 50
17 85 38 15 21 93 45 28 78 43 75 89 40 2 35 93 54 62 95 13 78 7 64 59 76 75 20 24 63 72 68 78 56 86 94 39 33 6 58 100 91 78 31 15 0 79 96 33 56 38 0 17 74 19 62 15 91 97 32 85 99 26 37 60 100 14 64 51 16 76 29 26 44 46 77 13 35 63 99 56 10 59 0 82 21 19 62 5 3 37 81 33 39 67 14 30 68 46 44 99 55 8 64 91 79 24 65 48 86 4 3 98 8 53 88 46 25 50 49 15 30 58 42 31 93 34
90 39 55 61 90 76 66 14 37 35 99 10 87 64 43 23 32 68 82 37 44 17 25 7 94 53 15 48 29 8 14 32 11 81 31 44 65 96 29 51 100 7 37 41 79 0 99 54 60 59 71 4 81 95 83 24 55 68 28 47 4 87 38 100 74 1 47 52 56 66 44 66 64 59 51 1 27 22 24 80 47 50 93 50 28 37 27 17 36 10 56 51 0 6 45 15 96 39 66 60 97 17 15 17 78 56 74 13 56 25 20 56 43 51 60 42 59 20 80 65 10 64 93 82 72 55
2 68 40 34 23 70 95 92 56 11 72 45 67 89 54 44 58 43 41 54 23 63 20 89 52 87 82 52 9 42 79 87 27 35 55 87 31 44 19 94 54 17 84 89 96 99 0 56 11 48 88 58 33 7 25 17 77 87 68 15 40 42 75 31 26 75 98 89 2 97 50 42 34 79 30 48 40 23 42 40 56 16 51 97 52 60 98 89 86 92 99 14 52 18 64 90 11 84 66 72 79 11 12 20 43 68 21 82 77 72 70 76 43 89 76 60 67 46 20 9 48 61 3 83 85 11
21 48 31 3 86 71 14 25 97 2 12 7 60 2 37 86 33 19 2 32 97 38 44 11 81 29 59 61 5 95 76 21 59 18 79 90 63 80 2 1 32 33 86 59 33 54 56 0 17 8 75 22 9 50 49 47 34 67 56 59 88 41 31 89 70 1 51 46 18 86 79 14 77 64 37 31 7 36 52 96 50 94 22 16 41 18 61 89 17 89 35 23 33 81 45 61 80 46 26 25 82 72 26 49 84 92 10 84 5 68 50 47 54 53 37 42 32 66 87 21 80 30 97 24 12 53
14 77 10 0 39 72 38 51 9 78 18 35 63 44 57 31 54 33 55 52 61 12 26 49 91 21 35 86 11 50 64 52 29 22 83 43 95 33 38 81 27 54 51 20 56 60 11 17 0 56 39 82 10 18 20 48 89 52 88 22 37 28 44 48 94 95 30 56 70 48 41 85 34 5 59 67 1 4 60 19 60 77 96 15 55 48 21 74 43 69 93 28 73 72 15 28 69 5 85 90 15 98 40 44 29 61 45 91 36 86 38 83 2 65 32 45 70 40 41 18 4 6 81 65 86 36
24 25 18 26 58 49 80 8 29 49 29 33 0 75 69 93 16 72 62 56 27 48 9 3 17 33 28 57 8 4 27 32 0 15 45 11 22 86 55 54 3 28 68 31 38 59 48 8 56 0 41 6 36 82 98 61 72 95 53 90 3 31 27 17 3 97 49 12 59 56 76 38 75 27 72 20 55 7 50 48 91 46 94 17 82 23 36 39 46 65 58 91 46 34 20 100 62 96 48 64 99 87 63 80 77 81 68 61 38 86 40 18 19 6 17 16 65 56 29 14 57 41 23 6 83 63
47 22 39 3 67 94 71 61 5 46 60 62 5 26 50 42 27 35 13 8 20 73 65 30 11 71 73 6 62 24 35 82 43 95 9 81 58 94 8 67 64 29 91 11 0 71 88 75 39 41 0 92 37 57 94 33 76 71 40 29 68 5 67 43 95 78 82 95 5 59 64 46 55 96 50 55 65 19 78 24 98 4 60 69 51 75 16 82 5 97 45 39 73 12 11 73 48 80 100 4 11 77 67 68 46 96 50 58 36 59 89 11 8 33 76 66 71 55 41 57 35 44 4 14 58 48
67 77 96 17 100 95 92 24 46 79 35 85 66 28 94 92 99 50 14 93 86 80 35 74 32 32 62 83 36 16 25 63 59 94 38 9 95 4 80 42 60 93 99 5 17 4 58 22 82 6 92 0 8 93 67 99 22 72 52 52 91 20 53 4 8 97 73 61 50 72 10 30 80 68 69 31 30 47 48 37 41 6 71 82 32 16 47 30 12 79 58 17 66 9 3 27 32 44 41 93 56 41 76 92 34 89 15 44 16 98 79 40 72 70 70 33 92 28 9 97 51 60 23 56 6 60
46 69 92 15 46 32 52 17 96 43 11 84 90 52 69 54 95 27 96 99 38 29 61 76 25 26 96 64 1 49 27 97 35 78 61 78 73 92 46 27 21 37 83 26 74 81 33 9 10 36 37 8 0 11 10 62 22 54 98 81 8 4 55 88 98 73 21 32 30 98 30 58 46 34 88 36 36 6 48 17 78 11 21 4 41 86 65 81 46 21 3 91 28 41 11 88 31 93 100 55 12 54 94 27 65 95 97 75 64 45 89 85 68 76 2 48 40 23 71 0 44 92 20 22 29 86
10 100 79 11 17 61 81 66 54 82 57 42 21 33 96 29 93 25 14 15 94 42 39 36 54 26 96 60 54 50 79 25 22 87 87 52 35 32 99 71 39 63 36 78 19 95 7 50 18 82 57 93 11 0 45 67 30 97 78 40 87 93 31 99 89 0 94 72 95 51 88 80 50 8 58 43 50 13 11 48 85 70 3 63 74 53 84 16 53 54 88 40 19 15 71 35 77 16 64 31 5 72 8 12 21 30 92 59 94 20 11 63 12 42 30 49 53 2 60 65 84 2 8 1 70 75
48 33 90 86 35 62 77 18 39 4 27 0 19 13 14 6 25 13 22 77 41 20 54 72 11 23 64 48 46 87 57 16 5 33 1 20 67 75 89 2 73 2 64 12 62 83 25 49 20 98 94 67 10 45 0 40 3 14 27 28 77 56 97 25 35 10 41 18 67 77 41 11 97 69 69 98 11 93 7 1 34 35 29 70 35 64 7 85 75 27 87 18 51 43 40 24 23 37 17 88 49 21 56 18 55 32 89 46 89 52 10 18 81 83 44 78 60 96 77 96 41 23 44 15 61 82
20 85 55 15 72 66 96 32 17 10 29 26 64 57 65 1 93 84 10 5 89 75 41 81 93 51 2 72 66 93 82 88 48 23 18 81 4 86 16 21 44 67 89 99 15 24 17 47 48 61 33 99 62 67 40 0 56 13 66 36 84 31 21 64 69 72 19 98 12 63 88 20 62 43 84 4 39 97 58 65 97 48 5 20 77 74 76 35 12 47 38 15 92 25 39 90 42 28 25 39 45 94 72 79 56 68 82 93 93 31 53 42 62 11 0 59 51 49 48 18 74 7 70 42 77 81
56 96 39 94 23 22 16 4 13 78 9 77 99 39 96 52 89 6 76 51 23 15 41 38 72 45 100 8 78 79 44 75 49 71 92 92 53 70 15 77 60 9 67 18 91 55 77 34 89 72 76 22 22 30 3 56 0 54 50 4 72 9 75 55 37 5 84 39 48 50 38 30 44 62 53 35 14 88 9 0 52 85 76 51 53 32 73 40 68 80 83 60 87 10 99 91 43 73 92 44 33 62 18 87 35 27 65 96 14 85 46 1 24 76 33 72 4 42 28 62 55 66 88 53 71 73
37 28 70 73 83 72 48 65 82 21 44 79 84 17 70 68 29 0 78 85 45 99 44 98 17 83 91 42 32 47 97 34 4 71 96 60 44 54 32 50 49 83 6 84 97 68 87 67 52 95 71 72 54 97 14 13 54 0 1 80 63 100 32 14 13 9 12 78 59 95 7 42 34 71 57 74 80 42 18 61 75 50 40 38 16 50 33 50 81 78 12 75 75 22 49 40 71 52 87 41 88 40 27 44 51 92 65 33 71 61 81 30 14 75 82 53 16 41 39 45 89 5 99 38 3 44
63 34 23 17 96 40 78 52 61 86 13 6 83 38 32 86 73 42 72 89 72 33 96 27 25 26 63 78 39 8 22 73 9 20 46 96 78 19 69 36 31 5 86 17 32 28 68 56 88 53 40 52 98 78 27 66 50 1 0 3 18 92 70 79 37 35 18 43 92 44 63 51 74 8 46 97 33 2 22 29 97 84 42 11 80 86 47 1 64 22 55 27 11 36 84 14 82 0 29 48 77 50 72 65 65 98 97 65 10 45 75 51 39 45 14 61 12 37 57 49 24 9 93 40 1 37
13 94 17 60 56 74 93 31 49 0 62 99 93 5 5 58 89 75 63 55 39 63 31 47 22 49 24 76 64 31 60 4 21 45 28 35 20 41 90 74 33 38 11 9 85 47 15 59 22 90 29 52 81 40 28 36 4 80 3 0 58 53 28 78 53 39 45 67 57 73 96 56 7 76 75 67 99 64 77 84 93 4 87 13 32 58 24 1 8 69 91 1 43 95 50 35 23 91 54 92 81 12 23 54 85 6 94 62 16 53 34 69 66 23 79 54 22 18 69 71 87 14 41 10 11 55
41 0 31 49 70 72 44 61 54 17 30 41 41 80 90 17 69 92 2 71 70 50 8 10 6 53 79 26 88 23 32 70 63 52 16 28 20 37 31 15 94 79 99 24 99 4 40 88 37 3 68 91 8 87 77 84 72 63 18 58 0 52 13 6 57 56 56 48 21 24 90 15 65 86 68 37 58 31 46 71 21 10 63 56 39 38 48 47 56 75 23 82 70 20 28 28 0 13 29 72 77 30 70 11 52 37 9 9 53 20 26 43 36 56 91 45 40 2 15 98 30 29 47 79 78 61
17 83 73 23 66 7 13 11 97 42 26 30 75 72 62 58 2 96 5 11 70 52 22 70 53 29 13 55 49 14 57 83 78 100 54 31 7 77 94 83 5 64 1 30 26 87 42 41 28 31 5 20 4 93 56 31 9 100 92 53 52 0 68 95 20 56 61 63 58 55 19 75 2 64 0 26 28 44 58 57 60 15 65 1 58 66 38 20 33 36 69 37 74 75 30 81 75 81 13 37 4 95 30 21 98 9 95 67 15 96 83 7 4 58 92 84 47 75 60 65 83 100 38 96 74 39
65 10 94 25 3 47 5 48 50 78 95 3 39 26 12 39 8 3 10 18 3 15 53 8 25 97 27 8 25 46 24 13 31 81 57 10 49 18 21 32 90 86 44 69 37 38 75 31 44 27 67 53 55 31 97 21 75 32 70 28 13 68 0 58 73 77 93 20 84 55 88 43 22 35 33 84 60 49 81 50 90 47 63 61 0 17 91 15 11 35 95 81 72 20 82 68 8 63 54 46 38 62 57 30 71 56 19 24 58 59 20 34 14 87 1 38 96 100 23 61 92 18 3 60 92 98
60 27 11 57 34 85 13 12 74 29 5 9 80 70 87 47 1 86 70 31 1 20 24 36 11 86 78 81 45 26 73 7 19 57 65 58 43 16 81 65 14 48 23 51 60 100 31 89 48 17 43 4 88 99 25 64 55 14 79 78 6 95 58 0 40 28 77 21 10 83 60 39 49 37 99 0 61 86 33 73 76 79 46 62 43 95 16 52 65 77 13 67 62 70 28 5 18 27 29 33 60 71 66 99 54 16 13 33 89 33 78 73 59 2 45 76 16 76 52 80 45 48 63 18 1 17
81 70 9 25 67 84 38 27 15 57 65 26 59 100 70 54 43 3 98 74 20 2 62 30 43 24 70 73 44 12 58 14 16 34 30 86 34 31 9 95 89 3 24 32 100 74 26 70 94 3 95 8 98 89 35 69 37 13 37 53 57 20 73 40 0 33 39 91 60 20 3 88 79 44 100 21 70 7 93 79 52 71 29 79 42 71 85 9 99 86 51 19 88 85 28 71 46 76 58 57 8 53 37 85 16 68 50 92 87 5 73 40 20 31 85 66 68 36 23 14 70 50 90 64 56 56
22 3 59 82 47 88 89 8 17 2 24 0 7 24 99 92 5 15 4 76 52 57 37 73 55 64 48 97 59 64 90 69 11 82 66 6 85 38 78 51 51 14 87 15 14 1 75 1 95 97 78 97 73 0 10 72 5 9 35 39 56 56 77 28 33 0 94 37 66 37 57 31 40 48 1 86 4 12 89 94 0 4 41 39 25 2 40 3 85 90 58 70 90 92 41 16 97 51 65 10 90 31 85 63 85 95 64 100 48 29 53 89 65 51 14 71 58 64 30 82 7 70 51 82 7 24
96 73 97 63 60 33 91 61 53 17 0 34 13 95 24 94 59 88 87 70 84 20 7 89 96 26 94 68 85 85 24 92 4 73 19 76 69 29 47 96 65 59 33 5 64 47 98 51 30 49 82 73 21 94 41 19 84 12 18 45 56 61 93 77 39 94 0 15 15 6 25 79 20 5 10 75 79 100 45 40 19 57 44 95 1 89 22 5 4 68 12 9 70 53 59 41 67 56 10 3 45 12 17 69 11 55 44 5 26 68 24 26 49 78 88 12 94 21 13 82 59 41 60 90 44 63
60 87 11 32 24 78 19 91 38 57 9 37 6 45 15 46 22 60 85 94 16 8 14 68 10 77 86 26 73 71 23 65 6 6 76 86 53 58 33 95 41 59 94 38 51 52 89 46 56 12 95 61 32 72 18 98 39 78 43 67 48 63 20 21 91 37 15 0 45 48 13 77 26 69 56 77 30 35 33 51 17 48 90 80 15 69 70 69 14 11 73 2 85 83 60 90 96 17 83 7 55 47 68 64 82 15 30 23 81 81 98 43 1 0 84 47 60 0 19 77 5 89 91 87 38 15
56 43 44 39 30 97 56 50 55 40 32 65 20 85 60 89 25 21 36 46 12 40 54 48 73 84 1 66 90 38 7 30 49 10 58 43 26 53 25 26 76 75 1 37 16 56 2 18 70 59 5 50 30 95 67 12 48 59 92 57 21 58 84 10 60 66 15 45 0 36 92 51 24 85 99 55 55 98 33 86 51 11 99 50 70 6 47 76 15 37 84 84 61 42 0 82 74 80 64 49 6 95 50 85 69 66 2 95 42 46 44 97 29 20 79 38 68 34 10 35 6 16 16 4 55 46
56 14 2 83 87 56 83 50 5 61 97 9 2 60 88 12 17 46 25 10 80 56 95 39 81 70 21 98 58 12 89 48 71 19 84 54 53 33 98 41 97 96 89 96 76 66 97 86 48 56 59 72 98 51 77 63 50 95 44 73 24 55 55 83 20 37 6 48 36 0 78 74 94 86 58 14 88 94 40 1 84 73 46 30 81 61 37 16 25 81 38 22 48 96 12 24 85 35 47 92 85 81 40 81 100 96 85 11 23 64 26 18 24 16 14 37 58 62 73 19 45 86 23 99 61 92
56 62 43 22 3 30 24 4 78 76 76 50 25 81 46 20 53 13 18 89 47 28 97 44 93 47 71 45 97 62 23 96 42 8 9 48 90 100 23 24 26 3 53 59 29 44 50 79 41 76 64 10 30 88 41 88 38 7 63 96 90 19 88 60 3 57 25 13 92 78 0 49 94 75 59 61 39 56 90 83 91 83 28 11 65 42 0 39 21 3 82 25 19 17 19 61 100 46 59 46 11 80 73 52 3 96 24 20 46 51 79 39 59 84 85 21 26 57 69 51 60 36 77 72 91 41
73 59 84 46 56 76 31 39 88 66 3 84 35 17 95 1 100 81 89 85 12 24 72 25 47 41 27 72 32 68 11 97 48 28 98 9 74 62 62 47 79 1 34 42 26 66 42 14 85 38 46 30 58 80 11 20 30 42 51 56 15 75 43 39 88 31 79 77 51 74 49 0 87 31 28 13 73 21 30 24 48 54 37 89 94 57 79 33 51 90 68 60 53 34 31 12 53 99 29 35 82 63 100 8 30 76 1 19 72 81 83 67 35 90 22 8 81 78 77 90 54 81 24 94 8 44
57 82 31 85 24 12 19 1 25 96 59 27 66 18 98 50 49 40 30 13 65 72 95 56 91 55 67 73 38 45 19 84 59 15 56 38 55 34 51 61 68 49 72 42 44 64 34 77 34 75 55 80 46 50 97 62 44 34 74 7 65 2 22 49 79 40 20 26 24 94 94 87 0 8 68 56 43 19 6 20 51 66 41 76 67 16 4 27 36 19 76 71 33 19 39 24 6 96 43 90 97 51 44 4 0 61 71 90 78 11 86 28 66 75 66 98 31 57 32 27 97 54 5 33 93 23
52 83 41 18 27 43 28 75 48 67 65 8 91 19 42 8 40 59 27 63 92 60 96 93 40 43 55 9 0 43 50 33 66 90 53 40 70 53 43 26 75 7 29 80 46 59 79 64 5 27 96 68 34 8 69 43 62 71 8 76 86 64 35 37 44 48 5 69 85 86 75 31 8 0 13 73 1 25 28 98 98 32 81 72 97 31 66 31 40 84 0 16 75 15 67 37 82 28 78 24 96 3 81 16 25 22 5 25 41 19 54 78 32 88 94 20 76 1 50 24 32 67 5 25 63 21
97 64 36 100 38 54 9 89 76 79 20 53 84 33 53 28 25 59 69 90 17 0 24 52 100 81 34 42 4 40 43 11 98 42 24 99 45 15 45 38 68 94 12 53 77 51 30 37 59 72 50 69 88 58 69 84 53 57 46 75 68 0 33 99 100 1 10 56 99 58 59 28 68 13 0 73 73 26 96 83 74 69 84 38 52 15 66 44 34 23 68 56 2 46 18 73 1 96 49 71 4 51 57 21 84 62 77 97 92 19 55 98 20 59 43 7 87 16 57 90 42 26 72 94 34 34
87 11 21 54 77 35 40 57 63 2 77 60 30 93 90 77 58 38 73 96 100 45 49 66 6 26 36 84 54 72 72 54 42 34 59 60 7 92 72 83 10 94 46 40 13 1 48 31 67 20 55 31 36 43 98 4 35 74 97 67 37 26 84 0 21 86 75 77 55 14 61 13 56 73 73 0 58 81 69 66 26 4 56 32 37 41 55 55 8 0 29 49 98 29 61 77 10 28 7 80 98 11 9 74 70 19 85 0 94 37 66 22 34 86 64 83 68 55 7 20 30 1 39 46 8 63
41 12 12 83 19 35 55 65 48 25 35 60 97 22 84 60 58 21 60 41 27 4 88 20 11 72 55 23 78 39 26 67 81 16 63 27 27 93 79 41 74 11 54 75 35 27 40 7 1 55 65 30 36 50 11 39 14 80 33 99 58 28 60 61 70 4 79 30 55 88 39 73 43 1 73 58 0 25 99 58 25 25 21 84 94 82 53 52 20 38 19 62 14 39 47 11 63 5 10 50 100 51 94 46 64 56 49 17 36 65 67 5 60 61 52 64 44 36 0 71 82 84 64 55 9 71
50 12 14 64 7 28 46 78 80 36 41 13 84 21 1 72 5 5 26 63 61 82 86 86 86 23 86 42 67 63 58 93 67 28 70 28 32 40 89 91 8 97 69 28 63 22 23 36 4 7 19 47 6 13 93 97 88 42 2 64 31 44 49 86 7 12 100 35 98 94 56 21 19 25 26 81 25 0 44 100 69 31 54 42 2 75 99 88 73 70 23 8 71 36 52 42 4 36 56 42 56 81 21 49 1 77 72 6 19 88 63 66 43 61 15 4 1 97 45 80 22 25 89 43 25 12
70 45 13 40 59 14 0 12 50 6 97 74 31 57 57 8 75 76 56 93 26 92 11 73 89 44 43 59 6 22 14 37 79 90 73 6 39 42 96 75 3 95 71 30 99 24 42 52 60 50 78 48 48 11 7 58 9 18 22 77 46 58 81 33 93 89 45 33 33 40 90 30 6 28 96 69 99 44 0 16 51 1 30 96 60 16 90 35 24 41 12 97 11 95 94 38 25 5 6 78 61 72 96 56 40 92 13 77 54 47 59 65 80 20 76 5 85 44 83 38 8 96 23 73 28 52
41 54 28 76 100 51 34 58 94 50 86 0 67 89 94 88 89 35 0 73 32 34 64 36 75 93 59 84 5 55 42 89 11 41 8 57 92 90 2 23 56 84 87 35 56 80 40 96 19 48 24 37 17 48 1 65 0 61 29 84 71 57 50 73 79 94 40 51 86 1 83 24 20 98 83 66 58 100 16 0 47 29 76 48 76 35 67 44 32 8 81 3 100 64 27 5 79 9 32 95 6 91 1 90 69 59 83 8 81 76 86 14 24 56 27 32 4 54 58 66 14 26 15 86 67 68
57 58 55 86 18 80 71 5 9 24 92 73 17 63 74 65 29 43 97 44 67 52 18 14 11 67 69 46 11 66 19 63 90 4 66 53 26 27 30 88 53 40 0 86 10 47 56 50 60 91 98 41 78 85 34 97 52 75 97 93 21 60 90 76 52 0 19 17 51 84 91 48 51 98 74 26 25 69 51 47 0 65 56 77 69 32 8 99 41 3 68 69 62 38 79 89 28 42 26 87 54 55 47 32 28 37 19 96 11 29 65 2 29 33 0 1 28 22 61 39 71 72 4 96 16 44
34 34 42 61 1 58 96 71 11 94 7 56 45 0 93 23 100 87 100 16 86 90 39 96 16 68 87 74 66 13 71 6 90 77 86 41 78 86 6 75 38 96 1 6 59 50 16 94 77 46 4 6 11 70 35 48 85 50 84 4 10 15 47 79 71 4 57 48 11 73 83 54 66 32 69 4 25 31 1 29 65 0 66 26 40 86 88 14 68 69 31 21 4 100 8 77 89 62 1 80 74 5 28 68 13 73 41 100 71 31 49 2 36 77 65 56 73 56 9 55 62 22 94 55 13 96
9 95 26 81 9 35 51 40 40 98 54 20 62 31 47 35 68 55 98 19 77 19 48 32 10 83 83 27 54 78 97 38 77 24 84 29 10 12 35 7 61 93 47 23 0 93 51 22 96 94 60 71 21 3 29 5 76 40 42 87 63 65 63 46 29 41 44 90 99 46 28 37 41 81 84 56 21 54 30 76 56 66 0 52 10 30 12 43 34 81 97 40 29 75 20 29 87 35 58 3 98 37 56 3 22 87 29 63 30 100 16 81 38 92 86 63 18 8 54 6 72 92 52 46 56 79
8 72 29 5 37 24 13 55 61 21 85 74 71 21 29 22 61 79 20 78 16 76 93 100 43 0 51 38 21 47 58 4 84 17 32 22 51 93 35 43 57 50 71 100 82 50 97 16 15 17 69 82 4 63 70 20 51 38 11 13 56 1 61 62 79 39 95 80 50 30 11 89 76 72 38 32 84 42 96 48 77 26 52 0 65 20 94 25 36 46 37 40 24 78 33 47 69 61 13 31 76 28 46 9 84 70 58 81 93 33 52 26 40 66 13 100 97 40 14 3 75 50 52 35 71 62
51 38 29 43 50 18 4 89 27 10 11 5 82 5 31 12 62 86 29 48 8 46 98 52 42 39 8 100 77 1 77 92 20 81 76 83 83 82 26 70 65 13 99 42 21 28 52 41 55 82 51 32 41 74 35 77 53 16 80 32 39 58 0 43 42 25 1 15 70 81 65 94 67 97 52 37 94 2 60 76 69 40 10 65 0 9 16 40 21 34 87 18 6 41 32 77 2 0 73 63 4 100 15 63 94 57 37 79 37 47 16 21 79 71 0 60 46 83 26 60 73 90 86 8 33 61
86 28 53 41 60 25 83 29 56 64 45 37 29 33 20 14 15 49 69 79 82 65 4 56 43 25 22 77 82 35 7 98 18 28 27 21 34 59 67 61 55 95 8 69 19 37 60 18 48 23 75 16 86 53 64 74 32 50 86 58 38 66 17 95 71 2 89 69 6 61 42 57 16 31 15 41 82 75 16 35 32 86 30 20 9 0 0 12 68 96 85 44 62 24 1 82 11 11 99 73 7 94 99 56 47 57 3 8 0 15 28 84 7 79 94 58 29 2 6 68 59 36 45 73 95 84
27 20 63 12 96 12 1 75 10 93 3 84 9 30 86 19 58 9 2 10 49 46 51 81 70 13 36 35 61 17 96 92 32 11 54 74 51 93 32 47 13 33 9 59 62 27 98 61 21 36 16 47 65 84 7 76 73 33 47 24 48 38 91 16 85 40 22 70 47 37 0 79 4 66 66 55 53 99 90 67 8 88 12 94 16 0 0 73 49 15 16 94 73 56 61 6 68 15 72 54 27 89 94 0 94 96 2 93 97 87 95 1 14 80 64 57 61 66 48 29 94 35 96 92 45 45
64 17 30 20 91 76 74 76 93 97 80 70 71 31 68 93 93 98 29 82 66 29 4 33 9 24 19 28 43 60 30 28 79 3 66 34 86 99 18 59 66 44 44 0 5 17 89 89 74 39 82 30 81 16 85 35 40 50 1 1 47 20 15 52 9 3 5 69 76 16 39 33 27 31 44 55 52 88 35 44 99 14 43 25 40 12 73 0 46 72 43 32 2 44 71 70 84 86 44 11 56 14 89 44 41 39 0 54 16 63 54 7 80 91 7 2 98 21 58 98 10 72 79 68 99 21
49 59 40 81 86 71 9 90 39 32 59 51 23 97 65 59 11 8 57 1 10 15 67 85 21 38 88 36 65 23 92 53 36 81 98 97 85 33 5 9 89 20 98 4 3 36 86 17 43 46 5 12 46 53 75 12 68 81 64 8 56 33 11 65 99 85 4 14 15 25 21 51 36 40 34 8 20 73 24 32 41 68 34 36 21 68 49 46 0 12 2 6 68 36 71 71 51 17 79 48 64 69 50 27 42 87 1 56 49 49 41 92 49 78 44 89 91 61 60 94 94 44 58 69 89 35
44 57 17 90 70 81 3 11 45 59 49 9 77 9 19 41 26 2 38 14 57 65 10 29 82 1 98 68 8 62 47 76 73 29 100 11 43 72 73 63 76 34 79 83 37 10 92 89 69 65 97 79 21 54 27 47 80 78 22 69 75 36 35 77 86 90 68 11 37 81 3 90 19 84 23 0 38 70 41 8 3 69 81 46 34 96 15 72 12 0 35 50 49 27 67 26 91 23 50 35 99 22 13 49 63 99 39 31 54 37 51 7 50 24 23 23 91 16 25 47 93 5 5 63 88 52
26 86 19 21 31 63 65 72 79 67 11 2 88 16 15 43 24 67 72 97 93 96 65 17 98 49 58 84 68 29 13 79 10 9 76 91 18 62 99 17 42 36 65 84 81 56 99 35 93 58 45 58 3 88 87 38 83 12 55 91 23 69 95 13 51 58 12 73 84 38 82 68 76 0 68 29 19 23 12 81 68 31 97 37 87 85 16 43 2 35 0 4 84 2 73 32 2 53 19 21 83 41 5 51 97 48 40 84 62 74 88 82 0 74 62 75 6 42 98 6 4 12 8 46 89 1
62 4 35 0 2 70 30 57 23 92 27 65 66 98 99 69 0 19 11 31 82 37 28 79 81 79 36 84 53 3 39 78 40 93 76 12 37 34 91 17 74 26 86 2 33 51 14 23 28 91 39 17 91 40 18 15 60 75 27 1 82 37 81 67 19 70 9 2 84 22 25 60 71 16 56 49 62 8 97 3 69 21 40 40 18 44 94 32 6 50 4 0 99 16 65 88 66 73 72 90 81 81 80 92 7 51 76 60 76 16 69 14 97 0 95 8 26 53 83 39 17 10 31 0 15 38
60 55 55 57 85 76 65 42 13 68 36 45 92 59 26 94 36 36 4 30 72 9 82 80 67 40 11 74 40 97 48 98 38 20 53 13 72 43 77 44 92 86 33 68 39 0 52 33 73 46 73 66 28 19 51 92 87 75 11 43 70 74 72 62 88 90 70 85 61 48 19 53 33 75 2 98 14 71 11 100 62 4 29 24 6 62 73 2 68 49 84 99 0 87 19 57 53 27 46 59 45 88 37 65 73 50 24 23 3 41 12 42 53 16 47 79 52 27 11 18 78 6 34 93 32 48
25 51 1 65 30 82 89 57 81 51 69 53 40 56 12 90 45 52 6 20 42 12 61 24 47 67 34 41 50 21 54 6 77 64 66 99 50 24 49 85 33 8 0 41 67 6 18 81 72 34 12 9 41 15 43 25 10 22 36 95 20 75 20 70 85 92 53 83 42 96 17 34 19 15 46 29 39 36 95 64 38 100 75 78 41 24 56 44 36 27 2 16 87 0 58 12 15 43 57 100 40 97 100 17 57 100 11 1 53 85 53 24 45 29 90 33 89 60 39 14 27 42 94 86 96 19
61 10 29 73 73 94 29 26 43 8 32 23 13 71 45 5 52 57 14 16 31 21 84 16 96 31 98 36 64 47 34 18 10 6 58 91 51 46 25 78 73 43 86 71 14 45 64 45 15 20 11 3 11 71 40 39 99 49 84 50 28 30 82 28 28 41 59 60 0 12 19 31 39 67 18 61 47 52 94 27 79 8 20 33 32 1 61 71 71 67 73 65 19 58 0 96 97 62 88 71 92 84 59 42 28 44 86 99 96 83 15 20 43 2 100 4 10 57 0 26 73 55 20 35 85 50
91 12 50 57 67 77 80 79 3 49 47 14 91 4 34 34 57 32 82 80 37 17 13 66 81 78 50 53 44 26 55 43 54 32 18 31 27 92 90 78 77 12 12 84 30 15 90 61 28 100 73 27 88 35 24 90 91 40 14 35 28 81 68 5 71 16 41 90 82 24 61 12 24 37 73 77 11 42 38 5 89 77 29 47 77 82 6 70 71 26 32 88 57 12 96 0 26 95 63 49 62 78 45 13 95 8 31 28 50 13 45 42 24 43 54 89 52 89 60 71 24 13 62 65 47 1
62 63 58 89 37 69 75 21 57 10 62 81 81 84 26 81 34 26 96 55 5 85 25 15 46 83 21 16 93 15 64 2 0 84 28 51 16 7 21 1 78 13 78 40 68 96 11 80 69 62 48 32 31 77 23 42 43 71 82 23 0 75 8 18 46 97 67 96 74 85 100 53 6 82 1 10 63 4 25 79 28 89 87 69 2 11 68 84 51 91 2 66 53 15 97 26 0 100 92 84 96 34 42 53 19 62 13 22 73 82 53 24 5 50 96 15 43 75 54 31 26 36 0 54 23 41
29 38 35 46 64 80 52 48 46 80 98 93 73 37 25 36 22 92 100 84 18 42 4 78 92 77 12 59 15 27 83 46 2 75 21 26 41 23 22 79 29 91 17 46 46 39 84 46 5 96 80 44 93 16 37 28 73 52 0 91 13 81 63 27 76 51 56 17 80 35 46 99 96 28 96 28 5 36 5 9 42 62 35 61 0 11 15 86 17 23 53 73 27 43 62 95 100 0 57 92 24 24 50 31 71 16 10 42 38 58 35 49 20 48 21 6 94 84 65 14 12 89 82 65 100 58
10 23 44 62 41 84 33 3 76 43 75 70 63 43 99 2 84 54 85 4 46 39 93 23 45 89 88 41 45 64 36 76 36 44 36 35 66 13 16 98 11 22 71 64 44 66 66 26 85 48 100 41 100 64 17 25 92 87 29 54 29 13 54 29 58 65 10 83 64 47 59 29 43 78 49 7 10 56 6 32 26 1 58 13 73 99 72 44 79 50 19 72 46 57 88 63 92 57 0 30 48 64 47 93 53 64 33 77 22 63 85 50 43 22 25 78 9 50 65 35 32 38 41 34 84 48
75 8 50 41 8 90 7 31 67 18 31 4 67 40 33 27 42 26 86 19 35 73 90 52 100 15 69 97 87 8 65 49 85 96 49 24 12 37 80 96 9 56 97 45 99 60 72 25 90 64 4 93 55 31 88 39 44 41 48 92 72 37 46 33 57 10 3 7 49 92 46 35 90 24 71 80 50 42 78 95 87 80 3 31 63 73 54 11 48 35 21 90 59 100 71 49 84 92 30 0 95 83 78 40 0 46 26 26 58 70 25 37 3 60 9 70 15 72 86 59 19 40 40 47 8 49
42 35 56 75 40 50 75 7 68 52 60 81 25 7 54 50 67 85 74 27 41 13 73 68 14 84 62 58 23 27 9 51 58 19 89 42 89 14 14 84 76 38 44 46 55 97 79 82 15 99 11 56 12 5 49 45 33 88 77 81 77 4 38 60 8 90 45 55 6 85 11 82 97 96 4 98 100 56 61 6 54 74 98 76 4 7 27 56 64 99 83 81 45 40 92 62 96 24 48 95 0 55 70 4 10 96 75 91 53 56 61 60 58 11 17 3 9 12 54 11 54 10 58 68 39 26
49 67 2 15 66 52 51 15 82 78 53 73 53 12 15 8 56 96 85 12 29 12 82 94 92 13 7 51 46 75 8 38 82 30 19 36 87 33 44 65 11 2 13 45 8 17 11 72 98 87 77 41 54 72 21 94 62 40 50 12 30 95 62 71 53 31 12 47 95 81 80 63 51 3 51 11 51 81 72 91 55 5 37 28 100 94 89 14 69 22 41 81 88 97 84 78 34 24 64 83 55 0 70 80 14 61 81 67 76 35 89 79 25 11 24 3 55 61 98 71 84 100 8 95 39 85
38 54 90 94 85 55 66 100 23 53 65 88 83 17 62 16 61 34 80 88 97 63 35 72 50 24 73 52 43 9 36 94 51 77 88 80 62 75 74 36 47 0 5 63 64 15 12 26 40 63 67 76 94 8 56 72 18 27 72 23 70 30 57 66 37 85 17 68 50 40 73 100 44 81 57 9 94 21 96 1 47 28 56 46 15 99 94 89 50 13 5 80 37 100 59 45 42 50 47 78 70 70 0 8 93 84 1 83 33 14 33 43 82 60 60 4 81 30 64 30 75 34 84 69 80 38
77 52 57 77 3 57 42 55 89 86 25 59 12 16 93 27 76 61 4 38 18 22 28 82 96 22 37 90 51 69 99 6 32 92 50 67 72 39 54 66 100 32 20 52 91 17 20 49 44 80 68 92 27 12 18 79 87 44 65 54 11 21 30 99 85 63 69 64 85 81 52 8 4 16 21 74 46 49 56 90 32 68 3 9 63 56 0 44 27 49 51 92 65 17 42 13 53 31 93 40 4 80 8 0 82 39 69 16 41 71 0 18 21 8 70 71 2 36 42 41 57 80 67 19 5 13
48 46 77 58 11 57 43 65 84 63 76 100 80 16 33 64 79 50 53 75 34 7 59 89 100 72 95 37 91 10 21 38 37 66 87 32 4 54 60 97 75 41 0 0 79 78 43 84 29 77 46 34 65 21 55 56 35 51 65 85 52 98 71 54 16 85 11 82 69 100 3 30 0 25 84 70 64 1 40 69 28 13 22 84 94 47 94 41 42 63 97 7 73 57 28 95 19 71 53 0 10 14 93 82 0 89 89 67 70 84 38 68 38 73 55 73 59 51 91 49 83 13 27 73 23 4
41 3 11 79 62 76 43 44 18 4 33 93 79 12 96 50 71 100 80 21 55 20 63 6 48 38 85 88 66 98 94 65 52 31 98 18 6 72 74 51 90 68 72 26 24 56 68 92 61 81 96 89 95 30 32 68 27 92 98 6 37 9 56 16 68 95 55 15 66 96 96 76 61 22 62 19 56 77 92 59 37 73 87 70 57 57 96 39 87 99 48 51 50 100 44 8 62 16 64 46 96 61 84 39 89 0 80 69 13 61 98 93 47 66 51 89 87 7 58 36 87 70 72 44 19 66
46 38 42 27 78 23 21 26 38 58 95 42 71 72 100 62 27 92 89 6 88 44 51 40 57 79 81 46 51 52 44 26 22 4 64 15 68 47 74 81 6 60 33 45 65 74 21 10 45 68 50 15 97 92 89 82 65 65 97 94 9 95 19 13 50 64 44 30 2 85 24 1 71 5 77 85 49 72 13 83 19 41 29 58 37 3 2 0 1 39 40 76 24 11 86 31 13 10 33 26 75 81 1 69 89 80 0 39 84 51 39 79 21 63 71 28 3 31 28 71 9 100 96 37 99 30
67 94 73 12 4 94 72 24 55 10 16 31 89 98 89 90 74 44 64 30 1 6 85 89 31 82 36 44 63 74 23 41 76 0 19 98 24 15 87 24 26 64 60 3 48 13 82 84 91 61 58 44 75 59 46 93 96 33 65 62 9 67 24 33 92 100 5 23 95 11 20 19 90 25 97 0 17 6 77 8 96 100 63 81 79 8 93 54 56 31 84 60 23 1 99 28 22 42 77 26 91 67 83 16 67 69 39 0 84 15 84 86 100 82 31 19 14 87 17 46 18 45 61 4 98 38
60 72 44 34 18 80 2 21 72 90 27 92 82 25 92 44 8 6 70 80 44 11 83 89 42 84 63 46 7 96 27 50 36 16 69 83 12 65 31 49 95 27 15 74 86 56 77 5 36 38 36 16 64 94 89 93 14 71 10 16 53 15 58 89 87 48 26 81 42 23 46 72 78 41 92 94 36 19 54 81 11 71 30 93 37 0 97 16 49 54 62 76 3 53 96 50 73 38 22 58 53 76 33 41 70 13 84 84 0 68 44 6 77 14 1 17 60 44 93 8 84 34 75 76 85 0
72 95 86 95 98 91 84 52 56 52 2 83 33 47 69 81 90 39 80 65 90 69 100 38 85 4 16 68 56 3 78 42 91 59 32 87 86 62 79 97 81 52 50 53 4 25 72 68 86 86 59 98 45 20 52 31 85 61 45 53 20 96 59 33 5 29 68 81 46 64 51 81 11 19 19 37 65 88 47 76 29 31 100 33 47 15 87 63 49 37 74 16 41 85 83 13 82 58 63 70 56 35 14 71 84 61 51 15 68 0 35 15 46 47 38 5 45 69 66 67 75 99 11 0 39 78
41 91 37 5 59 76 26 74 100 59 28 31 68 73 29 21 48 37 72 34 86 62 57 52 32 60 53 55 31 89 49 91 32 13 92 45 18 2 71 44 97 69 24 56 3 20 70 50 38 40 89 79 89 11 10 53 46 81 75 34 26 83 20 78 73 53 24 98 44 26 79 83 86 54 55 66 67 63 59 86 65 49 16 52 16 28 95 54 41 51 88 69 12 53 15 45 53 35 85 25 61 89 33 0 38 98 39 84 44 35 0 81 28 77 31 82 81 73 3 12 3 77 44 74 78 40
67 59 42 91 53 85 74 31 27 70 9 47 76 60 53 82 52 48 40 97 48 19 23 0 48 50 72 99 41 67 29 2 41 45 78 13 14 52 99 19 15 86 34 73 98 56 76 47 83 18 11 40 85 63 18 42 1 30 51 69 43 7 34 73 40 89 26 43 97 18 39 67 28 78 98 22 5 66 65 14 2 2 81 26 21 84 1 7 92 7 82 14 42 24 20 42 24 49 50 37 60 79 43 18 68 93 79 86 6 15 81 0 90 67 3 8 43 81 97 40 69 96 41 44 48 45
3 49 5 80 20 36 92 82 40 69 29 63 51 88 74 12 76 7 50 44 28 92 61 60 85 96 63 57 66 68 86 12 97 20 42 77 92 27 0 24 85 83 96 96 8 43 43 54 2 19 8 72 68 12 81 62 24 14 39 66 36 4 14 59 20 65 49 1 29 24 59 35 66 32 20 34 60 43 80 24 29 36 38 40 79 7 14 80 49 50 0 97 53 45 43 24 5 20 43 3 58 25 82 21 38 47 21 100 77 46 28 90 0 7 31 0 12 11 28 71 16 24 31 47 37 73
7 80 95 79 79 70 73 47 10 54 46 44 100 12 52 91 98 55 25 87 66 56 91 73 86 87 23 8 81 12 34 2 5 70 99 65 83 76 40 12 68 81 41 30 53 51 89 53 65 6 33 70 76 42 83 11 76 75 45 23 56 58 87 2 31 51 78 0 20 16 84 90 75 88 59 86 61 61 20 56 33 77 92 66 71 79 80 91 78 24 74 0 16 29 2 43 50 48 22 60 11 11 60 8 73 66 63 82 14 47 77 67 7 0 8 52 57 57 79 59 18 92 25 99 76 65
14 57 67 56 42 86 15 15 17 71 100 26 93 47 72 20 98 43 36 84 24 95 37 95 51 65 21 20 81 91 69 93 60 24 15 95 10 25 29 13 46 3 70 51 88 60 76 37 32 17 76 70 2 30 44 0 33 82 14 79 91 92 1 45 85 14 88 84 79 14 85 22 66 94 43 64 52 15 76 27 0 65 86 13 0 94 64 7 44 23 62 95 47 90 100 54 96 21 25 9 17 24 60 70 55 51 71 31 1 38 31 3 31 8 0 67 67 59 72 19 58 94 71 95 99 87
34 100 17 62 13 3 84 27 2 75 66 97 44 95 0 49 79 75 20 20 66 93 68 6 1 72 1 11 12 86 13 50 13 1 81 54 30 19 22 51 56 24 41 37 46 42 60 42 45 16 66 33 48 49 78 59 72 53 61 54 45 84 38 76 66 71 12 47 38 37 21 8 98 20 7 83 64 4 5 32 1 56 63 100 60 58 57 2 89 23 75 8 79 33 4 89 15 6 78 70 3 3 4 71 73 89 28 19 17 5 82 8 0 52 67 0 64 84 56 3 92 96 81 38 46 59
93 18 87 84 74 79 76 70 52 28 66 86 73 51 68 24 88 34 27 72 62 86 29 99 12 73 16 75 45 43 32 37 59 52 19 1 45 97 55 1 18 62 90 50 25 59 67 32 70 65 71 92 40 53 60 51 4 16 12 22 40 47 96 16 68 58 94 60 68 58 26 81 31 76 87 68 44 1 85 4 28 73 18 97 46 29 61 98 91 91 6 26 52 89 10 52 43 94 9 15 9 55 81 2 59 87 3 14 60 45 81 43 12 57 67 64 0 97 62 87 63 90 58 16 50 73
43 14 29 4 23 39 77 38 44 88 58 83 74 21 6 89 78 99 12 83 100 79 2 5 60 46 82 38 61 85 8 50 69 31 100 30 95 49 91 9 38 66 19 61 50 20 46 66 40 56 55 28 23 2 96 49 42 41 37 18 2 75 100 76 36 64 21 0 34 62 57 78 57 1 16 55 36 97 44 54 22 56 8 40 83 2 66 21 61 16 42 53 27 60 57 89 75 84 50 72 12 61 30 36 51 7 31 87 44 69 73 81 11 57 59 84 97 0 93 24 32 30 46 31 35 9
81 65 20 92 62 51 49 97 61 30 84 2 28 93 94 46 69 73 18 70 53 42 77 4 60 37 78 25 82 8 8 13 60 0 96 92 52 95 60 40 32 45 61 72 49 80 20 87 41 29 41 9 71 60 77 48 28 39 57 69 15 60 23 52 23 30 13 19 10 73 69 77 32 50 57 7 0 45 83 58 61 9 54 14 26 6 48 58 60 25 98 83 11 39 0 60 54 65 65 86 54 98 64 42 91 58 28 17 93 66 3 97 28 79 72 56 62 93 0 61 56 60 33 70 50 53
6 13 10 64 17 67 86 74 21 45 22 80 17 85 49 77 43 1 93 85 99 86 8 82 32 16 74 63 5 81 58 99 10 87 20 33 19 25 52 90 56 25 0 74 15 65 9 21 18 14 57 97 0 65 96 18 62 45 49 71 98 65 61 80 14 82 82 77 35 19 51 90 27 24 90 20 71 80 38 66 39 55 6 3 60 68 29 98 94 47 6 39 18 14 26 71 31 14 35 59 11 71 30 41 49 36 71 46 8 67 12 40 71 59 19 3 87 24 61 0 82 50 46 100 85 51
86 1 7 13 58 33 48 11 47 69 90 87 24 96 65 76 47 95 48 9 16 50 83 97 43 36 65 56 43 3 45 62 13 9 20 14 33 91 25 97 75 24 18 56 30 10 48 80 4 57 35 51 44 84 41 74 55 89 24 87 30 83 92 45 70 7 59 5 6 45 60 54 97 32 42 30 82 22 8 14 71 62 72 75 73 59 94 10 94 93 4 17 78 27 73 24 26 12 32 19 54 84 75 57 83 87 9 18 84 75 3 69 16 18 58 92 63 32 56 82 0 64 13 30 52 39
97 52 74 83 45 35 22 32 64 16 30 28 9 83 65 25 43 49 99 50 35 41 29 23 20 22 73 5 29 74 12 83 17 98 4 86 25 41 75 96 63 75 31 99 58 64 61 30 6 41 44 60 92 2 23 7 66 5 9 14 29 100 18 48 50 70 41 89 16 86 36 81 54 67 26 1 84 25 96 26 72 22 92 50 90 36 35 72 44 5 12 10 6 42 55 13 36 89 38 40 10 100 34 80 13 70 100 45 34 99 77 96 24 92 94 96 90 30 60 50 64 0 69 11 21 20
31 5 74 56 1 45 79 34 32 98 76 54 40 68 77 59 32 49 1 23 20 16 82 63 3 30 75 64 87 97 58 41 97 52 6 75 59 78 81 20 25 5 52 89 42 93 3 97 81 23 4 23 20 8 44 70 88 99 93 41 47 38 3 63 90 51 60 91 16 23 77 24 5 5 72 39 64 89 23 15 4 94 52 52 86 45 96 79 58 5 8 31 34 94 20 62 0 82 41 40 58 8 84 67 27 72 96 61 75 11 44 41 31 25 71 81 58 46 33 46 13 69 0 50 84 1
67 10 68 43 8 53 41 59 28 80 76 90 80 14 22 47 9 80 52 46 52 77 29 28 4 29 90 44 41 32 51 19 38 89 86 13 3 64 5 4 98 75 86 47 31 82 83 24 65 6 14 56 22 1 15 42 53 38 40 10 79 96 60 18 64 82 90 87 4 99 72 94 33 25 94 46 55 43 73 86 96 55 46 35 8 73 92 68 69 63 46 0 93 86 35 65 54 65 34 47 68 95 69 19 73 44 37 4 76 0 74 44 47 99 95 38 16 31 70 100 30 11 50 0 43 38
19 30 70 16 99 75 83 16 32 55 77 60 30 39 16 83 89 94 98 72 96 28 71 49 20 99 17 50 34 13 63 91 76 100 63 7 52 32 54 57 26 83 28 85 93 72 85 12 86 83 58 6 29 70 61 77 71 3 1 11 78 74 92 1 56 7 44 38 55 61 91 8 93 63 34 8 9 25 28 67 16 13 56 71 33 95 45 99 89 88 89 15 32 96 85 47 23 100 84 8 39 39 80 5 23 19 99 98 85 39 78 48 37 76 99 46 50 35 50 85 52 21 84 43 0 62
60 57 61 0 72 82 86 55 9 44 76 45 27 72 42 61 82 10 26 13 79 5 78 56 1 51 72 9 63 8 90 53 99 90 97 35 14 66 54 95 19 82 90 50 34 55 11 53 36 63 48 60 86 75 82 81 73 44 37 55 61 39 98 17 56 24 63 15 46 92 41 44 23 21 34 63 71 12 52 68 44 96 79 62 61 84 45 21 35 52 1 38 48 19 50 1 41 58 48 49 26 85 38 13 4 66 30 38 0 78 40 45 73 65 87 59 73 9 53 51 39 20 1 38 62 0
