130 7
1 51 20 41 27 97 37 82 37 92 40 79 30 23 22 47 17 40 23 10 75 0 64 34 86 86 8 66 70 89 1 91 11 21 8 45 12 41 73 73 60 97 84 37 13 85 37 32 75 81 54 19 18 20 94 84 84 0 13 0 25 97 67 55 44 85 78 87 53 33 59 58 86 4 29 97 93 89 12 71 26 26 75 9 80 84 1 37 35 66 64 12 33 31 58 53 54 64 21 13 14 35 81 23 71 68 47 39 67 67 94 45 84 2 38 94 88 45 44 70 89 40 93 6 67 17 97 33 32 20
0 32 53 40 46 1 9 12 59 59 57 88 57 83 54 67 53 7 43 40 1 1 8 54 64 75 27 19 50 81 48 100 73 8 57 78 95 75 55 0 65 52 24 67 10 25 5 85 4 17 28 60 46 16 56 53 48 36 95 53 16 61 60 47 50 54 43 19 53 39 80 96 71 64 9 90 37 94 28 7 16 14 86 64 27 81 80 54 61 51 66 54 4 63 5 85 69 27 65 74 37 18 88 72 15 31 43 70 86 56 61 4 43 72 55 72 0 5 52 60 88 40 43 87 26 86 81 46 93 5 63
32 0 67 24 12 83 41 66 15 62 55 98 85 93 91 41 29 40 22 31 91 71 41 32 63 84 63 84 33 59 1 19 62 40 26 37 49 92 8 17 74 42 7 36 83 17 32 63 60 79 100 38 4 69 86 24 12 69 84 72 12 97 9 90 69 77 23 15 1 65 94 56 11 77 99 23 94 16 61 99 99 75 25 76 46 33 17 86 29 66 52 42 98 71 71 45 86 30 20 55 30 6 22 70 24 8 67 73 87 68 19 86 74 74 63 30 51 18 91 95 97 58 83 21 66 6 61 26 0 51 75
53 67 0 0 68 84 15 77 60 34 27 24 93 33 62 69 7 0 23 96 80 7 28 86 96 19 42 24 95 82 27 17 15 87 64 57 59 30 36 45 20 36 98 70 53 51 36 79 70 31 60 70 15 82 76 86 69 47 25 96 74 61 52 23 15 44 23 75 84 96 16 57 96 82 41 43 32 33 64 89 97 21 66 72 64 70 7 90 3 3 82 39 100 19 46 37 17 94 88 32 16 79 60 12 87 5 90 86 4 0 51 21 90 58 26 56 57 14 14 42 72 67 79 26 73 82 82 53 35 97 94
40 24 0 0 6 67 53 67 99 36 12 12 70 46 91 51 48 10 50 96 7 68 97 83 2 38 92 80 8 97 81 1 9 50 94 84 81 0 15 43 14 5 72 65 68 63 81 35 84 52 35 93 94 6 25 100 61 13 79 29 92 61 18 48 81 86 18 32 61 73 76 77 19 2 52 94 63 99 24 54 72 51 0 17 89 36 66 99 87 48 55 29 75 94 74 24 57 18 10 23 6 78 42 57 0 73 15 18 16 33 79 86 67 37 67 44 68 83 17 34 90 86 68 63 37 73 24 82 50 20 17
46 12 68 6 0 37 100 51 39 93 57 1 7 13 19 18 82 75 14 2 77 78 29 57 26 62 68 92 92 47 39 83 86 100 95 15 81 17 76 19 49 96 19 66 54 37 49 45 35 85 17 86 94 20 20 13 10 55 94 18 77 89 90 50 11 22 100 93 66 15 97 22 52 27 82 38 13 56 11 85 16 99 61 31 23 8 37 37 71 25 30 84 9 42 90 63 77 93 56 54 74 1 74 2 5 77 93 23 17 100 22 16 2 34 84 84 81 46 53 53 94 53 21 18 38 63 38 77 9 21 80
1 83 84 67 37 0 53 0 67 76 5 47 70 95 19 49 46 38 81 78 10 9 58 23 97 44 53 14 63 70 63 21 42 36 1 64 9 34 59 44 66 23 6 12 85 24 30 2 69 90 33 2 11 57 1 32 79 58 97 9 46 2 85 49 70 30 67 2 23 45 91 54 76 1 12 47 85 3 59 9 87 83 87 43 60 48 21 11 76 50 26 91 92 10 71 63 89 10 66 41 27 22 94 92 32 51 19 16 57 19 62 56 12 85 63 88 94 1 49 5 13 98 70 73 46 18 7 51 78 27 22
9 41 15 53 100 53 0 95 76 6 13 31 30 0 24 41 41 87 80 33 10 4 62 68 39 87 44 2 95 51 59 17 41 36 96 55 82 66 1 83 50 50 29 86 94 94 19 76 97 79 75 25 89 51 28 33 34 47 83 30 58 49 68 24 37 49 57 35 28 78 27 72 96 42 78 47 47 47 16 82 28 77 15 56 52 60 61 53 87 99 12 73 56 47 75 84 10 71 3 9 50 83 17 67 68 70 88 97 57 64 55 4 46 2 56 88 87 73 46 90 85 92 53 61 38 40 34 7 47 42 82
12 66 77 67 51 0 95 0 0 99 75 78 61 21 6 17 83 44 16 97 15 5 15 52 31 27 5 84 97 7 33 87 51 14 79 46 87 76 54 58 75 69 34 17 76 91 52 50 86 72 40 2 63 26 94 93 42 33 77 62 24 100 77 84 38 6 34 79 66 92 16 71 47 62 94 89 64 95 11 52 77 50 23 47 71 66 57 22 76 7 17 82 94 87 88 23 56 90 3 44 1 31 46 100 30 58 15 34 74 82 64 34 84 96 70 95 39 2 9 35 92 70 91 83 97 82 61 1 25 98 95
59 15 60 99 39 67 76 0 0 68 31 57 27 13 14 88 51 48 44 73 74 42 96 25 25 76 78 74 15 67 1 61 40 57 24 18 56 80 23 11 35 25 59 37 83 88 43 30 73 21 9 74 97 68 87 84 68 64 72 81 1 76 6 64 55 90 4 52 40 75 32 84 14 52 33 56 79 52 93 66 92 3 13 67 83 65 37 50 96 79 19 77 51 17 83 36 22 56 11 97 95 19 8 44 34 99 27 10 0 61 63 11 10 14 25 85 52 24 15 12 73 87 53 9 97 60 50 100 97 33 25
59 62 34 36 93 76 6 99 68 0 50 99 40 98 23 55 57 30 65 14 76 42 27 87 25 21 31 29 27 24 73 13 7 18 46 29 24 96 8 78 46 64 29 64 47 58 13 49 29 100 61 80 81 72 89 80 84 4 4 92 42 83 35 20 7 73 25 30 29 21 47 11 7 72 36 89 40 22 78 77 16 73 24 72 96 62 58 64 79 85 63 62 98 75 94 35 23 34 41 93 16 63 71 33 71 48 5 26 48 99 46 17 81 90 6 56 68 93 75 18 32 77 1 12 35 7 49 7 62 99 100
57 55 27 12 57 5 13 75 31 50 0 33 74 66 91 19 1 2 44 91 59 86 11 31 13 25 46 92 75 29 32 99 13 44 66 79 89 88 50 63 67 50 46 22 25 1 100 81 96 62 58 86 27 95 29 55 26 35 17 56 45 51 55 29 56 91 13 91 2 83 54 56 62 48 69 3 14 89 5 70 79 42 6 100 53 19 92 33 54 89 50 43 11 42 43 85 72 15 96 76 67 35 96 73 87 67 19 47 24 65 12 22 26 67 52 85 11 45 56 64 70 11 98 84 40 67 86 17 5 37 95
88 98 24 12 1 47 31 78 57 99 33 0 4 55 96 93 49 83 28 93 78 34 74 38 88 93 88 76 9 63 16 50 58 5 99 31 69 79 100 37 57 91 43 74 94 91 6 68 74 39 23 71 23 60 87 84 65 8 9 87 38 72 7 100 74 69 59 42 68 27 26 42 79 63 58 14 69 7 96 95 75 1 35 46 66 87 79 69 69 90 80 75 72 86 93 60 89 63 44 12 37 23 70 9 1 93 83 28 35 56 68 13 75 52 71 30 38 67 34 80 57 81 58 54 57 0 88 23 46 60 22
57 85 93 70 7 70 30 61 27 40 74 4 0 32 79 47 33 69 64 55 82 48 91 8 58 74 43 35 48 68 68 66 59 32 38 56 84 56 72 40 24 92 11 59 49 53 85 68 1 34 66 25 4 70 90 43 26 42 93 83 10 79 93 99 56 78 19 80 33 70 92 87 64 72 50 87 93 76 17 12 68 25 9 38 50 23 10 92 34 41 40 54 89 64 74 13 99 68 43 21 77 46 84 41 12 15 72 48 39 61 55 15 91 32 26 75 59 64 95 25 30 58 27 29 88 19 47 8 23 88 41
83 93 33 46 13 95 0 21 13 98 66 55 32 0 63 61 87 54 98 1 49 83 58 77 8 89 7 23 4 46 61 31 22 30 11 4 21 25 73 90 23 68 45 38 3 62 68 23 77 37 57 57 66 87 90 86 38 14 52 22 10 12 86 63 97 15 45 99 17 25 71 66 18 54 96 39 34 36 36 8 2 23 88 67 58 55 7 5 67 86 23 90 16 29 60 71 61 53 59 62 35 73 79 49 75 3 21 93 52 63 40 68 98 79 52 61 85 68 68 6 94 72 93 29 16 53 78 15 92 37 29
54 91 62 91 19 19 24 6 14 23 91 96 79 63 0 64 15 99 44 11 4 79 29 33 90 95 16 58 51 1 47 86 0 9 36 38 37 27 86 21 84 63 84 31 65 48 2 19 44 72 47 41 64 91 37 94 37 63 54 28 86 85 46 18 55 76 19 100 93 13 57 8 30 36 18 8 4 1 31 49 93 26 68 94 18 86 2 77 19 85 52 98 72 21 2 14 63 91 93 33 52 90 49 73 37 29 73 99 41 78 18 61 93 100 98 39 26 48 65 84 29 100 15 40 29 52 92 73 60 67 87
67 41 69 51 18 49 41 17 88 55 19 93 47 61 64 0 28 84 27 45 44 77 13 2 53 61 40 31 42 84 26 81 1 23 32 58 83 12 44 71 93 23 37 75 4 2 81 99 64 23 78 83 44 30 99 53 19 51 33 48 62 42 17 94 31 36 3 18 87 90 34 27 21 24 54 97 48 84 12 54 91 5 22 22 39 55 86 83 21 71 38 32 8 46 28 87 9 99 90 27 26 61 62 39 19 90 75 66 91 56 59 37 38 57 23 1 30 97 17 41 24 33 24 68 63 97 50 12 27 25 31
53 29 7 48 82 46 41 83 51 57 1 49 33 87 15 28 0 89 42 83 19 38 35 100 65 44 11 76 29 20 46 11 49 83 87 15 36 84 61 5 83 62 6 74 75 29 62 71 100 64 61 56 29 100 10 59 83 60 42 28 57 20 50 21 34 36 60 87 99 35 78 14 17 71 23 88 70 61 39 90 96 75 95 49 89 64 67 61 11 6 66 80 67 55 50 63 11 22 90 39 96 72 75 3 41 36 98 79 79 11 26 0 84 55 36 85 40 58 1 86 60 31 74 77 27 32 86 14 26 30 28
7 40 0 10 75 38 87 44 48 30 2 83 69 54 99 84 89 0 37 66 15 74 47 79 26 0 88 43 85 51 75 49 53 57 74 82 100 97 79 19 65 76 14 13 2 53 90 18 78 82 4 61 60 36 84 67 31 29 96 13 89 81 10 9 33 19 80 11 88 85 68 52 11 23 13 67 11 68 33 80 91 77 13 64 13 85 42 29 62 95 23 59 59 9 61 75 45 6 29 87 3 49 72 15 51 98 18 5 29 24 57 9 83 69 0 66 13 70 72 45 61 4 74 15 8 41 4 72 55 9 97
43 22 23 50 14 81 80 16 44 65 44 28 64 98 44 27 42 37 0 85 82 12 75 27 36 34 19 7 11 72 86 9 42 20 84 68 12 88 66 93 87 98 93 56 74 41 62 49 47 4 84 16 31 90 36 37 61 98 100 82 2 52 20 94 77 15 27 86 34 5 77 55 33 17 45 35 50 79 52 20 31 83 54 7 79 96 61 5 70 11 42 83 48 32 42 16 85 31 48 25 58 68 58 58 82 78 18 33 50 73 97 95 2 89 9 86 43 12 35 77 81 99 58 30 83 59 81 3 62 65 18
40 31 96 96 2 78 33 97 73 14 91 93 55 1 11 45 83 66 85 0 80 84 65 66 48 59 25 80 38 62 5 31 87 38 8 11 29 10 57 44 80 81 67 100 84 96 34 87 23 55 97 94 66 53 56 55 72 61 94 40 18 13 43 16 90 68 21 29 11 6 33 31 11 47 33 20 72 97 33 64 91 49 13 5 85 3 51 64 47 91 32 68 94 83 5 11 66 48 47 31 88 40 11 67 15 9 24 36 3 6 94 55 12 43 66 72 26 58 34 50 47 85 39 40 19 63 35 63 1 57 98
1 91 80 7 77 10 10 15 74 76 59 78 82 49 4 44 19 15 82 80 0 28 70 11 32 45 18 52 31 12 27 70 32 66 75 4 30 53 92 30 70 92 93 55 12 83 56 83 46 63 73 72 99 84 91 75 43 40 15 96 95 57 85 43 22 39 60 94 77 100 29 16 34 10 85 18 55 25 43 51 7 26 29 82 69 44 91 48 47 68 79 7 23 64 30 81 80 32 37 9 60 59 43 28 57 56 72 92 91 12 79 72 36 89 62 55 98 99 87 98 19 19 8 96 27 85 98 89 8 75 5
1 71 7 68 78 9 4 5 42 42 86 34 48 83 79 77 38 74 12 84 28 0 8 6 85 69 17 4 29 27 72 23 12 23 25 58 25 38 75 85 28 78 3 21 52 87 64 5 83 6 0 35 52 69 34 65 70 69 64 8 80 72 14 82 38 12 36 41 54 81 19 55 9 77 11 39 91 35 16 83 84 17 12 40 80 4 6 49 26 25 17 24 88 53 64 72 40 92 10 90 86 93 59 66 40 33 65 64 24 44 2 62 2 67 28 91 59 63 4 93 73 64 41 77 2 14 8 76 4 69 14
8 41 28 97 29 58 62 15 96 27 11 74 91 58 29 13 35 47 75 65 70 8 0 63 42 60 96 62 14 41 69 32 20 60 6 36 87 95 53 86 22 91 83 100 13 32 83 64 8 42 71 26 48 98 30 38 69 17 16 67 37 89 28 13 48 0 75 13 59 23 0 71 6 53 13 90 46 81 52 78 98 39 11 25 81 89 77 63 67 47 2 14 34 52 39 90 19 47 26 93 26 31 53 69 7 23 71 30 95 3 3 67 98 69 25 8 78 60 80 11 7 32 91 93 10 52 22 72 41 85 21
54 32 86 83 57 23 68 52 25 87 31 38 8 77 33 2 100 79 27 66 11 6 63 0 47 52 85 51 48 82 64 80 85 30 92 32 39 49 70 44 47 66 44 88 52 9 15 4 17 25 88 82 47 94 7 21 27 12 72 81 57 91 54 2 45 75 19 37 98 96 74 59 60 6 78 93 62 12 97 75 12 17 84 0 48 32 52 38 28 24 56 79 88 72 84 99 18 7 91 40 48 59 57 1 11 21 52 46 31 53 26 62 97 46 85 32 96 2 24 33 57 75 56 71 16 18 39 66 57 64 24
64 63 96 2 26 97 39 31 25 25 13 88 58 8 90 53 65 26 36 48 32 85 42 47 0 28 46 79 20 88 44 83 30 72 93 92 37 16 50 75 21 74 27 72 20 29 33 21 7 8 32 85 68 57 96 60 58 26 14 0 35 68 96 69 67 20 77 66 29 95 42 33 28 10 16 95 5 16 32 93 57 40 26 94 28 58 75 74 77 49 93 53 33 20 62 73 60 23 38 63 85 72 76 58 54 48 45 70 53 62 85 72 41 16 83 57 37 61 25 23 91 4 26 49 57 79 3 74 86 4 15
75 84 19 38 62 44 87 27 76 21 25 93 74 89 95 61 44 0 34 59 45 69 60 52 28 0 68 76 33 91 1 4 91 96 92 58 78 74 22 4 48 67 80 99 92 17 7 67 85 89 63 28 86 74 70 42 92 92 53 90 13 38 20 55 33 83 96 58 65 74 100 14 12 79 9 97 28 91 17 90 68 77 71 15 10 58 94 59 50 17 33 28 67 98 1 51 27 46 85 90 8 7 52 67 43 18 77 85 44 42 5 26 17 37 41 60 11 44 96 60 4 10 79 7 88 54 99 14 6 4 33
27 63 42 92 68 53 44 5 78 31 46 88 43 7 16 40 11 88 19 25 18 17 96 85 46 68 0 85 51 87 1 43 16 21 33 42 94 79 15 36 62 11 5 98 22 78 5 34 81 79 9 4 95 31 27 42 66 51 53 92 55 91 61 94 44 35 76 46 4 85 40 8 49 49 29 100 36 85 16 65 13 86 45 66 26 9 95 80 19 99 49 68 92 12 7 53 88 43 56 68 76 9 23 59 88 90 88 22 98 99 78 87 73 82 33 14 90 17 39 51 59 53 0 5 38 32 76 85 0 66 94
19 84 24 80 92 14 2 84 74 29 92 76 35 23 58 31 76 43 7 80 52 4 62 51 79 76 85 0 14 90 43 0 72 43 41 17 22 79 48 67 62 29 3 93 13 42 68 77 89 90 86 15 62 1 47 29 39 60 81 62 33 6 62 20 94 93 0 59 20 40 75 17 88 59 42 73 36 41 60 33 21 56 54 68 58 39 50 100 15 2 0 64 29 47 70 74 98 71 24 63 9 44 17 93 86 38 49 56 30 27 72 81 59 37 46 50 6 40 69 27 17 78 6 81 41 2 61 95 62 9 25
50 33 95 8 92 63 95 97 15 27 75 9 48 4 51 42 29 85 11 38 31 29 14 48 20 33 51 14 0 27 47 2 89 66 84 72 29 92 42 29 54 29 30 93 83 6 23 4 61 27 53 31 81 91 30 8 0 85 33 12 23 95 0 80 81 38 52 19 4 5 50 18 47 6 22 11 2 70 9 19 47 37 54 8 93 23 20 6 11 83 11 45 80 12 79 29 61 36 34 74 37 16 78 57 41 59 21 95 62 74 77 44 15 33 20 96 57 37 24 57 18 38 76 26 82 59 82 61 63 50 33
81 59 82 97 47 70 51 7 67 24 29 63 68 46 1 84 20 51 72 62 12 27 41 82 88 91 87 90 27 0 18 10 43 23 94 55 85 48 32 81 46 80 33 87 1 46 81 51 87 9 52 13 13 92 2 8 73 40 70 14 21 18 63 55 3 64 34 42 96 16 56 70 72 19 57 98 20 80 10 85 52 57 99 44 95 78 42 58 64 0 23 14 71 7 21 32 56 77 42 10 61 82 21 23 70 60 21 94 29 48 56 54 24 96 62 68 10 54 24 39 91 77 41 98 97 22 52 28 11 42 14
48 1 27 81 39 63 59 33 1 73 32 16 68 61 47 26 46 75 86 5 27 72 69 64 44 1 1 43 47 18 0 89 78 50 28 7 41 10 79 45 39 21 96 2 18 59 66 7 28 13 45 13 57 37 2 66 34 51 72 62 94 14 37 33 36 8 53 13 29 8 94 62 60 7 61 94 46 85 34 71 90 16 79 4 28 60 69 62 75 37 59 76 65 79 27 59 90 68 98 8 3 99 79 85 54 25 84 31 83 88 14 26 42 15 83 15 56 41 17 54 21 18 48 29 25 16 63 67 77 89 45
100 19 17 1 83 21 17 87 61 13 99 50 66 31 86 81 11 49 9 31 70 23 32 80 83 4 43 0 2 10 89 0 17 37 77 22 8 32 26 51 41 54 55 55 54 63 63 99 99 86 13 57 7 50 4 59 46 42 51 55 27 76 33 65 51 2 5 79 7 59 96 90 54 61 86 45 26 81 7 43 22 72 6 67 83 22 39 51 76 100 90 57 29 47 92 42 85 4 84 77 76 9 81 9 90 86 64 7 64 67 76 5 52 60 37 35 50 74 53 12 1 22 30 2 22 38 18 99 69 23 79
73 62 15 9 86 42 41 51 40 7 13 58 59 22 0 1 49 53 42 87 32 12 20 85 30 91 16 72 89 43 78 17 0 82 25 98 23 18 75 40 64 81 32 74 11 66 30 14 96 62 84 40 69 78 56 42 39 45 84 64 11 13 95 60 56 99 58 12 86 12 4 90 11 8 36 85 72 30 85 78 99 90 23 73 64 95 49 60 56 69 62 86 77 48 51 18 61 63 31 57 54 41 20 16 32 21 80 9 93 82 47 86 32 13 66 98 34 0 68 92 30 41 86 61 75 55 88 86 31 37 81
8 40 87 50 100 36 36 14 57 18 44 5 32 30 9 23 83 57 20 38 66 23 60 30 72 96 21 43 66 23 50 37 82 0 43 73 29 90 39 24 65 59 92 42 65 46 67 13 84 47 6 9 47 25 35 81 48 12 52 34 72 56 78 53 4 41 56 88 96 38 24 10 0 3 52 11 66 65 93 0 28 56 46 49 33 67 2 34 3 61 69 48 42 40 41 87 5 33 17 44 92 53 30 0 3 35 9 43 45 3 54 52 89 14 37 11 36 39 70 56 10 17 66 65 55 97 68 90 93 36 97
57 26 64 94 95 1 96 79 24 46 66 99 38 11 36 32 87 74 84 8 75 25 6 92 93 92 33 41 84 94 28 77 25 43 0 32 10 71 8 42 76 53 25 98 15 84 95 29 43 78 60 45 82 18 31 11 63 22 42 12 51 42 48 66 35 9 99 82 24 52 18 89 19 30 38 91 91 40 81 78 70 37 57 6 65 71 100 13 36 72 79 3 31 24 43 98 51 25 76 49 53 74 5 35 43 70 44 87 98 70 47 31 100 24 55 57 25 97 73 99 84 10 29 75 79 58 37 1 84 17 42
78 37 57 84 15 64 55 46 18 29 79 31 56 4 38 58 15 82 68 11 4 58 36 32 92 58 42 17 72 55 7 22 98 73 32 0 100 92 61 70 4 52 15 47 24 84 13 21 64 65 26 53 95 0 20 6 82 75 70 60 65 86 7 56 16 9 56 0 69 48 43 74 33 61 53 9 76 50 52 64 28 1 61 13 79 41 40 19 49 46 10 75 28 98 24 42 67 13 25 1 65 5 11 65 94 51 54 15 67 79 9 22 21 45 16 75 29 40 0 11 50 28 22 32 34 98 99 4 38 67 63
95 49 59 81 81 9 82 87 56 24 89 69 84 21 37 83 36 100 12 29 30 25 87 39 37 78 94 22 29 85 41 8 23 29 10 100 0 18 13 68 86 41 9 76 10 59 61 1 8 72 57 45 90 89 99 7 20 100 30 22 22 19 94 59 77 60 67 97 86 9 11 14 69 77 98 48 11 72 20 98 69 55 80 85 73 75 48 22 60 5 54 29 75 18 35 74 7 73 57 82 15 12 27 47 98 66 29 58 26 68 74 79 0 11 83 55 4 49 55 41 90 35 49 61 94 34 63 79 40 44 31
75 92 30 0 17 34 66 76 80 96 88 79 56 25 27 12 84 97 88 10 53 38 95 49 16 74 79 79 92 48 10 32 18 90 71 92 18 0 11 46 82 81 50 11 15 60 55 10 35 7 25 72 25 96 15 78 85 17 35 34 45 66 61 67 26 64 100 6 17 78 83 86 50 36 51 32 82 51 82 99 72 48 80 5 66 7 6 84 100 97 26 79 38 31 55 71 84 93 84 41 54 52 10 88 0 19 41 4 1 41 69 61 10 80 78 14 89 55 21 17 87 5 55 87 86 23 92 67 29 55 45
55 8 36 15 76 59 1 54 23 8 50 100 72 73 86 44 61 79 66 57 92 75 53 70 50 22 15 48 42 32 79 26 75 39 8 61 13 11 0 2 87 46 81 40 19 79 65 23 71 15 81 40 58 41 42 1 7 73 13 11 31 61 87 12 40 24 44 8 59 23 59 36 14 74 78 26 5 77 0 38 75 20 43 39 79 86 54 25 51 91 87 90 37 72 31 58 44 89 76 13 26 42 6 82 69 54 35 100 74 27 52 74 46 76 5 88 39 47 25 23 68 65 100 39 80 3 14 77 60 71 19
0 17 45 43 19 44 83 58 11 78 63 37 40 90 21 71 5 19 93 44 30 85 86 44 75 4 36 67 29 81 45 51 40 24 42 70 68 46 2 0 24 11 54 37 56 29 20 28 57 41 7 27 56 34 21 83 61 38 97 26 0 10 80 81 82 34 35 56 72 85 7 44 85 17 61 73 61 89 53 61 59 69 88 19 46 30 7 59 34 76 90 26 55 26 71 43 42 20 24 48 43 63 61 98 11 40 22 38 0 23 67 87 13 13 76 44 77 48 72 64 48 92 69 93 3 2 56 89 96 95 28
65 74 20 14 49 66 50 75 35 46 67 57 24 23 84 93 83 65 87 80 70 28 22 47 21 48 62 62 54 46 39 41 64 65 76 4 86 82 87 24 0 89 76 74 44 5 100 20 4 82 19 47 58 96 12 26 53 21 49 90 86 58 41 78 29 85 15 74 15 95 88 87 44 72 41 13 93 12 20 49 93 27 20 74 65 15 77 71 72 74 37 83 58 94 88 85 69 36 61 30 11 70 70 99 95 11 72 87 57 96 96 91 38 69 9 3 65 0 45 19 11 42 35 4 91 19 41 72 22 55 94
52 42 36 5 96 23 50 69 25 64 50 91 92 68 63 23 62 76 98 81 92 78 91 66 74 67 11 29 29 80 21 54 81 59 53 52 41 81 46 11 89 0 82 21 88 19 52 52 81 43 7 42 81 81 84 20 7 70 66 51 10 83 50 44 40 22 43 81 98 16 10 77 58 72 16 67 40 37 9 57 52 8 66 77 16 79 96 48 6 18 15 9 61 43 49 6 15 65 58 83 27 86 77 64 45 58 70 99 85 53 27 100 28 56 33 45 70 61 78 93 16 86 80 39 86 64 24 0 68 16 13
24 7 98 72 19 6 29 34 59 29 46 43 11 45 84 37 6 14 93 67 93 3 83 44 27 80 5 3 30 33 96 55 32 92 25 15 9 50 81 54 76 82 0 56 12 59 0 23 87 79 97 61 66 90 98 2 27 11 24 78 43 90 82 42 40 42 7 45 65 76 25 79 78 40 7 46 78 21 35 50 56 8 50 88 69 6 34 97 50 48 98 36 56 57 69 1 33 50 67 46 31 14 37 70 47 58 33 8 16 60 92 88 22 20 32 85 85 54 5 15 56 89 66 69 59 39 90 50 79 5 71
67 36 70 65 66 12 86 17 37 64 22 74 59 38 31 75 74 13 56 100 55 21 100 88 72 99 98 93 93 87 2 55 74 42 98 47 76 11 40 37 74 21 56 0 42 43 2 70 43 97 74 21 88 44 38 69 37 13 80 38 43 66 44 82 44 97 38 86 39 10 17 36 74 86 24 95 61 47 56 28 53 9 44 21 85 15 50 14 34 75 51 72 86 89 65 97 5 40 2 49 16 79 22 12 71 19 37 73 15 66 97 42 63 83 66 30 35 68 81 73 75 78 1 96 0 0 20 67 54 19 48
10 83 53 68 54 85 94 76 83 47 25 94 49 3 65 4 75 2 74 84 12 52 13 52 20 92 22 13 83 1 18 54 11 65 15 24 10 15 19 56 44 88 12 42 0 39 75 36 88 66 35 1 4 95 90 95 10 24 86 3 20 29 79 64 83 64 64 0 19 28 77 32 53 79 18 82 60 49 94 3 76 55 98 13 25 39 76 63 49 54 76 88 27 0 3 10 32 67 49 42 78 15 88 55 33 49 82 35 88 41 66 38 30 13 87 93 83 27 33 6 83 22 71 57 33 84 9 42 94 69 82
25 17 51 63 37 24 94 91 88 58 1 91 53 62 48 2 29 53 41 96 83 87 32 9 29 17 78 42 6 46 59 63 66 46 84 84 59 60 79 29 5 19 59 43 39 0 99 0 86 67 3 64 59 97 100 52 26 100 16 18 49 86 0 96 22 22 71 24 31 17 65 85 79 36 6 93 25 67 71 30 86 70 78 29 49 73 14 44 81 59 2 74 95 3 90 55 83 27 94 32 52 25 99 95 43 38 89 25 87 46 87 48 97 66 71 82 88 46 93 93 86 59 57 32 20 5 39 46 72 30 26
5 32 36 81 49 30 19 52 43 13 100 6 85 68 2 81 62 90 62 34 56 64 83 15 33 7 5 68 23 81 66 63 30 67 95 13 61 55 65 20 100 52 0 2 75 99 0 53 16 54 69 16 77 67 55 66 17 11 77 64 21 40 66 84 80 17 40 31 77 82 89 48 39 59 3 17 13 7 76 91 44 97 87 13 89 24 60 80 80 26 18 51 24 74 75 58 48 48 88 10 53 52 18 82 21 36 80 25 96 48 88 50 65 80 77 35 46 43 56 50 65 48 90 65 6 61 23 91 90 53 42
85 63 79 35 45 2 76 50 30 49 81 68 68 23 19 99 71 18 49 87 83 5 64 4 21 67 34 77 4 51 7 99 14 13 29 21 1 10 23 28 20 52 23 70 36 0 53 0 61 80 66 25 6 91 3 59 4 5 19 93 95 86 3 20 46 15 86 41 71 23 95 6 20 37 61 68 50 53 60 78 21 41 50 46 69 74 56 13 63 42 62 22 61 45 8 95 9 78 9 43 20 7 94 89 86 61 58 50 0 59 47 35 84 42 54 12 60 79 74 45 45 44 67 51 31 95 67 39 4 42 1
4 60 70 84 35 69 97 86 73 29 96 74 1 77 44 64 100 78 47 23 46 83 8 17 7 85 81 89 61 87 28 99 96 84 43 64 8 35 71 57 4 81 87 43 88 86 16 61 0 21 52 62 56 54 77 23 15 82 64 15 18 43 97 34 54 79 77 72 15 67 28 22 80 97 35 16 27 68 96 74 96 59 90 93 99 39 8 8 35 36 52 64 38 19 44 99 15 58 53 80 49 42 5 28 47 25 14 91 76 19 26 69 2 55 52 83 15 9 87 14 50 21 26 42 77 31 100 10 37 61 70
17 79 31 52 85 90 79 72 21 100 62 39 34 37 72 23 64 82 4 55 63 6 42 25 8 89 79 90 27 9 13 86 62 47 78 65 72 7 15 41 82 43 79 97 66 67 54 80 21 0 72 44 79 19 77 32 93 48 72 12 35 82 46 25 30 7 71 64 51 67 2 81 2 63 27 78 15 78 35 71 34 60 20 69 5 46 91 85 82 63 95 14 24 33 9 30 72 69 42 77 34 82 86 0 39 76 100 9 36 18 72 37 70 29 66 74 93 56 89 63 41 69 45 18 89 42 22 37 94 56 68
28 100 60 35 17 33 75 40 9 61 58 23 66 57 47 78 61 4 84 97 73 0 71 88 32 63 9 86 53 52 45 13 84 6 60 26 57 25 81 7 19 7 97 74 35 3 69 66 52 72 0 62 34 90 17 13 11 11 37 62 33 75 51 76 71 80 7 80 70 92 71 21 9 80 79 44 83 23 36 79 37 12 27 1 44 55 80 81 18 9 59 33 93 51 42 89 75 7 72 91 50 47 37 24 82 29 96 47 58 70 96 50 26 67 90 88 64 47 14 10 28 27 38 87 0 79 61 6 58 7 11
60 38 70 93 86 2 25 2 74 80 86 71 25 57 41 83 56 61 16 94 72 35 26 82 85 28 4 15 31 13 13 57 40 9 45 53 45 72 40 27 47 42 61 21 1 64 16 25 62 44 62 0 4 70 29 84 30 14 71 87 33 30 17 25 46 97 9 76 97 31 4 67 13 57 55 86 57 71 77 77 24 57 21 4 19 93 41 60 78 45 59 82 54 91 80 76 14 15 99 23 5 43 59 56 43 54 81 45 39 73 53 42 51 72 7 36 25 86 49 20 88 53 7 48 45 84 7 70 62 77 7
46 4 15 94 94 11 89 63 97 81 27 23 4 66 64 44 29 60 31 66 99 52 48 47 68 86 95 62 81 13 57 7 69 47 82 95 90 25 58 56 58 81 66 88 4 59 77 6 56 79 34 4 0 65 24 83 3 35 56 98 72 62 9 29 22 100 92 72 53 55 46 89 25 90 10 13 8 100 67 97 35 26 38 21 77 79 70 97 56 29 54 81 86 29 87 97 56 52 32 26 3 58 82 50 85 46 94 84 43 11 40 18 71 6 10 79 83 92 20 65 27 15 63 34 50 79 49 41 81 30 71
16 69 82 6 20 57 51 26 68 72 95 60 70 87 91 30 100 36 90 53 84 69 98 94 57 74 31 1 91 92 37 50 78 25 18 0 89 96 41 34 96 81 90 44 95 97 67 91 54 19 90 70 65 0 59 12 45 91 67 12 92 5 84 3 96 56 71 65 28 42 68 46 5 65 98 80 24 70 100 87 5 56 13 68 64 6 0 46 76 67 70 62 40 34 57 12 24 99 12 5 50 22 86 0 51 95 75 92 87 0 98 31 43 61 60 9 73 7 30 87 64 30 47 11 61 15 9 13 28 67 0
56 86 76 25 20 1 28 94 87 89 29 87 90 90 37 99 10 84 36 56 91 34 30 7 96 70 27 47 30 2 2 4 56 35 31 20 99 15 42 21 12 84 98 38 90 100 55 3 77 77 17 29 24 59 0 10 3 31 80 89 46 15 42 62 97 33 24 23 22 78 13 39 20 25 68 6 62 16 63 39 21 55 40 10 33 10 16 44 50 79 49 33 21 71 11 44 82 23 32 38 21 19 83 63 36 90 17 30 42 41 84 26 92 11 87 19 42 39 24 68 79 36 93 39 89 0 35 29 42 28 53
53 24 86 100 13 32 33 93 84 80 55 84 43 86 94 53 59 67 37 55 75 65 38 21 60 42 42 29 8 8 66 59 42 81 11 6 7 78 1 83 26 20 2 69 95 52 66 59 23 32 13 84 83 12 10 0 1 86 46 81 38 25 54 12 17 73 52 9 14 27 27 25 33 63 53 72 90 80 73 74 65 59 92 87 47 35 33 82 47 28 7 56 39 83 6 15 8 72 20 39 34 17 72 48 50 53 46 62 34 96 42 20 1 23 74 1 53 77 84 44 51 76 66 59 40 93 9 23 71 14 9
48 12 69 61 10 79 34 42 68 84 26 65 26 38 37 19 83 31 61 72 43 70 69 27 58 92 66 39 0 73 34 46 39 48 63 82 20 85 7 61 53 7 27 37 10 26 17 4 15 93 11 30 3 45 3 1 0 56 71 78 50 52 31 29 33 32 85 47 97 59 89 7 10 10 8 11 76 46 64 32 61 73 94 18 9 33 73 35 37 44 94 91 51 43 33 87 45 41 4 97 21 4 38 21 64 69 56 58 10 63 97 43 88 73 10 27 66 41 97 55 57 69 34 83 65 60 81 77 68 22 62
36 69 47 13 55 58 47 33 64 4 35 8 42 14 63 51 60 29 98 61 40 69 17 12 26 92 51 60 85 40 51 42 45 12 22 75 100 17 73 38 21 70 11 13 24 100 11 5 82 48 11 14 35 91 31 86 56 0 26 34 94 78 81 65 100 72 86 59 82 86 69 87 65 55 94 90 93 84 32 47 84 77 33 42 2 37 60 30 13 18 14 29 67 80 60 25 83 84 4 48 84 5 65 1 25 33 57 14 89 2 90 46 51 55 23 14 28 26 87 1 25 8 32 36 14 15 47 41 80 49 37
95 84 25 79 94 97 83 77 72 4 17 9 93 52 54 33 42 96 100 94 15 64 16 72 14 53 53 81 33 70 72 51 84 52 42 70 30 35 13 97 49 66 24 80 86 16 77 19 64 72 37 71 56 67 80 46 71 26 0 19 44 86 11 25 72 5 28 43 81 73 38 25 79 77 6 90 75 96 35 91 25 33 59 78 19 100 35 13 33 58 37 8 81 74 66 25 35 85 77 20 0 76 96 98 3 61 53 41 9 36 41 31 75 36 37 66 92 59 37 14 47 74 70 94 14 85 38 24 82 76 31
53 72 96 29 18 9 30 62 81 92 56 87 83 22 28 48 28 13 82 40 96 8 67 81 0 90 92 62 12 14 62 55 64 34 12 60 22 34 11 26 90 51 78 38 3 18 64 93 15 12 62 87 98 12 89 81 78 34 19 0 97 35 88 79 27 41 70 15 9 75 44 13 79 62 55 37 63 97 62 28 64 54 85 11 24 33 40 72 71 8 67 45 68 90 78 55 87 52 40 8 98 38 53 54 59 25 71 91 43 11 26 1 39 96 40 3 67 76 68 47 39 9 12 45 57 23 24 60 80 82 57
16 12 74 92 77 46 58 24 1 42 45 38 10 10 86 62 57 89 2 18 95 80 37 57 35 13 55 33 23 21 94 27 11 72 51 65 22 45 31 0 86 10 43 43 20 49 21 95 18 35 33 33 72 92 46 38 50 94 44 97 0 32 79 11 29 74 5 94 18 11 63 5 59 29 77 100 84 50 32 32 76 21 90 42 73 44 85 39 56 73 17 75 71 76 37 72 27 54 66 55 45 56 78 4 45 75 93 31 8 55 1 22 74 14 59 24 34 88 84 68 29 37 51 32 48 87 17 10 80 49 52
61 97 61 61 89 2 49 100 76 83 51 72 79 12 85 42 20 81 52 13 57 72 89 91 68 38 91 6 95 18 14 76 13 56 42 86 19 66 61 10 58 83 90 66 29 86 40 86 43 82 75 30 62 5 15 25 52 78 86 35 32 0 72 25 21 91 57 100 4 68 27 30 72 76 64 55 19 3 13 2 58 96 17 16 6 88 88 28 83 29 11 76 33 98 76 78 91 0 58 59 92 65 96 96 100 38 11 57 20 38 88 48 66 53 13 89 0 48 16 53 21 0 9 0 12 82 45 38 66 0 39
60 9 52 18 90 85 68 77 6 35 55 7 93 86 46 17 50 10 20 43 85 14 28 54 96 20 61 62 0 63 37 33 95 78 48 7 94 61 87 80 41 50 82 44 79 0 66 3 97 46 51 17 9 84 42 54 31 81 11 88 79 72 0 62 16 23 48 50 37 50 12 73 74 30 100 67 17 42 4 24 42 91 92 34 86 27 60 93 27 80 1 68 50 13 46 39 14 64 24 26 74 19 92 51 59 72 75 62 100 70 45 71 34 53 16 83 59 55 73 27 72 88 79 35 59 70 77 78 6 2 99
47 90 23 48 50 49 24 84 64 20 29 100 99 63 18 94 21 9 94 16 43 82 13 2 69 55 94 20 80 55 33 65 60 53 66 56 59 67 12 81 78 44 42 82 64 96 84 20 34 25 76 25 29 3 62 12 29 65 25 79 11 25 62 0 72 89 20 49 70 6 80 97 0 65 32 0 39 23 32 42 17 42 47 32 61 53 70 18 33 35 100 69 44 51 13 2 98 34 83 86 61 21 44 67 74 38 38 47 98 66 15 78 56 67 97 72 48 97 39 37 63 33 28 17 14 52 89 57 89 21 3
50 69 15 81 11 70 37 38 55 7 56 74 56 97 55 31 34 33 77 90 22 38 48 45 67 33 44 94 81 3 36 51 56 4 35 16 77 26 40 82 29 40 40 44 83 22 80 46 54 30 71 46 22 96 97 17 33 100 72 27 29 21 16 72 0 21 38 33 8 75 38 39 18 20 7 21 95 58 81 70 2 39 32 41 81 44 48 94 28 3 24 83 80 35 86 61 63 78 41 9 76 14 20 12 46 78 26 19 91 37 45 26 87 28 47 50 61 54 81 7 87 43 42 45 41 32 93 22 84 13 12
54 77 44 86 22 30 49 6 90 73 91 69 78 15 76 36 36 19 15 68 39 12 0 75 20 83 35 93 38 64 8 2 99 41 9 9 60 64 24 34 85 22 42 97 64 22 17 15 79 7 80 97 100 56 33 73 32 72 5 41 74 91 23 89 21 0 0 30 44 2 48 16 58 80 51 57 47 2 92 83 42 7 10 37 49 10 18 62 4 6 20 77 54 90 12 37 45 73 61 81 88 40 78 51 57 2 19 36 93 29 50 89 98 36 25 79 66 100 99 59 29 99 81 70 84 52 65 1 8 42 51
43 23 23 18 100 67 57 34 4 25 13 59 19 45 19 3 60 80 27 21 60 36 75 19 77 96 76 0 52 34 53 5 58 56 99 56 67 100 44 35 15 43 7 38 64 71 40 86 77 71 7 9 92 71 24 52 85 86 28 70 5 57 48 20 38 0 0 92 39 23 42 14 0 18 12 73 21 93 2 88 71 91 73 10 81 100 55 85 43 87 87 82 15 26 4 48 47 61 41 35 92 55 93 3 37 42 5 13 79 57 14 33 63 26 60 21 86 67 94 61 93 15 1 44 4 80 83 15 11 69 83
19 15 75 32 93 2 35 79 52 30 91 42 80 99 100 18 87 11 86 29 94 41 13 37 66 58 46 59 19 42 13 79 12 88 82 0 97 6 8 56 74 81 45 86 0 24 31 41 72 64 80 76 72 65 23 9 47 59 43 15 94 100 50 49 33 30 92 0 76 20 90 30 81 79 61 11 39 97 50 100 26 27 4 97 81 80 64 87 15 49 4 48 72 3 82 70 63 58 38 98 18 65 82 19 82 35 5 89 45 44 43 22 74 42 52 43 38 94 23 18 90 12 1 41 69 54 29 51 97 59 54
53 1 84 61 66 23 28 66 40 29 2 68 33 17 93 87 99 88 34 11 77 54 59 98 29 65 4 20 4 96 29 7 86 96 24 69 86 17 59 72 15 98 65 39 19 31 77 71 15 51 70 97 53 28 22 14 97 82 81 9 18 4 37 70 8 44 39 76 0 68 98 92 6 8 28 36 76 64 52 62 57 41 24 79 13 12 26 70 61 7 85 0 35 3 1 96 78 87 1 53 76 15 96 72 41 58 88 91 24 28 95 83 55 72 87 39 99 62 65 38 21 65 33 68 54 10 92 41 74 22 84
39 65 96 73 15 45 78 92 75 21 83 27 70 25 13 90 35 85 5 6 100 81 23 96 95 74 85 40 5 16 8 59 12 38 52 48 9 78 23 85 95 16 76 10 28 17 82 23 67 67 92 31 55 42 78 27 59 86 73 75 11 68 50 6 75 2 23 20 68 0 49 95 97 19 39 88 3 19 100 99 30 15 15 96 91 44 73 45 67 16 10 62 75 30 44 70 68 29 93 49 2 7 27 25 41 6 52 52 72 10 99 87 6 33 75 52 52 71 78 68 24 70 51 48 2 6 46 73 18 66 67
80 94 16 76 97 91 27 16 32 47 54 26 92 71 57 34 78 68 77 33 29 19 0 74 42 100 40 75 50 56 94 96 4 24 18 43 11 83 59 7 88 10 25 17 77 65 89 95 28 2 71 4 46 68 13 27 89 69 38 44 63 27 12 80 38 48 42 90 98 49 0 89 55 100 15 20 4 24 54 54 68 31 90 46 54 44 86 41 29 30 12 34 80 59 79 0 71 86 75 51 73 78 30 72 24 23 73 61 57 23 29 76 96 2 49 63 71 76 88 91 74 54 85 68 21 73 88 9 50 21 42
96 56 57 77 22 54 72 71 84 11 56 42 87 66 8 27 14 52 55 31 16 55 71 59 33 14 8 17 18 70 62 90 90 10 89 74 14 86 36 44 87 77 79 36 32 85 48 6 22 81 21 67 89 46 39 25 7 87 25 13 5 30 73 97 39 16 14 30 92 95 89 0 19 41 11 11 85 35 2 12 68 56 25 39 38 1 84 53 2 3 97 83 30 80 48 83 68 47 3 89 98 28 85 1 97 13 51 61 58 95 37 79 76 35 54 34 58 74 62 22 40 76 4 93 17 99 65 49 56 83 30
71 11 96 19 52 76 96 47 14 7 62 79 64 18 30 21 17 11 33 11 34 9 6 60 28 12 49 88 47 72 60 54 11 0 19 33 69 50 14 85 44 58 78 74 53 79 39 20 80 2 9 13 25 5 20 33 10 65 79 79 59 72 74 0 18 58 0 81 6 97 55 19 0 40 93 33 20 13 19 13 78 58 37 99 46 68 0 59 60 89 8 39 38 97 18 88 93 39 70 27 77 82 93 84 52 79 88 11 60 16 27 83 95 64 54 57 27 76 44 33 37 11 18 89 55 21 6 44 77 31 88
64 77 82 2 27 1 42 62 52 72 48 63 72 54 36 24 71 23 17 47 10 77 53 6 10 79 49 59 6 19 7 61 8 3 30 61 77 36 74 17 72 72 40 86 79 36 59 37 97 63 80 57 90 65 25 63 10 55 77 62 29 76 30 65 20 80 18 79 8 19 100 41 40 0 95 90 5 56 53 52 37 16 25 53 63 49 52 74 83 76 6 26 37 45 96 64 54 44 70 72 29 61 22 14 74 6 57 100 19 73 6 50 54 45 66 47 92 86 52 62 26 16 93 30 26 54 1 46 42 42 94
9 99 41 52 82 12 78 94 33 36 69 58 50 96 18 54 23 13 45 33 85 11 13 78 16 9 29 42 22 57 61 86 36 52 38 53 98 51 78 61 41 16 7 24 18 6 3 61 35 27 79 55 10 98 68 53 8 94 6 55 77 64 100 32 7 51 12 61 28 39 15 11 93 95 0 97 88 37 34 56 96 11 0 80 76 26 18 49 35 67 96 45 17 26 59 55 30 9 57 75 16 89 62 65 80 99 28 17 40 16 77 14 4 87 19 89 15 34 79 45 36 20 2 8 29 18 36 91 34 7 14
90 23 43 94 38 47 47 89 56 89 3 14 87 39 8 97 88 67 35 20 18 39 90 93 95 97 100 73 11 98 94 45 85 11 91 9 48 32 26 73 13 67 46 95 82 93 17 68 16 78 44 86 13 80 6 72 11 90 90 37 100 55 67 0 21 57 73 11 36 88 20 11 33 90 97 0 59 43 44 78 69 88 64 65 81 28 58 9 7 64 97 16 51 66 51 49 31 77 50 41 5 78 73 64 87 86 91 29 25 28 30 28 15 14 40 60 96 44 98 93 85 88 70 70 6 58 4 36 1 56 63
37 94 32 63 13 85 47 64 79 40 14 69 93 34 4 48 70 11 50 72 55 91 46 62 5 28 36 36 2 20 46 26 72 66 91 76 11 82 5 61 93 40 78 61 60 25 13 50 27 15 83 57 8 24 62 90 76 93 75 63 84 19 17 39 95 47 21 39 76 3 4 85 20 5 88 59 0 3 36 79 56 55 10 76 35 61 39 9 8 37 82 42 95 67 98 5 28 57 89 82 93 52 74 40 0 49 42 48 35 45 18 77 96 10 17 82 66 96 63 57 86 61 80 58 61 96 58 27 68 71 55
94 16 33 99 56 3 47 95 52 22 89 7 76 36 1 84 61 68 79 97 25 35 81 12 16 91 85 41 70 80 85 81 30 65 40 50 72 51 77 89 12 37 21 47 49 67 7 53 68 78 23 71 100 70 16 80 46 84 96 97 50 3 42 23 58 2 93 97 64 19 24 35 13 56 37 43 3 0 77 84 49 35 14 54 89 4 2 7 37 9 4 7 19 7 57 80 85 65 94 23 65 18 57 73 90 39 26 19 97 61 4 53 10 55 74 24 96 10 80 7 88 83 44 23 84 17 15 95 1 7 21
28 61 64 24 11 59 16 11 93 78 5 96 17 36 31 12 39 33 52 33 43 16 52 97 32 17 16 60 9 10 34 7 85 93 81 52 20 82 0 53 20 9 35 56 94 71 76 60 96 35 36 77 67 100 63 73 64 32 35 62 32 13 4 32 81 92 2 50 52 100 54 2 19 53 34 44 36 77 0 81 33 57 40 5 52 100 15 100 55 56 83 4 72 60 99 30 35 64 27 84 82 29 39 74 73 34 6 97 53 93 33 19 28 39 20 14 6 3 89 68 63 10 23 11 16 70 58 57 51 30 65
7 99 89 54 85 9 82 52 66 77 70 95 12 8 49 54 90 80 20 64 51 83 78 75 93 90 65 33 19 85 71 43 78 0 78 64 98 99 38 61 49 57 50 28 3 30 91 78 74 71 79 77 97 87 39 74 32 47 91 28 32 2 24 42 70 83 88 100 62 99 54 12 13 52 56 78 79 84 81 0 60 8 85 38 11 76 84 87 74 11 83 15 57 48 59 44 35 72 16 47 77 33 22 49 85 66 69 87 4 78 54 50 33 38 6 65 12 44 55 97 18 41 30 88 63 53 49 42 6 4 100
16 99 97 72 16 87 28 77 92 16 79 75 68 2 93 91 96 91 31 91 7 84 98 12 57 68 13 21 47 52 90 22 99 28 70 28 69 72 75 59 93 52 56 53 76 86 44 21 96 34 37 24 35 5 21 65 61 84 25 64 76 58 42 17 2 42 71 26 57 30 68 68 78 37 96 69 56 49 33 60 0 4 70 41 87 30 42 11 100 90 69 86 29 40 13 76 66 85 82 75 73 30 88 13 65 10 45 96 50 84 45 70 27 83 34 12 39 2 92 49 28 86 18 62 60 16 61 9 23 72 64
14 75 21 51 99 83 77 50 3 73 42 1 25 23 26 5 75 77 83 49 26 17 39 17 40 77 86 56 37 57 16 72 90 56 37 1 55 48 20 69 27 8 8 9 55 70 97 41 59 60 12 57 26 56 55 59 73 77 33 54 21 96 91 42 39 7 91 27 41 15 31 56 58 16 11 88 55 35 57 8 4 0 46 69 65 1 64 14 49 45 58 92 17 38 34 83 79 18 31 33 86 44 12 8 64 84 15 83 26 100 8 51 55 9 93 59 86 70 42 36 35 77 64 32 46 13 81 60 26 25 91
86 25 66 0 61 87 15 23 13 24 6 35 9 88 68 22 95 13 54 13 29 12 11 84 26 71 45 54 54 99 79 6 23 46 57 61 80 80 43 88 20 66 50 44 98 78 87 50 90 20 27 21 38 13 40 92 94 33 59 85 90 17 92 47 32 10 73 4 24 15 90 25 37 25 0 64 10 14 40 85 70 46 0 11 11 79 94 47 38 83 49 1 2 50 25 21 67 81 18 18 5 90 91 99 40 64 47 10 79 44 88 27 48 38 83 9 90 21 47 89 85 50 71 14 77 63 71 95 83 26 56
64 76 72 17 31 43 56 47 67 72 100 46 38 67 94 22 49 64 7 5 82 40 25 0 94 15 66 68 8 44 4 67 73 49 6 13 85 5 39 19 74 77 88 21 13 29 13 46 93 69 1 4 21 68 10 87 18 42 78 11 42 16 34 32 41 37 10 97 79 96 46 39 99 53 80 65 76 54 5 38 41 69 11 0 97 36 98 48 76 81 80 68 78 30 95 73 8 97 57 2 76 57 39 54 17 11 39 94 58 76 73 10 48 16 53 8 6 92 31 13 76 100 28 1 56 64 85 41 21 66 39
27 46 64 89 23 60 52 71 83 96 53 66 50 58 18 39 89 13 79 85 69 80 81 48 28 10 26 58 93 95 28 83 64 33 65 79 73 66 79 46 65 16 69 85 25 49 89 69 99 5 44 19 77 64 33 47 9 2 19 24 73 6 86 61 81 49 81 81 13 91 54 38 46 63 76 81 35 89 52 11 87 65 11 97 0 40 73 75 63 72 75 26 17 60 39 90 86 12 25 40 13 11 1 89 10 68 93 61 22 70 91 17 8 60 55 30 26 79 41 89 84 68 43 70 28 21 85 62 2 25 100
81 33 70 36 8 48 60 66 65 62 19 87 23 55 86 55 64 85 96 3 44 4 89 32 58 58 9 39 23 78 60 22 95 67 71 41 75 7 86 30 15 79 6 15 39 73 24 74 39 46 55 93 79 6 10 35 33 37 100 33 44 88 27 53 44 10 100 80 12 44 44 1 68 49 26 28 61 4 100 76 30 1 79 36 40 0 40 42 97 61 88 35 5 10 9 80 62 91 6 66 29 27 62 6 55 68 19 97 43 86 29 34 64 34 53 1 94 62 9 56 26 63 6 10 60 91 89 3 7 50 88
80 17 7 66 37 21 61 57 37 58 92 79 10 7 2 86 67 42 61 51 91 6 77 52 75 94 95 50 20 42 69 39 49 2 100 40 48 6 54 7 77 96 34 50 76 14 60 56 8 91 80 41 70 0 16 33 73 60 35 40 85 88 60 70 48 18 55 64 26 73 86 84 0 52 18 58 39 2 15 84 42 64 94 98 73 40 0 87 14 16 29 11 22 90 89 29 73 35 71 25 90 66 47 98 22 25 77 16 15 65 3 63 76 35 6 96 78 48 90 41 8 67 83 99 66 34 33 45 55 56 56
54 86 90 99 37 11 53 22 50 64 33 69 92 5 77 83 61 29 5 64 48 49 63 38 74 59 80 100 6 58 62 51 60 34 13 19 22 84 25 59 71 48 97 14 63 44 80 13 8 85 81 60 97 46 44 82 35 30 13 72 39 28 93 18 94 62 85 87 70 45 41 53 59 74 49 9 9 7 100 87 11 14 47 48 75 42 87 0 28 89 34 40 41 4 94 80 52 9 3 95 98 76 58 85 61 71 22 78 47 30 19 32 13 54 47 76 34 58 59 38 46 85 59 93 39 73 87 56 71 95 77
61 29 3 87 71 76 87 76 96 79 54 69 34 67 19 21 11 62 70 47 47 26 67 28 77 50 19 15 11 64 75 76 56 3 36 49 60 100 51 34 72 6 50 34 49 81 80 63 35 82 18 78 56 76 50 47 37 13 33 71 56 83 27 33 28 4 43 15 61 67 29 2 60 83 35 7 8 37 55 74 100 49 38 76 63 97 14 28 0 16 28 49 8 71 56 25 34 52 56 26 61 23 20 80 31 44 96 85 8 1 74 25 55 80 34 28 42 51 42 33 20 22 19 78 28 68 61 70 57 68 28
51 66 3 48 25 50 99 7 79 85 89 90 41 86 85 71 6 95 11 91 68 25 47 24 49 17 99 2 83 0 37 100 69 61 72 46 5 97 91 76 74 18 48 75 54 59 26 42 36 63 9 45 29 67 79 28 44 18 58 8 73 29 80 35 3 6 87 49 7 16 30 3 89 76 67 64 37 9 56 11 90 45 83 81 72 61 16 89 16 0 10 68 22 88 45 38 5 42 83 49 99 85 99 12 86 44 28 54 79 39 65 18 23 70 97 71 12 4 37 72 91 18 86 75 4 25 77 58 33 66 65
66 52 82 55 30 26 12 17 19 63 50 80 40 23 52 38 66 23 42 32 79 17 2 56 93 33 49 0 11 23 59 90 62 69 79 10 54 26 87 90 37 15 98 51 76 2 18 62 52 95 59 59 54 70 49 7 94 14 37 67 17 11 1 100 24 20 87 4 85 10 12 97 8 6 96 97 82 4 83 83 69 58 49 80 75 88 29 34 28 10 0 99 30 34 33 36 94 12 79 55 0 75 86 43 56 33 92 14 20 22 61 99 64 70 20 99 67 13 54 18 11 1 51 89 64 45 9 44 49 36 26
54 42 39 29 84 91 73 82 77 62 43 75 54 90 98 32 80 59 83 68 7 24 14 79 53 28 68 64 45 14 76 57 86 48 3 75 29 79 90 26 83 9 36 72 88 74 51 22 64 14 33 82 81 62 33 56 91 29 8 45 75 76 68 69 83 77 82 48 0 62 34 83 39 26 45 16 42 7 4 15 86 92 1 68 26 35 11 40 49 68 99 0 52 29 18 24 18 29 67 82 34 36 33 69 27 8 20 14 54 64 54 30 6 22 97 30 85 70 56 8 69 84 48 41 1 56 52 10 24 24 13
4 98 100 75 9 92 56 94 51 98 11 72 89 16 72 8 67 59 48 94 23 88 34 88 33 67 92 29 80 71 65 29 77 42 31 28 75 38 37 55 58 61 56 86 27 95 24 61 38 24 93 54 86 40 21 39 51 67 81 68 71 33 50 44 80 54 15 72 35 75 80 30 38 37 17 51 95 19 72 57 29 17 2 78 17 5 22 41 8 22 30 52 0 25 23 78 99 14 15 59 6 99 91 9 35 94 36 52 28 94 50 64 16 66 91 44 71 99 35 13 22 95 7 68 57 57 45 51 56 97 98
63 71 19 94 42 10 47 87 17 75 42 86 64 29 21 46 55 9 32 83 64 53 52 72 20 98 12 47 12 7 79 47 48 40 24 98 18 31 72 26 94 43 57 89 0 3 74 45 19 33 51 91 29 34 71 83 43 80 74 90 76 98 13 51 35 90 26 3 3 30 59 80 97 45 26 66 67 7 60 48 40 38 50 30 60 10 90 4 71 88 34 29 25 0 45 4 23 16 12 94 37 58 16 30 94 41 80 82 28 83 26 35 2 10 27 36 14 32 84 52 86 97 36 83 33 98 29 42 58 44 59
5 71 46 74 90 71 75 88 83 94 43 93 74 60 2 28 50 61 42 5 30 64 39 84 62 1 7 70 79 21 27 92 51 41 43 24 35 55 31 71 88 49 69 65 3 90 75 8 44 9 42 80 87 57 11 6 33 60 66 78 37 76 46 13 86 12 4 82 1 44 79 48 18 96 59 51 98 57 99 59 13 34 25 95 39 9 89 94 56 45 33 18 23 45 0 37 58 30 97 47 17 13 19 61 21 81 38 13 81 61 10 43 77 22 21 15 63 72 45 81 22 17 60 25 70 75 45 43 10 94 32
85 45 37 24 63 63 84 23 36 35 85 60 13 71 14 87 63 75 16 11 81 72 90 99 73 51 53 74 29 32 59 42 18 87 98 42 74 71 58 43 85 6 1 97 10 55 58 95 99 30 89 76 97 12 44 15 87 25 25 55 72 78 39 2 61 37 48 70 96 70 0 83 88 64 55 49 5 80 30 44 76 83 21 73 90 80 29 80 25 38 36 24 78 4 37 0 68 66 11 41 88 47 90 18 3 36 92 4 26 93 32 23 70 75 57 77 25 32 64 52 28 76 46 47 24 71 74 81 37 87 93
69 86 17 57 77 89 10 56 22 23 72 89 99 61 63 9 11 45 85 66 80 40 19 18 60 27 88 98 61 56 90 85 61 5 51 67 7 84 44 42 69 15 33 5 32 83 48 9 15 72 75 14 56 24 82 8 45 83 35 87 27 91 14 98 63 45 47 63 78 68 71 68 93 54 30 31 28 85 35 35 66 79 67 8 86 62 73 52 34 5 94 18 99 23 58 68 0 26 41 89 47 0 71 23 51 21 52 76 82 80 93 5 28 36 5 68 89 27 50 45 39 45 26 62 65 38 45 67 58 21 81
27 30 94 18 93 10 71 90 56 34 15 63 68 53 91 99 22 6 31 48 32 92 47 7 23 46 43 71 36 77 68 4 63 33 25 13 73 93 89 20 36 65 50 40 67 27 48 78 58 69 7 15 52 99 23 72 41 84 85 52 54 0 64 34 78 73 61 58 87 29 86 47 39 44 9 77 57 65 64 72 85 18 81 97 12 91 35 9 52 42 12 29 14 16 30 66 26 0 49 100 66 4 0 70 42 89 21 26 56 66 85 79 10 95 61 42 21 20 63 55 74 16 12 64 35 59 45 76 23 90 16
65 20 88 10 56 66 3 3 11 41 96 44 43 59 93 90 90 29 48 47 37 10 26 91 38 85 56 24 34 42 98 84 31 17 76 25 57 84 76 24 61 58 67 2 49 94 88 9 53 42 72 99 32 12 32 20 4 4 77 40 66 58 24 83 41 61 41 38 1 93 75 3 70 70 57 50 89 94 27 16 82 31 18 57 25 6 71 3 56 83 79 67 15 12 97 11 41 49 0 63 10 83 67 59 27 35 90 3 94 12 48 61 95 60 22 21 22 40 74 68 26 15 39 33 1 25 50 42 50 22 45
74 55 32 23 54 41 9 44 97 93 76 12 21 62 33 27 39 87 25 31 9 90 93 40 63 90 68 63 74 10 8 77 57 44 49 1 82 41 13 48 30 83 46 49 42 32 10 43 80 77 91 23 26 5 38 39 97 48 20 8 55 59 26 86 9 81 35 98 53 49 51 89 27 72 75 41 82 23 84 47 75 33 18 2 40 66 25 95 26 49 55 82 59 94 47 41 89 100 63 0 67 44 60 98 71 10 95 38 19 93 0 41 82 24 76 46 77 53 7 88 41 67 91 6 25 53 41 1 82 21 28
37 30 16 6 74 27 50 1 95 16 67 37 77 35 52 26 96 3 58 88 60 86 26 48 85 8 76 9 37 61 3 76 54 92 53 65 15 54 26 43 11 27 31 16 78 52 53 20 49 34 50 5 3 50 21 34 21 84 0 98 45 92 74 61 76 88 92 18 76 2 73 98 77 29 16 5 93 65 82 77 73 86 5 76 13 29 90 98 61 99 0 34 6 37 17 88 47 66 10 67 0 94 25 13 43 84 37 2 1 77 11 43 78 9 27 55 0 30 5 47 42 39 71 94 50 77 50 5 23 93 9
18 6 79 78 1 22 83 31 19 63 35 23 46 73 90 61 72 49 68 40 59 93 31 59 72 7 9 44 16 82 99 9 41 53 74 5 12 52 42 63 70 86 14 79 15 25 52 7 42 82 47 43 58 22 19 17 4 5 76 38 56 65 19 21 14 40 55 65 15 7 78 28 82 61 89 78 52 18 29 33 30 44 90 57 11 27 66 76 23 85 75 36 99 58 13 47 0 4 83 44 94 0 17 25 36 10 49 17 86 0 54 78 18 31 25 78 34 17 59 70 70 5 55 65 58 78 87 59 92 62 25
88 22 60 42 74 94 17 46 8 71 96 70 84 79 49 62 75 72 58 11 43 59 53 57 76 52 23 17 78 21 79 81 20 30 5 11 27 10 6 61 70 77 37 22 88 99 18 94 5 86 37 59 82 86 83 72 38 65 96 53 78 96 92 44 20 78 93 82 96 27 30 85 93 22 62 73 74 57 39 22 88 12 91 39 1 62 47 58 20 99 86 33 91 16 19 90 71 0 67 60 25 17 0 55 4 44 21 5 1 24 25 0 14 18 97 28 75 63 85 26 0 9 93 59 5 19 92 20 21 15 63
72 70 12 57 2 92 67 100 44 33 73 9 41 49 73 39 3 15 58 67 28 66 69 1 58 67 59 93 57 23 85 9 16 0 35 65 47 88 82 98 99 64 70 12 55 95 82 89 28 0 24 56 50 0 63 48 21 1 98 54 4 96 51 67 12 51 3 19 72 25 72 1 84 14 65 64 40 73 74 49 13 8 99 54 89 6 98 85 80 12 43 69 9 30 61 18 23 70 59 98 13 25 55 0 86 59 86 69 46 86 29 25 0 43 99 23 17 19 40 80 42 93 84 75 73 42 62 32 97 79 20
15 24 87 0 5 32 68 30 34 71 87 1 12 75 37 19 41 51 82 15 57 40 7 11 54 43 88 86 41 70 54 90 32 3 43 94 98 0 69 11 95 45 47 71 33 43 21 86 47 39 82 43 85 51 36 50 64 25 3 59 45 100 59 74 46 57 37 82 41 41 24 97 52 74 80 87 0 90 73 85 65 64 40 17 10 55 22 61 31 86 56 27 35 94 21 3 51 42 27 71 43 36 4 86 0 30 0 8 98 83 92 100 70 70 98 34 39 53 53 15 88 44 11 94 38 50 77 99 2 78 51
31 8 5 73 77 51 70 58 99 48 67 93 15 3 29 90 36 98 78 9 56 33 23 21 48 18 90 38 59 60 25 86 21 35 70 51 66 19 54 40 11 58 58 19 49 38 36 61 25 76 29 54 46 95 90 53 69 33 61 25 75 38 72 38 78 2 42 35 58 6 23 13 79 6 99 86 49 39 34 66 10 84 64 11 68 68 25 71 44 44 33 8 94 41 81 36 21 89 35 10 84 10 44 59 30 0 64 79 55 62 96 17 78 68 21 1 70 69 39 79 3 7 32 15 96 20 71 66 62 70 3
43 67 90 15 93 19 88 15 27 5 19 83 72 21 73 75 98 18 18 24 72 65 71 52 45 77 88 49 21 21 84 64 80 9 44 54 29 41 35 22 72 70 33 37 82 89 80 58 14 100 96 81 94 75 17 46 56 57 53 71 93 11 75 38 26 19 5 5 88 52 73 51 88 57 28 91 42 26 6 69 45 15 47 39 93 19 77 22 96 28 92 20 36 80 38 92 52 21 90 95 37 49 21 86 0 64 0 89 97 65 22 75 69 64 79 52 60 34 68 88 32 27 89 92 72 2 24 50 100 61 46
70 73 86 18 23 16 97 34 10 26 47 28 48 93 99 66 79 5 33 36 92 64 30 46 70 85 22 56 95 94 31 7 9 43 87 15 58 4 100 38 87 99 8 73 35 25 25 50 91 9 47 45 84 92 30 62 58 14 41 91 31 57 62 47 19 36 13 89 91 52 61 61 11 100 17 29 48 19 97 87 96 83 10 94 61 97 16 78 85 54 14 14 52 82 13 4 76 26 3 38 2 17 5 69 8 79 89 0 22 68 16 54 63 94 58 61 67 79 47 6 69 32 51 16 63 39 94 35 13 17 36
86 87 4 16 17 57 57 74 0 48 24 35 39 52 41 91 79 29 50 3 91 24 95 31 53 44 98 30 62 29 83 64 93 45 98 67 26 1 74 0 57 85 16 15 88 87 96 0 76 36 58 39 43 87 42 34 10 89 9 43 8 20 100 98 91 93 79 45 24 72 57 58 60 19 40 25 35 97 53 4 50 26 79 58 22 43 15 47 8 79 20 54 28 28 81 26 82 56 94 19 1 86 1 46 98 55 97 22 0 69 64 64 20 64 54 86 92 47 71 25 45 62 56 26 87 18 34 64 92 89 20
56 68 0 33 100 19 64 82 61 99 65 56 61 63 78 56 11 24 73 6 12 44 3 53 62 42 99 27 74 48 88 67 82 3 70 79 68 41 27 23 96 53 60 66 41 46 48 59 19 18 70 73 11 0 41 96 63 2 36 11 55 38 70 66 37 29 57 44 28 10 23 95 16 73 16 28 45 61 93 78 84 100 44 76 70 86 65 30 1 39 22 64 94 83 61 93 80 66 12 93 77 0 24 86 83 62 65 68 69 0 34 58 10 15 29 30 58 98 44 57 53 15 84 74 63 17 21 86 68 77 95
61 19 51 79 22 62 55 64 63 46 12 68 55 40 18 59 26 57 97 94 79 2 3 26 85 5 78 72 77 56 14 76 47 54 47 9 74 69 52 67 96 27 92 97 66 87 88 47 26 72 96 53 40 98 84 42 97 90 41 26 1 88 45 15 45 50 14 43 95 99 29 37 27 6 77 30 18 4 33 54 45 8 88 73 91 29 3 19 74 65 61 54 50 26 10 32 93 85 48 0 11 54 25 29 92 96 22 16 64 34 0 22 18 54 46 55 33 89 0 85 89 94 83 92 77 57 76 13 39 5 65
4 86 21 86 16 56 4 34 11 17 22 13 15 68 61 37 0 9 95 55 72 62 67 62 72 26 87 81 44 54 26 5 86 52 31 22 79 61 74 87 91 100 88 42 38 48 50 35 69 37 50 42 18 31 26 20 43 46 31 1 22 48 71 78 26 89 33 22 83 87 76 79 83 50 14 28 77 53 19 50 70 51 27 10 17 34 63 32 25 18 99 30 64 35 43 23 5 79 61 41 43 78 0 25 100 17 75 54 64 58 22 0 58 48 79 97 54 71 68 52 82 85 60 94 52 28 47 37 7 97 66
43 74 90 67 2 12 46 84 10 81 26 75 91 98 93 38 84 83 2 12 36 2 98 97 41 17 73 59 15 24 42 52 32 89 100 21 0 10 46 13 38 28 22 63 30 97 65 84 2 70 26 51 71 43 92 1 88 51 75 39 74 66 34 56 87 98 63 74 55 6 96 76 95 54 4 15 96 10 28 33 27 55 48 48 8 64 76 13 55 23 64 6 16 2 77 70 28 10 95 82 78 18 14 0 70 78 69 63 20 10 18 58 0 76 80 30 69 40 24 10 38 96 73 56 21 5 87 85 86 32 46
72 74 58 37 34 85 2 96 14 90 67 52 32 79 100 57 55 69 89 43 89 67 69 46 16 37 82 37 33 96 15 60 13 14 24 45 11 80 76 13 69 56 20 83 13 66 80 42 55 29 67 72 6 61 11 23 73 55 36 96 14 53 53 67 28 36 26 42 72 33 2 35 64 45 87 14 10 55 39 38 83 9 38 16 60 34 35 54 80 70 70 22 66 10 22 75 36 95 60 24 9 31 18 43 70 68 64 94 64 15 54 48 76 0 81 74 52 66 35 71 46 44 4 2 73 7 99 95 82 11 1
55 63 26 67 84 63 56 70 25 6 52 71 26 52 98 23 36 0 9 66 62 28 25 85 83 41 33 46 20 62 83 37 66 37 55 16 83 78 5 76 9 33 32 66 87 71 77 54 52 66 90 7 10 60 87 74 10 23 37 40 59 13 16 97 47 25 60 52 87 75 49 54 54 66 19 40 17 74 20 6 34 93 83 53 55 53 6 47 34 97 20 97 91 27 21 57 5 61 22 76 27 25 97 99 98 21 79 58 54 29 46 79 80 81 0 31 37 55 76 23 84 43 19 16 19 39 91 31 54 43 78
72 30 56 44 84 88 88 95 85 56 85 30 75 61 39 1 85 66 86 72 55 91 8 32 57 60 14 50 96 68 15 35 98 11 57 75 55 14 88 44 3 45 85 30 93 82 35 12 83 74 88 36 79 9 19 1 27 14 66 3 24 89 83 72 50 79 21 43 39 52 63 34 57 47 89 60 82 24 14 65 12 59 9 8 30 1 96 76 28 71 99 30 44 36 15 77 68 42 21 46 55 78 28 23 34 1 52 61 86 30 55 97 30 74 31 0 15 60 79 81 20 73 37 94 26 11 84 68 14 46 27
0 51 57 68 81 94 87 39 52 68 11 38 59 85 26 30 40 13 43 26 98 59 78 96 37 11 90 6 57 10 56 50 34 36 25 29 4 89 39 77 65 70 85 35 83 88 46 60 15 93 64 25 83 73 42 53 66 28 92 67 34 0 59 48 61 66 86 38 99 52 71 58 27 92 15 96 66 96 6 12 39 86 90 6 26 94 78 34 42 12 67 85 71 14 63 25 89 21 22 77 0 34 75 17 39 70 60 67 92 58 33 54 69 52 37 15 0 91 22 98 1 46 30 53 86 93 37 73 79 23 96
5 18 14 83 46 1 73 2 24 93 45 67 64 68 48 97 58 70 12 58 99 63 60 2 61 44 17 40 37 54 41 74 0 39 97 40 49 55 47 48 0 61 54 68 27 46 43 79 9 56 47 86 92 7 39 77 41 26 59 76 88 48 55 97 54 100 67 94 62 71 76 74 76 86 34 44 96 10 3 44 2 70 21 92 79 62 48 58 51 4 13 70 99 32 72 32 27 20 40 53 30 17 63 19 53 69 34 79 47 98 89 71 40 66 55 60 91 0 38 42 3 94 24 35 31 95 2 76 88 63 13
52 91 14 17 53 49 46 9 15 75 56 34 95 68 65 17 1 72 35 34 87 4 80 24 25 96 39 69 24 24 17 53 68 70 73 0 55 21 25 72 45 78 5 81 33 93 56 74 87 89 14 49 20 30 24 84 97 87 37 68 84 16 73 39 81 99 94 23 65 78 88 62 44 52 79 98 63 80 89 55 92 42 47 31 41 9 90 59 42 37 54 56 35 84 45 64 50 63 74 7 5 59 85 40 53 39 68 47 71 44 0 68 24 35 76 79 22 38 0 25 73 92 53 50 51 68 47 24 7 83 60
60 95 42 34 53 5 90 35 12 18 64 80 25 6 84 41 86 45 77 50 98 93 11 33 23 60 51 27 57 39 54 12 92 56 99 11 41 17 23 64 19 93 15 73 6 93 50 45 14 63 10 20 65 87 68 44 55 1 14 47 68 53 27 37 7 59 61 18 38 68 91 22 33 62 45 93 57 7 68 97 49 36 89 13 89 56 41 38 33 72 18 8 13 52 81 52 45 55 68 88 47 70 26 80 15 79 88 6 25 57 85 52 10 71 23 81 98 42 25 0 90 21 57 48 75 36 54 30 31 15 80
88 97 72 90 94 13 85 92 73 32 70 57 30 94 29 24 60 61 81 47 19 73 7 57 91 4 59 17 18 91 21 1 30 10 84 50 90 87 68 48 11 16 56 75 83 86 65 45 50 41 28 88 27 64 79 51 57 25 47 39 29 21 72 63 87 29 93 90 21 24 74 40 37 26 36 85 86 88 63 18 28 35 85 76 84 26 8 46 20 91 11 69 22 86 22 28 39 74 26 41 42 70 0 42 88 3 32 69 45 53 89 82 38 46 84 20 1 3 73 90 0 98 53 60 91 34 41 22 93 24 72
40 58 67 86 53 98 92 70 87 77 11 81 58 72 100 33 31 4 99 85 19 64 32 75 4 10 53 78 38 77 18 22 41 17 10 28 35 5 65 92 42 86 89 78 22 59 48 44 21 69 27 53 15 30 36 76 69 8 74 9 37 0 88 33 43 99 15 12 65 70 54 76 11 16 20 88 61 83 10 41 86 77 50 100 68 63 67 85 22 18 1 84 95 97 17 76 45 16 15 67 39 5 9 93 44 7 27 32 62 15 94 85 96 44 43 73 46 94 92 21 98 0 60 22 20 59 46 93 25 1 17
43 83 79 68 21 70 53 91 53 1 98 58 27 93 15 24 74 74 58 39 8 41 91 56 26 79 0 6 76 41 48 30 86 66 29 22 49 55 100 69 35 80 66 1 71 57 90 67 26 45 38 7 63 47 93 66 34 32 70 12 51 9 79 28 42 81 1 1 33 51 85 4 18 93 2 70 80 44 23 30 18 64 71 28 43 6 83 59 19 86 51 48 7 36 60 46 26 12 39 91 71 55 93 84 11 32 89 51 56 84 83 60 73 4 19 37 30 24 53 57 53 60 0 26 49 41 39 88 96 25 24
87 21 26 63 18 73 61 83 9 12 84 54 29 29 40 68 77 15 30 40 96 77 93 71 49 7 5 81 26 98 29 2 61 65 75 32 61 87 39 93 4 39 69 96 57 32 65 51 42 18 87 48 34 11 39 59 83 36 94 45 32 0 35 17 45 70 44 41 68 48 68 93 89 30 8 70 58 23 11 88 62 32 14 1 70 10 99 93 78 75 89 41 68 83 25 47 62 64 33 6 94 65 59 75 94 15 92 16 26 74 92 94 56 2 16 94 53 35 50 48 60 22 26 0 85 59 12 52 89 92 93
26 66 73 37 38 46 38 97 97 35 40 57 88 16 29 63 27 8 83 19 27 2 10 16 57 88 38 41 82 97 25 22 75 55 79 34 94 86 80 3 91 86 59 0 33 20 6 31 77 89 0 45 50 61 89 40 65 14 14 57 48 12 59 14 41 84 4 69 54 2 21 17 55 26 29 6 61 84 16 63 60 46 77 56 28 60 66 39 28 4 64 1 57 33 70 24 65 35 1 25 50 58 5 73 38 96 72 63 87 63 77 52 21 73 19 26 86 31 51 75 91 20 49 85 0 41 16 35 54 63 21
86 6 82 73 63 18 40 82 60 7 67 0 19 53 52 97 32 41 59 63 85 14 52 18 79 54 32 2 59 22 16 38 55 97 58 98 34 23 3 2 19 64 39 0 84 5 61 95 31 42 79 84 79 15 0 93 60 15 85 23 87 82 70 52 32 52 80 54 10 6 73 99 21 54 18 58 96 17 70 53 16 13 63 64 21 91 34 73 68 25 45 56 57 98 75 71 38 59 25 53 77 78 19 42 50 20 2 39 18 17 57 28 5 7 39 11 93 95 68 36 34 59 41 59 41 0 68 52 80 83 30
81 61 82 24 38 7 34 61 50 49 86 88 47 78 92 50 86 4 81 35 98 8 22 39 3 99 76 61 82 52 63 18 88 68 37 99 63 92 14 56 41 24 90 20 9 39 23 67 100 22 61 7 49 9 35 9 81 47 38 24 17 45 77 89 93 65 83 29 92 46 88 65 6 1 36 4 58 15 58 49 61 81 71 85 85 89 33 87 61 77 9 52 45 29 45 74 45 45 50 41 50 87 92 62 77 71 24 94 34 21 76 47 87 99 91 84 37 2 47 54 41 46 39 12 16 68 0 88 20 64 3
46 26 53 82 77 51 7 1 100 7 17 23 8 15 73 12 14 72 3 63 89 76 72 66 74 14 85 95 61 28 67 99 86 90 1 4 79 67 77 89 72 0 50 67 42 46 91 39 10 37 6 70 41 13 29 23 77 41 24 60 10 38 78 57 22 1 15 51 41 73 9 49 44 46 91 36 27 95 57 42 9 60 95 41 62 3 45 56 70 58 44 10 51 42 43 81 67 76 42 1 5 59 20 32 99 66 50 35 64 86 13 37 85 95 31 68 73 76 24 30 22 93 88 52 35 52 88 0 90 37 67
93 0 35 50 9 78 47 25 97 62 5 46 23 92 60 27 26 55 62 1 8 4 41 57 86 6 0 62 63 11 77 69 31 93 84 38 40 29 60 96 22 68 79 54 94 72 90 4 37 94 58 62 81 28 42 71 68 80 82 80 80 66 6 89 84 8 11 97 74 18 50 56 77 42 34 1 68 1 51 6 23 26 83 21 2 7 55 71 57 33 49 24 56 58 10 37 58 23 50 82 23 92 21 97 2 62 100 13 92 68 39 7 86 82 54 14 79 88 7 31 93 25 96 89 54 80 20 90 0 60 12
5 51 97 20 21 27 42 98 33 99 37 60 88 37 67 25 30 9 65 57 75 69 85 64 4 4 66 9 50 42 89 23 37 36 17 67 44 55 71 95 55 16 5 19 69 30 53 42 61 56 7 77 30 67 28 14 22 49 76 82 49 0 2 21 13 42 69 59 22 66 21 83 31 42 7 56 71 7 30 4 72 25 26 66 25 50 56 95 68 66 36 24 97 44 94 87 21 90 22 21 93 62 15 79 78 70 61 17 89 77 5 97 32 11 43 46 23 63 83 15 24 1 25 92 63 83 64 37 60 0 30
63 75 94 17 80 22 82 95 25 100 95 22 41 29 87 31 28 97 18 98 5 14 21 24 15 33 94 25 33 14 45 79 81 97 42 63 31 45 19 28 94 13 71 48 82 26 42 1 70 68 11 7 71 0 53 9 62 37 31 57 52 39 99 3 12 51 83 54 84 67 42 30 88 94 14 63 55 21 65 100 64 91 56 39 100 88 56 77 28 65 26 13 98 59 32 93 81 16 45 28 9 25 63 20 51 3 46 36 20 95 65 66 46 1 78 27 96 13 60 80 72 17 24 93 21 30 3 67 12 30 0
