135 7
72 9 20 96 91 35 53 41 22 50 92 53 70 53 58 37 85 70 81 76 60 62 7 34 47 50 40 22 50 2 30 73 100 44 90 34 90 76 9 46 8 57 15 23 31 34 33 71 53 27 17 48 4 63 6 82 36 89 22 72 97 63 97 42 98 69 32 82 40 10 71 19 96 47 0 51 5 34 79 37 59 36 73 11 45 45 60 59 62 64 13 92 19 23 70 30 48 11 31 67 42 61 50 66 64 86 68 44 31 32 11 38 98 36 31 11 11 99 23 22 76 39 93 67 32 43 27 81 86 27 37 15 96 89 4
0 33 2 100 6 27 53 100 72 79 38 94 97 72 19 36 88 39 72 51 87 22 8 69 99 66 28 32 57 30 8 36 100 55 65 43 80 80 23 65 43 96 68 25 69 28 72 32 7 15 98 76 55 89 12 7 63 100 80 37 71 84 43 75 89 65 60 42 11 5 28 17 7 16 68 21 11 56 21 3 56 93 84 53 54 81 60 87 23 59 84 31 57 26 68 1 76 10 53 9 29 61 34 53 46 13 47 64 45 33 50 57 75 84 13 80 68 11 45 95 17 60 29 99 43 62 86 16 29 86 77 90 45 49 64 36
33 0 4 42 19 44 66 83 87 9 30 41 19 74 26 6 1 12 67 51 74 37 22 16 39 96 6 40 98 44 88 53 16 47 95 0 35 68 3 58 94 36 6 82 25 68 49 73 18 54 15 43 82 20 86 44 21 6 48 6 0 86 51 6 37 73 76 21 85 52 9 21 68 16 31 79 23 72 28 34 22 20 23 52 61 84 96 12 19 36 42 63 71 72 13 42 30 43 63 22 49 15 93 58 49 58 96 26 22 64 96 4 31 17 49 1 54 51 84 2 27 100 71 82 63 63 97 59 3 34 34 24 90 99 34 38
2 4 0 87 73 11 19 91 94 60 82 81 87 14 25 28 5 27 1 36 74 18 86 97 42 1 43 97 79 21 74 93 67 36 12 19 24 62 40 70 56 38 95 39 95 45 7 92 48 64 54 6 34 8 92 59 5 17 41 35 41 5 42 47 24 50 55 45 35 28 14 70 77 49 81 94 68 43 56 67 72 20 66 72 35 88 55 45 4 98 60 53 84 66 37 23 28 37 27 51 75 89 6 83 3 48 21 57 28 25 7 70 27 65 2 37 70 83 66 20 0 86 36 17 84 22 39 99 88 99 20 55 75 100 6 87
100 42 87 0 41 0 62 77 77 36 63 74 64 80 76 61 56 81 30 54 3 77 28 93 29 24 78 5 99 99 99 78 9 37 2 69 12 21 37 49 4 13 30 63 22 63 74 67 8 68 51 3 21 20 44 93 5 44 3 86 59 2 52 20 95 92 53 58 84 94 69 48 62 83 86 80 83 80 29 5 63 61 20 86 26 45 0 3 88 55 67 43 27 10 78 83 7 14 82 6 60 67 56 58 27 97 66 61 24 89 89 49 77 95 57 25 85 79 72 100 18 61 51 30 82 15 91 65 47 39 35 98 86 1 18 5
6 19 73 41 0 15 39 1 26 18 80 18 86 37 89 85 18 25 49 54 71 8 18 49 31 72 93 39 33 68 44 56 44 72 62 62 95 70 30 59 78 96 26 80 49 18 23 72 4 70 67 92 75 38 31 11 2 84 92 87 92 25 54 61 56 34 99 8 15 20 99 80 32 36 75 40 82 41 18 34 94 34 88 41 7 40 94 21 52 25 31 71 32 75 67 22 26 22 79 39 67 65 2 42 97 22 31 82 81 50 15 24 34 48 42 39 5 67 52 80 5 6 17 60 62 44 24 61 67 100 76 10 63 22 68 9
27 44 11 0 15 0 42 18 39 71 47 22 17 61 84 34 86 44 89 42 19 65 74 97 57 43 96 80 41 68 18 66 33 42 13 55 83 33 6 1 59 24 97 57 61 36 1 4 67 44 38 7 84 16 21 34 99 14 62 32 19 56 89 48 87 86 89 44 73 16 27 23 38 87 9 37 78 44 30 44 13 97 57 2 70 0 83 25 13 66 37 46 7 7 57 19 79 82 32 89 85 54 7 95 86 32 88 4 55 77 2 6 68 42 80 12 63 83 13 37 93 95 58 12 7 66 74 45 88 50 88 27 71 38 68 58
53 66 19 62 39 42 0 30 47 64 21 49 75 37 43 87 27 84 35 81 53 19 14 43 89 41 12 49 3 65 12 20 95 60 21 2 36 1 18 40 11 93 57 28 70 81 69 64 63 71 13 39 42 28 75 74 97 97 13 81 89 13 41 44 52 60 15 19 90 35 77 98 99 51 37 54 26 50 72 90 46 60 5 83 10 57 95 4 72 95 85 52 11 31 59 22 2 49 50 38 26 77 1 65 81 81 69 100 32 35 64 27 23 45 46 66 19 78 87 55 83 80 42 14 5 87 63 16 23 19 64 18 13 9 63 87
100 83 91 77 1 18 30 0 94 15 21 72 47 91 25 87 12 46 10 5 54 34 57 49 26 58 65 19 58 41 39 48 31 69 54 86 30 26 57 52 24 46 39 6 12 6 81 87 31 94 24 37 20 33 11 52 53 6 79 70 35 42 47 60 60 61 81 60 56 37 79 92 32 25 37 40 82 13 2 89 35 27 6 57 84 29 28 94 48 34 58 59 39 67 36 52 64 77 23 86 21 56 32 77 87 33 74 76 95 10 33 63 52 83 26 69 7 28 16 77 63 94 36 20 45 8 61 24 62 90 21 49 62 93 12 70
72 87 94 77 26 39 47 94 0 92 88 80 84 38 16 4 73 92 35 93 28 94 75 99 25 63 14 45 8 40 72 55 98 92 68 63 8 83 98 62 25 42 21 85 66 97 39 39 38 11 75 1 22 70 22 38 15 45 47 96 43 100 56 89 14 28 39 74 44 95 22 89 35 79 12 26 39 47 12 7 6 0 22 82 97 56 75 53 38 69 40 83 2 22 38 38 4 51 83 72 92 42 42 15 7 46 30 94 100 16 66 51 91 46 94 55 60 16 14 37 49 67 22 41 52 84 30 56 25 54 52 2 89 4 67 78
79 9 60 36 18 71 64 15 92 0 91 94 20 98 88 10 29 91 21 3 37 21 35 84 17 48 56 34 61 75 67 99 52 89 8 52 62 74 79 28 12 99 65 12 63 98 45 78 7 64 20 36 98 52 20 75 41 71 77 43 23 41 70 62 74 72 48 33 76 97 64 69 92 99 55 17 4 55 97 2 90 78 42 52 75 1 98 5 39 56 11 51 8 22 51 11 90 22 2 78 7 53 82 27 89 97 80 60 81 48 65 31 6 46 97 0 59 56 29 54 67 55 25 97 86 2 6 5 74 9 37 79 27 46 24 17
38 30 82 63 80 47 21 21 88 91 0 73 64 91 47 1 80 51 36 4 36 19 13 97 15 39 61 89 15 45 85 20 19 14 0 26 88 26 12 99 29 87 69 46 82 40 67 66 99 74 75 33 21 13 53 77 35 35 27 83 41 35 85 64 78 21 84 81 91 67 64 90 66 74 8 21 9 90 26 46 78 30 8 52 53 69 77 34 93 59 15 39 36 35 55 35 82 74 1 43 56 82 44 83 95 95 55 11 41 1 23 16 59 51 5 93 19 36 45 46 26 38 16 13 95 51 19 18 58 20 16 51 7 15 28 8
94 41 81 74 18 22 49 72 80 94 73 0 12 5 72 88 89 19 90 41 25 53 6 78 58 67 59 80 44 79 21 100 2 51 71 94 57 10 73 53 5 30 91 20 93 2 30 60 43 19 92 52 66 19 19 46 73 0 69 18 73 13 36 25 90 54 11 51 93 67 73 100 27 4 51 51 15 71 92 6 78 45 34 53 97 96 65 23 20 27 91 1 50 16 5 89 88 0 56 21 78 70 51 16 15 85 86 36 18 17 75 33 56 93 35 36 89 74 35 24 23 45 16 68 10 17 1 96 79 55 57 64 6 12 17 71
97 19 87 64 86 17 75 47 84 20 64 12 0 10 93 75 62 60 89 62 75 35 31 59 58 26 13 26 6 67 100 65 82 79 60 77 38 78 80 27 11 15 67 12 77 73 44 86 69 75 83 74 64 41 75 4 97 50 83 44 70 61 25 24 34 8 20 91 68 28 71 43 99 67 56 87 27 99 52 60 19 48 3 6 70 35 45 14 18 27 90 1 51 25 52 79 28 44 27 39 31 65 33 78 22 90 33 9 33 33 82 73 63 20 76 50 89 8 44 29 37 15 84 45 52 24 2 34 23 64 97 56 30 85 81 38
72 74 14 80 37 61 37 91 38 98 91 5 10 0 19 26 77 91 99 27 17 86 26 42 52 8 94 64 66 78 23 65 84 12 83 29 48 31 93 49 78 99 6 70 78 30 4 98 18 64 97 19 83 62 70 48 35 22 62 47 3 11 44 76 62 16 40 3 86 59 60 63 14 65 80 95 10 20 90 87 49 13 20 31 8 72 5 78 18 74 50 43 8 64 65 80 28 89 97 69 74 38 72 62 49 33 56 35 1 10 48 17 51 22 33 28 50 68 73 70 76 27 55 81 56 31 90 18 72 82 50 73 8 9 11 16
19 26 25 76 89 84 43 25 16 88 47 72 93 19 0 81 26 45 47 54 17 91 34 50 79 99 66 77 48 30 99 34 6 7 63 59 42 15 45 34 68 75 97 80 8 70 35 25 100 93 36 36 60 38 67 33 48 18 92 6 90 28 47 59 70 85 86 9 80 27 0 59 4 35 14 49 20 42 36 94 80 61 9 56 47 13 12 24 79 28 93 58 56 36 89 67 74 69 52 30 96 19 16 36 60 12 81 84 79 68 81 25 17 63 96 32 48 55 3 12 81 71 96 87 28 92 20 100 10 25 98 90 79 7 31 53
36 6 28 61 85 34 87 87 4 10 1 88 75 26 81 0 34 44 68 29 9 86 61 3 29 5 94 70 99 12 81 64 80 29 9 76 85 43 64 94 1 15 69 17 28 47 10 4 40 72 59 74 99 81 32 72 44 81 75 3 33 61 56 48 88 62 86 46 56 100 45 3 97 87 53 30 7 96 80 78 77 15 48 83 19 0 66 37 50 6 20 44 100 12 12 42 64 25 93 12 87 20 89 65 49 20 65 92 49 54 45 84 70 69 63 49 42 65 61 7 33 42 65 60 98 40 94 40 49 69 100 27 91 27 82 19
88 1 5 56 18 86 27 12 73 29 80 89 62 77 26 34 0 12 10 23 93 66 2 9 59 86 8 56 85 35 28 22 87 63 45 83 87 85 19 49 79 27 53 72 63 11 13 65 50 44 28 47 53 32 13 58 89 24 89 14 30 0 14 96 67 35 25 43 0 63 81 11 7 62 80 67 42 35 56 50 69 7 39 3 76 6 90 0 96 35 28 13 25 46 55 3 40 28 35 70 2 92 11 33 79 22 81 12 49 99 37 61 39 64 56 38 76 78 62 53 43 85 87 24 83 35 77 24 66 56 6 75 89 23 93 86
39 12 27 81 25 44 84 46 92 91 51 19 60 91 45 44 12 0 23 72 4 55 60 16 42 40 73 35 68 76 19 26 32 14 21 9 90 90 55 75 99 49 12 51 78 95 79 35 99 37 68 36 80 92 99 40 35 93 36 33 21 21 13 43 94 16 45 53 21 1 57 77 2 12 26 67 90 41 20 29 9 97 58 0 26 1 1 99 72 69 17 8 11 42 61 12 63 77 56 80 22 57 97 64 29 63 21 38 24 61 20 21 51 78 81 1 23 45 1 54 66 28 90 78 78 44 87 59 69 15 98 24 32 22 68 19
72 67 1 30 49 89 35 10 35 21 36 90 89 99 47 68 10 23 0 75 98 41 17 40 3 36 27 6 20 99 99 0 81 42 58 67 75 42 93 11 39 23 76 79 66 89 90 15 91 61 23 33 33 2 93 62 50 0 86 83 80 96 76 6 64 86 76 77 83 85 35 96 32 65 68 94 16 52 87 23 58 32 87 94 63 10 75 46 79 27 51 98 94 63 29 61 45 77 72 72 20 15 83 25 30 25 88 73 83 74 86 27 59 36 15 22 46 81 31 19 86 62 89 2 75 48 51 3 51 54 22 63 23 86 36 56
51 51 36 54 54 42 81 5 93 3 4 41 62 27 54 29 23 72 75 0 24 92 49 57 57 65 0 67 72 76 15 67 14 58 65 20 20 1 14 26 82 29 2 68 96 49 81 33 41 63 46 47 52 17 43 38 1 72 36 6 0 15 11 27 42 39 11 19 41 62 87 33 48 64 52 59 72 31 24 38 55 79 59 21 86 34 32 34 27 74 11 75 63 34 27 8 77 16 12 37 90 17 13 31 67 47 90 72 13 82 75 26 28 54 15 37 27 63 0 73 7 36 83 51 16 74 73 47 85 54 22 33 36 49 37 70
87 74 74 3 71 19 53 54 28 37 36 25 75 17 17 9 93 4 98 24 0 75 55 66 56 30 12 51 57 27 68 6 57 56 76 84 76 11 7 44 10 55 70 86 16 28 90 57 71 38 42 30 85 38 55 16 49 82 46 97 99 94 19 64 37 61 18 45 18 15 90 61 64 55 70 50 38 94 25 51 6 59 23 92 14 99 90 18 24 77 94 32 7 30 5 51 39 31 40 86 99 40 22 72 17 89 42 25 60 31 46 92 56 87 91 42 11 68 77 28 29 16 47 68 40 3 30 57 57 74 36 19 80 39 94 22
22 37 18 77 8 65 19 34 94 21 19 53 35 86 91 86 66 55 41 92 75 0 81 81 15 97 97 31 38 97 50 56 98 14 26 61 69 7 88 60 32 14 24 54 30 56 16 88 77 66 93 85 24 43 86 47 41 93 56 6 85 68 65 62 43 71 1 63 73 28 4 76 89 91 33 43 70 51 20 17 99 26 96 50 44 59 68 57 35 55 83 65 60 56 21 59 14 74 41 75 10 43 56 0 20 3 20 87 94 6 71 85 93 84 4 3 90 4 81 65 70 86 67 62 10 27 38 35 63 100 64 93 35 74 24 23
8 22 86 28 18 74 14 57 75 35 13 6 31 26 34 61 2 60 17 49 55 81 0 45 65 68 97 23 86 44 78 51 19 75 46 30 28 6 31 72 26 39 44 76 79 40 57 86 19 39 3 0 10 68 43 77 12 24 57 42 7 26 60 38 77 79 12 38 96 18 51 88 26 85 42 62 92 7 79 3 69 41 94 26 9 81 16 75 82 99 95 75 73 34 88 65 82 14 92 3 53 11 14 12 4 26 27 6 75 85 89 53 40 99 9 84 32 61 30 36 93 44 37 29 23 97 42 80 81 19 2 72 38 50 75 8
69 16 97 93 49 97 43 49 99 84 97 78 59 42 50 3 9 16 40 57 66 81 45 0 26 19 97 69 37 87 86 47 50 64 71 43 84 91 54 20 80 34 50 30 39 86 34 48 74 24 59 18 10 44 22 37 13 53 44 20 100 60 76 38 17 52 90 20 15 14 56 43 95 64 79 70 75 47 100 87 73 18 1 51 35 55 78 73 2 49 25 73 51 81 0 28 0 6 11 32 44 4 0 28 44 27 47 87 20 58 80 76 33 16 96 27 2 19 89 18 53 19 18 8 0 55 91 86 32 22 13 18 28 36 12 89
99 39 42 29 31 57 89 26 25 17 15 58 58 52 79 29 59 42 3 57 56 15 65 26 0 66 22 42 16 4 16 26 75 81 15 71 10 43 52 40 25 94 92 28 26 40 84 5 84 70 47 69 77 70 66 92 85 3 58 41 11 96 29 95 75 36 52 55 28 41 16 97 35 87 12 86 11 57 35 16 54 84 83 17 38 76 0 29 89 96 77 13 14 0 32 70 39 23 74 31 41 25 28 86 44 26 79 100 71 15 11 52 90 22 8 70 6 48 92 6 2 42 50 20 48 4 5 70 36 31 16 97 3 69 64 97
66 96 1 24 72 43 41 58 63 48 39 67 26 8 99 5 86 40 36 65 30 97 68 19 66 0 94 97 48 3 21 100 61 1 84 89 76 65 45 24 78 99 40 47 38 42 25 51 71 91 38 42 93 10 75 50 82 84 36 70 19 66 100 91 39 90 87 6 31 71 21 58 67 76 34 41 2 34 62 25 54 87 2 83 80 95 100 34 69 88 24 92 10 15 83 83 24 85 50 80 12 85 76 17 5 67 63 44 31 53 72 21 77 16 63 100 82 19 34 68 12 77 41 87 79 14 57 49 43 7 81 58 44 62 68 71
28 6 43 78 93 96 12 65 14 56 61 59 13 94 66 94 8 73 27 0 12 97 97 97 22 94 0 43 59 53 35 7 23 1 62 13 35 78 64 37 21 0 30 11 49 68 17 28 45 2 72 78 9 58 84 16 4 95 86 38 52 51 14 44 68 58 27 100 41 51 8 60 33 3 75 61 71 57 71 26 76 23 4 6 13 53 37 30 44 4 90 71 11 42 78 26 15 10 48 7 18 10 91 77 12 89 90 94 65 59 17 42 7 40 45 72 45 81 45 57 17 15 60 74 51 55 94 14 40 27 5 68 17 9 66 49
32 40 97 5 39 80 49 19 45 34 89 80 26 64 77 70 56 35 6 67 51 31 23 69 42 97 43 0 2 80 0 80 76 59 86 43 82 0 98 32 80 23 44 38 57 65 2 36 51 56 82 87 74 18 60 46 6 38 9 36 33 71 76 59 93 9 18 67 1 45 93 4 51 3 25 11 55 98 78 47 58 68 95 38 99 93 79 57 95 51 10 70 75 23 66 44 80 40 100 32 83 75 91 17 84 98 40 35 0 31 54 24 29 69 32 23 94 80 2 2 2 47 70 42 9 33 60 55 50 90 41 6 75 47 96 27
57 98 79 99 33 41 3 58 8 61 15 44 6 66 48 99 85 68 20 72 57 38 86 37 16 48 59 2 0 15 74 13 54 31 7 13 17 34 1 61 15 63 46 94 56 56 28 97 43 66 75 86 18 8 3 3 76 29 19 37 30 33 64 9 70 2 75 40 16 90 82 49 48 49 54 6 93 36 12 50 41 91 89 8 30 71 44 78 64 50 30 26 30 42 4 98 75 89 30 43 43 28 92 71 81 70 24 43 96 61 42 42 56 11 81 4 5 86 61 0 6 47 75 14 96 50 29 50 44 69 79 50 14 18 4 6
30 44 21 99 68 68 65 41 40 75 45 79 67 78 30 12 35 76 99 76 27 97 44 87 4 3 53 80 15 0 91 12 77 73 27 69 36 5 69 57 63 33 25 6 46 35 25 100 27 85 67 18 30 61 55 24 52 1 97 82 1 73 25 56 62 56 36 38 100 17 37 50 61 3 84 77 46 12 9 76 72 62 29 86 30 97 85 81 56 5 68 35 77 41 63 32 30 50 17 53 57 11 36 44 42 43 51 89 5 28 76 63 81 57 7 78 44 62 55 71 82 96 52 61 12 91 69 32 16 96 21 75 13 82 54 88
8 88 74 99 44 18 12 39 72 67 85 21 100 23 99 81 28 19 99 15 68 50 78 86 16 21 35 0 74 91 0 91 58 60 7 79 86 61 46 71 8 48 48 2 4 49 74 2 35 14 34 67 44 89 30 33 67 51 54 13 65 86 99 6 62 57 76 57 40 58 5 68 8 41 56 30 78 9 12 26 80 83 77 10 82 68 30 63 28 29 13 50 30 34 7 54 3 72 34 13 30 44 77 63 78 72 4 1 73 39 53 71 8 97 11 15 68 0 99 75 54 50 13 48 99 74 70 72 39 71 91 69 47 79 21 86
36 53 93 78 56 66 20 48 55 99 20 100 65 65 34 64 22 26 0 67 6 56 51 47 26 100 7 80 13 12 91 0 43 0 56 83 51 65 55 34 34 52 36 21 10 61 71 88 3 45 3 29 20 63 19 0 10 76 37 25 57 76 98 21 85 29 46 28 43 22 7 57 81 93 11 70 36 36 49 51 36 32 70 39 95 12 42 93 38 15 99 78 95 1 51 51 65 45 36 55 18 37 84 69 39 3 35 90 48 64 38 75 11 41 63 98 52 51 66 78 67 93 97 86 25 97 50 81 3 27 68 75 32 19 78 65
100 16 67 9 44 33 95 31 98 52 19 2 82 84 6 80 87 32 81 14 57 98 19 50 75 61 23 76 54 77 58 43 0 70 65 74 16 100 3 20 90 92 19 75 20 30 11 69 4 34 35 91 6 69 24 8 100 58 75 68 21 31 91 79 15 37 91 83 3 81 23 50 23 10 85 83 32 59 47 86 81 49 49 42 95 66 43 31 82 34 92 8 88 7 89 79 47 54 86 98 92 77 62 81 39 79 95 13 75 6 70 35 50 9 90 49 24 76 11 4 1 87 90 15 78 60 85 0 82 41 73 25 99 83 91 19
55 47 36 37 72 42 60 69 92 89 14 51 79 12 7 29 63 14 42 58 56 14 75 64 81 1 1 59 31 73 60 0 70 0 56 45 65 82 38 59 57 61 67 100 88 2 87 91 94 70 26 8 80 70 2 66 4 16 29 79 64 43 97 4 42 40 23 86 3 39 77 67 59 91 75 74 48 32 56 53 41 87 18 69 100 89 34 29 51 23 73 35 80 99 42 34 43 70 92 34 90 93 44 11 19 84 8 44 11 95 10 5 100 52 56 51 90 0 96 54 20 26 18 96 8 31 61 14 81 51 87 9 78 10 64 81
65 95 12 2 62 13 21 54 68 8 0 71 60 83 63 9 45 21 58 65 76 26 46 71 15 84 62 86 7 27 7 56 65 56 0 28 58 96 15 19 42 45 29 87 36 3 3 81 64 8 10 86 52 62 29 44 38 34 98 78 36 36 16 17 4 40 98 2 63 90 23 74 9 25 8 0 1 50 5 73 83 36 82 58 59 34 24 89 32 16 90 43 59 13 49 66 52 61 38 90 58 63 10 30 79 85 88 61 86 40 47 67 30 93 60 82 32 44 91 17 72 49 82 15 51 30 38 13 35 61 20 22 59 23 7 76
43 0 19 69 62 55 2 86 63 52 26 94 77 29 59 76 83 9 67 20 84 61 30 43 71 89 13 43 13 69 79 83 74 45 28 0 9 64 1 40 5 24 0 84 21 0 19 47 22 71 61 84 27 53 79 81 19 92 89 38 71 32 75 63 8 98 46 91 96 83 40 40 20 8 15 61 4 78 39 21 43 54 18 100 18 42 42 27 27 70 42 77 94 96 52 2 100 73 34 4 24 50 99 79 79 93 29 52 92 68 57 2 50 47 32 41 79 7 59 21 37 3 52 85 62 2 27 87 24 12 76 88 18 41 22 57
80 35 24 12 95 83 36 30 8 62 88 57 38 48 42 85 87 90 75 20 76 69 28 84 10 76 35 82 17 36 86 51 16 65 58 9 0 34 69 72 36 71 44 57 76 61 100 69 92 61 43 44 29 23 87 33 88 57 94 3 98 97 36 77 52 36 4 78 95 90 84 81 51 11 31 73 61 28 76 16 18 62 12 34 87 67 24 86 70 60 70 1 0 66 21 8 22 2 22 84 49 13 0 80 71 70 6 91 9 91 75 55 99 71 20 62 82 27 87 77 68 23 47 50 46 43 82 29 23 8 30 70 42 24 84 6
80 68 62 21 70 33 1 26 83 74 26 10 78 31 15 43 85 90 42 1 11 7 6 91 43 65 78 0 34 5 61 65 100 82 96 64 34 0 66 25 77 99 54 30 99 21 96 74 50 56 84 80 80 2 99 24 37 47 73 52 62 71 84 93 15 73 95 39 3 93 73 13 5 82 1 61 5 31 91 54 3 3 22 16 35 92 88 93 6 8 9 64 30 28 25 2 75 51 68 78 66 64 68 44 27 100 95 46 3 77 10 21 39 56 62 49 44 26 48 45 24 95 4 23 38 45 42 78 13 53 57 10 4 17 6 48
23 3 40 37 30 6 18 57 98 79 12 73 80 93 45 64 19 55 93 14 7 88 31 54 52 45 64 98 1 69 46 55 3 38 15 1 69 66 0 42 96 65 78 85 4 89 19 76 49 48 13 63 100 76 18 98 64 35 16 63 69 23 8 90 51 15 31 85 79 52 6 44 17 64 51 68 6 52 14 28 68 4 84 38 6 18 65 31 5 12 99 3 7 82 68 56 63 5 79 56 32 27 20 92 29 14 35 71 84 21 84 81 19 24 48 68 48 80 81 59 98 19 87 77 89 69 14 21 54 32 57 51 60 9 41 28
65 58 70 49 59 1 40 52 62 28 99 53 27 49 34 94 49 75 11 26 44 60 72 20 40 24 37 32 61 57 71 34 20 59 19 40 72 25 42 0 83 4 31 80 20 98 51 84 87 52 42 10 93 13 24 11 10 8 70 38 9 55 63 84 68 64 34 84 35 69 83 58 83 67 22 84 97 55 16 55 15 42 11 53 54 67 60 45 72 1 45 58 90 89 51 64 68 75 70 7 80 46 61 21 71 72 54 21 22 11 43 91 86 81 18 51 78 100 39 57 80 41 59 11 43 0 46 73 100 30 87 89 87 73 70 35
43 94 56 4 78 59 11 24 25 12 29 5 11 78 68 1 79 99 39 82 10 32 26 80 25 78 21 80 15 63 8 34 90 57 42 5 36 77 96 83 0 94 63 36 7 46 7 16 3 48 9 36 82 87 79 66 42 59 41 26 36 59 47 50 30 12 17 59 60 63 11 21 4 22 60 75 40 61 51 31 33 36 8 16 35 45 30 15 94 64 7 13 53 1 34 72 73 16 57 50 94 21 21 2 22 67 2 82 84 15 65 94 88 37 56 70 53 73 87 73 29 56 63 45 44 58 65 42 22 38 75 12 86 16 96 38
96 36 38 13 96 24 93 46 42 99 87 30 15 99 75 15 27 49 23 29 55 14 39 34 94 99 0 23 63 33 48 52 92 61 45 24 71 99 65 4 94 0 63 95 58 34 59 81 63 12 46 18 92 69 100 100 76 66 97 87 48 34 99 21 7 59 89 53 21 74 67 100 11 42 53 80 1 57 62 54 60 88 76 12 30 88 76 37 66 61 93 16 72 90 0 51 35 17 48 28 67 12 56 1 19 98 54 19 20 50 57 52 80 30 79 10 85 59 41 51 2 18 96 20 85 34 13 85 96 36 18 22 80 55 22 16
68 6 95 30 26 97 57 39 21 65 69 91 67 6 97 69 53 12 76 2 70 24 44 50 92 40 30 44 46 25 48 36 19 67 29 0 44 54 78 31 63 63 0 52 55 44 69 100 92 67 50 97 24 39 7 63 62 3 14 36 15 99 6 7 66 36 54 61 6 61 15 90 61 24 4 73 0 17 56 1 63 23 2 19 38 90 62 25 5 64 30 47 91 42 47 41 40 96 20 5 67 98 42 75 2 9 7 78 83 11 82 16 88 96 6 53 49 65 83 15 85 56 13 86 7 34 35 34 36 17 13 95 2 78 47 10
25 82 39 63 80 57 28 6 85 12 46 20 12 70 80 17 72 51 79 68 86 54 76 30 28 47 11 38 94 6 2 21 75 100 87 84 57 30 85 80 36 95 52 0 84 97 39 36 1 91 7 69 64 10 85 9 26 76 94 47 88 23 38 25 24 29 27 98 80 34 55 47 3 99 50 3 60 11 19 48 1 45 5 74 30 91 47 6 52 21 86 46 50 68 10 90 27 64 12 24 66 38 76 54 92 57 79 11 18 43 5 99 38 50 89 74 47 87 59 70 72 70 5 59 30 57 73 44 16 70 55 19 71 77 66 10
69 25 95 22 49 61 70 12 66 63 82 93 77 78 8 28 63 78 66 96 16 30 79 39 26 38 49 57 56 46 4 10 20 88 36 21 76 99 4 20 7 58 55 84 0 70 53 96 90 26 77 37 37 70 10 67 10 91 51 37 97 31 37 27 0 79 24 96 45 68 61 51 77 2 66 46 42 64 12 81 68 94 81 10 15 76 36 6 32 53 21 84 84 18 34 42 10 70 90 4 7 80 75 43 96 75 25 60 72 54 0 74 6 3 57 45 7 16 21 7 24 33 82 26 58 15 67 53 3 11 20 53 81 1 83 43
28 68 45 63 18 36 81 6 97 98 40 2 73 30 70 47 11 95 89 49 28 56 40 86 40 42 68 65 56 35 49 61 30 2 3 0 61 21 89 98 46 34 44 97 70 0 6 48 64 89 76 59 88 68 92 42 12 2 12 54 64 60 45 53 26 85 28 43 66 71 90 74 85 71 59 79 99 60 90 70 9 19 6 41 63 97 99 87 1 42 48 81 1 5 81 3 97 98 28 82 28 73 46 51 84 84 17 72 65 85 42 43 5 50 51 84 10 84 38 82 4 18 47 34 94 37 36 63 91 71 92 81 53 25 56 43
72 49 7 74 23 1 69 81 39 45 67 30 44 4 35 10 13 79 90 81 90 16 57 34 84 25 17 2 28 25 74 71 11 87 3 19 100 96 19 51 7 59 69 39 53 6 0 98 92 9 28 7 98 77 52 50 37 64 33 8 37 47 10 100 13 76 28 80 27 94 11 45 25 59 97 22 19 29 13 33 11 1 99 78 60 66 62 84 20 70 99 40 69 34 12 97 80 33 26 8 96 16 91 41 91 91 34 23 67 15 74 80 6 76 88 8 36 51 98 5 87 9 84 44 54 62 89 52 9 24 60 80 91 58 70 61
32 73 92 67 72 4 64 87 39 78 66 60 86 98 25 4 65 35 15 33 57 88 86 48 5 51 28 36 97 100 2 88 69 91 81 47 69 74 76 84 16 81 100 36 96 48 98 0 94 59 36 88 22 51 61 81 36 25 44 4 43 61 8 33 74 67 10 31 77 46 40 48 22 72 80 4 52 6 29 90 12 100 38 6 88 52 0 0 32 83 22 25 56 77 73 9 6 39 67 18 88 83 20 30 76 14 66 19 51 46 91 26 50 50 16 86 26 75 14 77 86 96 31 29 65 30 83 36 87 82 73 0 82 9 44 78
7 18 48 8 4 67 63 31 38 7 99 43 69 18 100 40 50 99 91 41 71 77 19 74 84 71 45 51 43 27 35 3 4 94 64 22 92 50 49 87 3 63 92 1 90 64 92 94 0 75 57 73 30 36 49 20 20 100 31 26 8 98 27 59 27 86 17 47 82 36 1 83 89 62 0 67 54 5 11 78 94 11 64 67 25 97 73 66 48 9 22 81 83 8 57 78 11 60 58 39 41 40 85 48 93 85 39 9 29 76 28 69 20 28 62 76 8 78 77 47 8 56 29 5 43 39 12 63 37 7 32 6 16 62 100 67
15 54 64 68 70 44 71 94 11 64 74 19 75 64 93 72 44 37 61 63 38 66 39 24 70 91 2 56 66 85 14 45 34 70 8 71 61 56 48 52 48 12 67 91 26 89 9 59 75 0 39 95 54 2 44 99 93 51 16 66 17 9 10 77 90 24 54 83 99 63 62 50 60 37 35 31 31 8 0 47 85 73 42 58 19 33 81 36 29 27 62 97 43 14 13 47 53 56 81 77 46 17 5 68 94 92 54 34 51 17 88 47 67 40 77 69 99 80 79 48 82 76 48 14 89 83 35 65 27 27 29 1 25 96 73 27
98 15 54 51 67 38 13 24 75 20 75 92 83 97 36 59 28 68 23 46 42 93 3 59 47 38 72 82 75 67 34 3 35 26 10 61 43 84 13 42 9 46 50 7 77 76 28 36 57 39 0 67 38 79 28 59 58 38 18 43 8 54 44 1 38 64 58 85 1 81 44 29 37 82 85 17 3 63 67 49 47 92 91 42 87 100 13 24 12 36 24 68 10 33 78 34 37 14 37 91 62 37 0 45 88 35 70 93 53 95 34 7 39 98 27 61 45 96 5 74 82 34 12 61 43 73 75 32 32 17 85 28 13 22 8 99
76 43 6 3 92 7 39 37 1 36 33 52 74 19 36 74 47 36 33 47 30 85 0 18 69 42 78 87 86 18 67 29 91 8 86 84 44 80 63 10 36 18 97 69 37 59 7 88 73 95 67 0 82 98 13 60 22 56 57 37 40 3 42 99 62 0 98 19 95 69 12 16 34 15 66 2 87 26 2 5 43 86 13 85 65 5 22 4 35 40 36 3 68 25 70 73 0 5 29 6 98 18 23 42 54 89 25 83 30 39 70 97 51 74 58 58 62 2 9 46 64 94 100 27 54 31 14 77 10 3 24 88 11 11 60 91
55 82 34 21 75 84 42 20 22 98 21 66 64 83 60 99 53 80 33 52 85 24 10 10 77 93 9 74 18 30 44 20 6 80 52 27 29 80 100 93 82 92 24 64 37 88 98 22 30 54 38 82 0 89 46 17 35 58 79 20 50 83 10 93 35 60 20 72 88 18 23 8 55 44 4 57 6 16 71 86 83 52 23 44 31 88 55 72 23 51 29 68 36 33 93 11 30 30 70 5 29 88 86 38 54 87 56 94 13 19 12 97 78 6 3 50 43 42 75 72 17 76 89 19 67 73 73 88 86 66 27 22 31 56 14 24
89 20 8 20 38 16 28 33 70 52 13 19 41 62 38 81 32 92 2 17 38 43 68 44 70 10 58 18 8 61 89 63 69 70 62 53 23 2 76 13 87 69 39 10 70 68 77 51 36 2 79 98 89 0 89 100 49 32 40 24 27 12 1 48 81 98 30 58 22 27 47 8 8 7 91 39 58 56 46 23 45 79 67 21 41 40 77 64 31 73 99 7 20 76 46 69 55 73 82 67 31 55 68 79 89 2 58 36 96 31 46 4 4 59 95 83 38 83 40 53 18 80 90 49 73 62 95 58 30 36 95 77 63 83 67 56
12 86 92 44 31 21 75 11 22 20 53 19 75 70 67 32 13 99 93 43 55 86 43 22 66 75 84 60 3 55 30 19 24 2 29 79 87 99 18 24 79 100 7 85 10 92 52 61 49 44 28 13 46 89 0 67 44 82 58 53 55 20 21 71 2 95 53 21 59 81 3 51 9 45 73 19 3 91 8 71 10 81 64 86 73 83 82 20 92 63 55 71 17 3 48 3 58 42 43 88 56 71 82 69 44 51 17 6 7 66 46 23 10 10 92 13 89 48 53 42 32 76 36 75 98 44 34 83 9 91 14 95 22 100 37 47
7 44 59 93 11 34 74 52 38 75 77 46 4 48 33 72 58 40 62 38 16 47 77 37 92 50 16 46 3 24 33 0 8 66 44 81 33 24 98 11 66 100 63 9 67 42 50 81 20 99 59 60 17 100 67 0 30 50 1 96 98 40 33 82 35 99 38 82 37 26 31 35 49 12 69 94 44 5 16 59 42 5 13 64 67 36 34 90 35 77 38 53 19 48 4 61 20 99 68 20 72 70 48 73 25 15 92 34 40 33 73 4 51 23 34 20 60 37 67 70 84 66 100 86 2 88 98 5 66 88 75 54 23 57 99 92
63 21 5 5 2 99 97 53 15 41 35 73 97 35 48 44 89 35 50 1 49 41 12 13 85 82 4 6 76 52 67 10 100 4 38 19 88 37 64 10 42 76 62 26 10 12 37 36 20 93 58 22 35 49 44 30 0 42 74 87 51 72 63 16 81 96 43 5 55 12 92 11 99 93 94 76 28 59 97 14 99 53 83 10 12 42 83 64 34 58 9 63 63 46 65 7 45 1 37 6 6 100 0 46 4 47 28 16 52 11 50 35 35 18 85 74 89 49 98 35 48 44 84 72 9 74 80 95 41 97 43 65 20 83 50 54
100 6 17 44 84 14 97 6 45 71 35 0 50 22 18 81 24 93 0 72 82 93 24 53 3 84 95 38 29 1 51 76 58 16 34 92 57 47 35 8 59 66 3 76 91 2 64 25 100 51 38 56 58 32 82 50 42 0 19 49 52 32 29 3 51 60 78 27 32 50 45 79 1 94 94 55 85 38 70 28 53 55 75 67 81 25 59 0 66 83 81 54 83 51 17 86 14 91 3 79 11 93 29 27 77 77 82 30 48 70 88 91 64 33 12 22 27 84 29 44 11 60 47 76 74 10 20 87 17 82 33 46 73 24 52 77
80 48 41 3 92 62 13 79 47 77 27 69 83 62 92 75 89 36 86 36 46 56 57 44 58 36 86 9 19 97 54 37 75 29 98 89 94 73 16 70 41 97 14 94 51 12 33 44 31 16 18 57 79 40 58 1 74 19 0 87 32 28 82 22 3 54 24 7 82 61 60 89 10 34 19 2 57 29 31 44 5 4 41 44 19 76 85 80 2 70 35 80 21 70 88 40 96 62 56 36 100 32 24 76 66 8 18 72 53 27 29 22 72 8 87 13 16 84 71 82 68 81 25 81 54 90 47 58 38 52 79 80 96 89 22 88
37 6 35 86 87 32 81 70 96 43 83 18 44 47 6 3 14 33 83 6 97 6 42 20 41 70 38 36 37 82 13 25 68 79 78 38 3 52 63 38 26 87 36 47 37 54 8 4 26 66 43 37 20 24 53 96 87 49 87 0 6 50 56 32 19 10 24 41 26 5 87 55 61 13 47 25 27 67 63 47 71 3 40 75 56 33 59 29 9 78 15 69 84 39 75 52 46 60 75 3 14 60 44 60 55 26 44 47 51 39 78 15 71 37 90 45 60 13 73 43 79 69 19 89 64 58 18 17 14 9 81 64 4 2 75 87
71 0 41 59 92 19 89 35 43 23 41 73 70 3 90 33 30 21 80 0 99 85 7 100 11 19 52 33 30 1 65 57 21 64 36 71 98 62 69 9 36 48 15 88 97 64 37 43 8 17 8 40 50 27 55 98 51 52 32 6 0 41 49 45 41 31 47 87 12 57 26 92 12 70 15 28 54 21 25 24 88 16 70 38 42 62 79 73 29 38 15 20 38 6 89 4 15 89 77 28 57 64 20 66 99 22 96 86 99 38 53 43 85 42 15 50 82 77 76 0 72 44 43 21 48 100 10 65 88 4 38 65 15 4 98 75
84 86 5 2 25 56 13 42 100 41 35 13 61 11 28 61 0 21 96 15 94 68 26 60 96 66 51 71 33 73 86 76 31 43 36 32 97 71 23 55 59 34 99 23 31 60 47 61 98 9 54 3 83 12 20 40 72 32 28 50 41 0 98 15 93 57 5 48 24 43 82 96 7 64 93 92 4 81 2 80 60 81 15 54 90 40 37 5 65 58 76 90 62 14 69 92 43 9 33 64 48 67 42 7 8 17 87 34 71 49 73 89 42 30 88 33 87 47 51 59 58 61 70 33 47 89 10 100 73 41 59 15 77 71 36 68
43 51 42 52 54 89 41 47 56 70 85 36 25 44 47 56 14 13 76 11 19 65 60 76 29 100 14 76 64 25 99 98 91 97 16 75 36 84 8 63 47 99 6 38 37 45 10 8 27 10 44 42 10 1 21 33 63 29 82 56 49 98 0 52 33 91 29 3 55 2 21 50 78 77 27 83 31 34 69 15 89 88 68 16 28 33 87 55 51 28 65 94 91 73 89 66 63 99 91 76 5 21 79 96 30 74 11 97 74 77 28 7 12 90 97 16 78 42 39 7 75 25 31 19 2 13 45 48 78 49 11 51 26 95 96 81
75 6 47 20 61 48 44 60 89 62 64 25 24 76 59 48 96 43 6 27 64 62 38 38 95 91 44 59 9 56 6 21 79 4 17 63 77 93 90 84 50 21 7 25 27 53 100 33 59 77 1 99 93 48 71 82 16 3 22 32 45 15 52 0 26 88 6 56 72 22 10 16 79 4 71 24 14 99 14 51 21 41 41 58 2 94 66 85 65 76 3 30 60 39 76 94 65 44 31 64 17 61 99 56 63 98 89 8 35 81 44 1 72 22 13 95 28 64 62 98 75 86 52 60 84 64 48 92 88 46 10 40 95 58 100 48
89 37 24 95 56 87 52 60 14 74 78 90 34 62 70 88 67 94 64 42 37 43 77 17 75 39 68 93 70 62 62 85 15 42 4 8 52 15 51 68 30 7 66 24 0 26 13 74 27 90 38 62 35 81 2 35 81 51 3 19 41 93 33 26 0 12 76 37 29 95 10 61 78 27 87 10 4 56 56 8 70 45 94 51 100 57 83 7 88 28 55 10 38 72 93 59 100 50 49 27 17 24 29 13 5 1 65 81 1 44 31 42 25 36 92 7 97 71 82 44 27 78 85 36 1 91 25 8 84 43 64 10 94 100 5 60
65 73 50 92 34 86 60 61 28 72 21 54 8 16 85 62 35 16 86 39 61 71 79 52 36 90 58 9 2 56 57 29 37 40 40 98 36 73 15 64 12 59 36 29 79 85 76 67 86 24 64 0 60 98 95 99 96 60 54 10 31 57 91 88 12 0 80 71 23 18 48 12 33 20 36 14 78 0 100 69 60 76 22 56 16 47 54 17 29 17 75 55 59 90 7 48 76 75 23 19 23 31 67 26 99 94 79 91 28 31 34 74 10 35 41 55 38 97 13 99 9 45 42 45 11 48 97 71 46 16 29 100 58 86 74 3
60 76 55 53 99 89 15 81 39 48 84 11 20 40 86 86 25 45 76 11 18 1 12 90 52 87 27 18 75 36 76 46 91 23 98 46 4 95 31 34 17 89 54 27 24 28 28 10 17 54 58 98 20 30 53 38 43 78 24 24 47 5 29 6 76 80 0 81 1 75 62 41 61 28 59 60 13 65 10 79 25 89 12 89 91 72 16 8 93 27 28 72 55 5 49 10 68 53 41 40 95 51 50 40 80 9 42 96 51 59 48 79 46 56 95 24 21 34 36 85 84 25 29 90 71 60 45 38 34 49 68 48 95 33 84 85
42 21 45 58 8 44 19 60 74 33 81 51 91 3 9 46 43 53 77 19 45 63 38 20 55 6 100 67 40 38 57 28 83 86 2 91 78 39 85 84 59 53 61 98 96 43 80 31 47 83 85 19 72 58 21 82 5 27 7 41 87 48 3 56 37 71 81 0 25 69 75 97 12 37 32 20 30 81 78 80 52 40 65 84 17 80 24 8 81 49 0 11 0 67 69 41 89 93 95 63 76 77 8 65 61 46 47 58 56 82 84 30 83 79 47 83 14 90 40 56 78 48 67 87 45 56 57 74 7 9 17 25 2 80 78 47
11 85 35 84 15 73 90 56 44 76 91 93 68 86 80 56 0 21 83 41 18 73 96 15 28 31 41 1 16 100 40 43 3 3 63 96 95 3 79 35 60 21 6 80 45 66 27 77 82 99 1 95 88 22 59 37 55 32 82 26 12 24 55 72 29 23 1 25 0 41 48 82 3 3 43 67 87 53 78 92 44 45 58 36 38 56 93 66 81 17 2 95 70 21 75 28 42 39 89 47 64 87 22 58 20 88 46 20 29 19 79 8 14 77 48 46 86 88 17 63 18 97 35 52 100 26 74 0 77 12 13 84 52 75 0 81
5 52 28 94 20 16 35 37 95 97 67 67 28 59 27 100 63 1 85 62 15 28 18 14 41 71 51 45 90 17 58 22 81 39 90 83 90 93 52 69 63 74 61 34 68 71 94 46 36 63 81 69 18 27 81 26 12 50 61 5 57 43 2 22 95 18 75 69 41 0 63 31 76 99 44 53 11 92 41 93 10 7 85 54 28 83 23 37 59 4 58 96 18 9 73 80 90 48 8 10 30 33 72 31 11 73 73 53 88 70 22 52 41 8 36 8 1 88 38 30 11 90 30 42 76 86 98 82 78 49 35 36 52 48 95 8
28 9 14 69 99 27 77 79 22 64 64 73 71 60 0 45 81 57 35 87 90 4 51 56 16 21 8 93 82 37 5 7 23 77 23 40 84 73 6 83 11 67 15 55 61 90 11 40 1 62 44 12 23 47 3 31 92 45 60 87 26 82 21 10 10 48 62 75 48 63 0 0 49 28 74 49 14 66 72 61 64 23 4 9 21 58 32 55 96 93 100 54 78 21 31 4 30 74 54 64 92 61 27 78 18 51 89 6 32 61 34 56 45 74 77 62 63 92 59 57 17 79 26 44 25 9 95 0 91 31 9 33 10 26 96 74
17 21 70 48 80 23 98 92 89 69 90 100 43 63 59 3 11 77 96 33 61 76 88 43 97 58 60 4 49 50 68 57 50 67 74 40 81 13 44 58 21 100 90 47 51 74 45 48 83 50 29 16 8 8 51 35 11 79 89 55 92 96 50 16 61 12 41 97 82 31 0 0 75 42 92 0 46 28 15 30 43 13 24 33 75 72 3 19 45 61 15 88 1 85 54 38 38 89 45 16 15 56 88 79 19 26 84 81 58 87 12 59 82 100 19 87 70 10 19 38 64 15 4 40 69 18 8 53 54 31 55 85 72 68 90 68
7 68 77 62 32 38 99 32 35 92 66 27 99 14 4 97 7 2 32 48 64 89 26 95 35 67 33 51 48 61 8 81 23 59 9 20 51 5 17 83 4 11 61 3 77 85 25 22 89 60 37 34 55 8 9 49 99 1 10 61 12 7 78 79 78 33 61 12 3 76 49 75 0 16 95 19 81 42 78 13 47 89 41 14 22 19 50 50 41 66 70 79 7 15 100 16 22 43 56 31 79 99 85 86 76 61 40 11 80 34 88 86 43 8 39 22 24 21 73 73 89 97 87 90 56 52 30 8 30 60 46 96 90 53 77 47
16 16 49 83 36 87 51 25 79 99 74 4 67 65 35 87 62 12 65 64 55 91 85 64 87 76 3 3 49 3 41 93 10 91 25 8 11 82 64 67 22 42 24 99 2 71 59 72 62 37 82 15 44 7 45 12 93 94 34 13 70 64 77 4 27 20 28 37 3 99 28 42 16 0 12 6 61 81 22 22 91 47 23 69 81 7 35 0 78 40 89 8 98 86 59 72 33 63 70 87 85 78 98 53 90 64 84 34 31 19 39 5 21 45 90 70 31 22 37 69 51 47 75 44 17 49 15 96 37 47 27 27 69 50 35 77
68 31 81 86 75 9 37 37 12 55 8 51 56 80 14 53 80 26 68 52 70 33 42 79 12 34 75 25 54 84 56 11 85 75 8 15 31 1 51 22 60 53 4 50 66 59 97 80 0 35 85 66 4 91 73 69 94 94 19 47 15 93 27 71 87 36 59 32 43 44 74 92 95 12 0 3 78 44 79 68 9 9 58 18 12 5 95 3 93 79 15 79 36 64 4 42 80 53 79 68 52 68 86 68 22 79 96 45 39 6 23 74 74 99 16 38 45 61 73 85 31 32 81 68 30 28 14 45 16 57 89 11 25 98 96 12
21 79 94 80 40 37 54 40 26 17 21 51 87 95 49 30 67 67 94 59 50 43 62 70 86 41 61 11 6 77 30 70 83 74 0 61 73 61 68 84 75 80 73 3 46 79 22 4 67 31 17 2 57 39 19 94 76 55 2 25 28 92 83 24 10 14 60 20 67 53 49 0 19 6 3 0 62 48 71 75 98 71 94 81 42 39 18 30 83 1 100 23 5 38 77 52 91 68 80 23 98 59 64 44 87 22 33 88 85 81 97 49 89 92 21 59 83 26 49 16 44 9 69 86 22 62 18 1 49 57 96 28 75 41 89 89
11 23 68 83 82 78 26 82 39 4 9 15 27 10 20 7 42 90 16 72 38 70 92 75 11 2 71 55 93 46 78 36 32 48 1 4 61 5 6 97 40 1 0 60 42 99 19 52 54 31 3 87 6 58 3 44 28 85 57 27 54 4 31 14 4 78 13 30 87 11 14 46 81 61 78 62 0 25 32 100 9 89 98 80 39 93 89 80 76 15 77 97 33 25 47 27 11 89 99 14 38 88 98 5 89 15 9 4 78 43 85 93 80 88 59 71 89 66 75 75 92 23 1 89 71 13 60 57 39 13 28 65 29 10 57 64
56 72 43 80 41 44 50 13 47 55 90 71 99 20 42 96 35 41 52 31 94 51 7 47 57 34 57 98 36 12 9 36 59 32 50 78 28 31 52 55 61 57 17 11 64 60 29 6 5 8 63 26 16 56 91 5 59 38 29 67 21 81 34 99 56 0 65 81 53 92 66 28 42 81 44 48 25 0 86 65 60 1 3 6 19 22 30 75 87 7 75 12 51 60 100 93 60 10 40 33 53 99 14 41 61 15 77 71 9 59 52 9 70 3 55 6 97 15 79 14 39 43 6 28 17 57 32 28 21 34 92 25 57 85 22 49
21 28 56 29 18 30 72 2 12 97 26 92 52 90 36 80 56 20 87 24 25 20 79 100 35 62 71 78 12 9 12 49 47 56 5 39 76 91 14 16 51 62 56 19 12 90 13 29 11 0 67 2 71 46 8 16 97 70 31 63 25 2 69 14 56 100 10 78 78 41 72 15 78 22 79 71 32 86 0 8 60 61 40 35 31 78 90 21 82 35 70 23 75 29 30 37 11 29 33 39 71 4 87 71 2 44 98 55 100 45 90 34 0 89 10 97 14 17 50 80 8 12 6 74 24 78 82 0 78 88 99 48 2 68 42 4
3 34 67 5 34 44 90 89 7 2 46 6 60 87 94 78 50 29 23 38 51 17 3 87 16 25 26 47 50 76 26 51 86 53 73 21 16 54 28 55 31 54 1 48 81 70 33 90 78 47 49 5 86 23 71 59 14 28 44 47 24 80 15 51 8 69 79 80 92 93 61 30 13 22 68 75 100 65 8 0 11 38 60 40 3 0 71 4 100 13 32 70 3 43 58 73 59 13 31 23 97 88 42 53 49 12 68 72 87 59 86 41 27 86 13 80 72 31 74 22 77 60 2 6 15 93 41 18 45 96 68 98 82 7 25 10
56 22 72 63 94 13 46 35 6 90 78 78 19 49 80 77 69 9 58 55 6 99 69 73 54 54 76 58 41 72 80 36 81 41 83 43 18 3 68 15 33 60 63 1 68 9 11 12 94 85 47 43 83 45 10 42 99 53 5 71 88 60 89 21 70 60 25 52 44 10 64 43 47 91 9 98 9 60 60 11 0 11 78 38 1 72 45 1 27 17 61 31 86 26 10 78 24 93 45 42 49 53 76 49 13 35 33 40 75 53 73 48 6 65 77 72 68 22 4 38 50 22 49 23 97 14 64 31 4 24 28 54 40 9 31 40
93 20 20 61 34 97 60 27 0 78 30 45 48 13 61 15 7 97 32 79 59 26 41 18 84 87 23 68 91 62 83 32 49 87 36 54 62 3 4 42 36 88 23 45 94 19 1 100 11 73 92 86 52 79 81 5 53 55 4 3 16 81 88 41 45 76 89 40 45 7 23 13 89 47 9 71 89 1 61 38 11 0 51 2 70 45 87 35 99 44 69 8 24 41 46 43 53 0 88 84 92 63 31 79 27 36 54 37 67 35 59 27 15 86 0 74 78 94 74 50 58 51 36 24 33 82 0 41 39 58 53 0 72 78 40 55
84 23 66 20 88 57 5 6 22 42 8 34 3 20 9 48 39 58 87 59 23 96 94 1 83 2 4 95 89 29 77 70 49 18 82 18 12 22 84 11 8 76 2 5 81 6 99 38 64 42 91 13 23 67 64 13 83 75 41 40 70 15 68 41 94 22 12 65 58 85 4 24 41 23 58 94 98 3 40 60 78 51 0 83 75 22 93 3 91 15 7 51 51 25 64 17 73 45 21 50 33 81 41 15 97 21 59 23 74 11 90 76 3 46 17 25 48 23 51 31 74 50 88 35 68 19 53 74 96 80 61 69 77 64 7 14
53 52 72 86 41 2 83 57 82 52 52 53 6 31 56 83 3 0 94 21 92 50 26 51 17 83 6 38 8 86 10 39 42 69 58 100 34 16 38 53 16 12 19 74 10 41 78 6 67 58 42 85 44 21 86 64 10 67 44 75 38 54 16 58 51 56 89 84 36 54 9 33 14 69 18 81 80 6 35 40 38 2 83 0 31 63 20 85 57 7 77 18 54 52 4 55 76 86 100 42 73 21 34 46 66 34 26 96 8 50 47 54 87 98 38 74 0 32 68 95 4 95 27 73 46 75 20 69 14 50 45 27 84 16 64 16
54 61 35 26 7 70 10 84 97 75 53 97 70 8 47 19 76 26 63 86 14 44 9 35 38 80 13 99 30 30 82 95 95 100 59 18 87 35 6 54 35 30 38 30 15 63 60 88 25 19 87 65 31 41 73 67 12 81 19 56 42 90 28 2 100 16 91 17 38 28 21 75 22 81 12 42 39 19 31 3 1 70 75 31 0 0 60 73 65 88 77 66 69 1 6 70 34 36 98 87 46 91 31 57 94 28 87 65 5 94 59 94 3 68 40 57 79 46 58 90 81 41 6 48 22 91 90 52 10 24 77 82 83 18 35 96
81 84 88 45 40 0 57 29 56 1 69 96 35 72 13 0 6 1 10 34 99 59 81 55 76 95 53 93 71 97 68 12 66 89 34 42 67 92 18 67 45 88 90 91 76 97 66 52 97 33 100 5 88 40 83 36 42 25 76 33 62 40 33 94 57 47 72 80 56 83 58 72 19 7 5 39 93 22 78 0 72 45 22 63 0 0 91 34 45 97 7 97 69 46 58 27 30 73 70 72 40 18 47 92 48 42 72 92 4 80 37 17 82 92 88 88 27 5 93 91 83 67 63 4 89 50 72 97 48 88 10 93 60 94 74 59
60 96 55 0 94 83 95 28 75 98 77 65 45 5 12 66 90 1 75 32 90 68 16 78 0 100 37 79 44 85 30 42 43 34 24 42 24 88 65 60 30 76 62 47 36 99 62 0 73 81 13 22 55 77 82 34 83 59 85 59 79 37 87 66 83 54 16 24 93 23 32 3 50 35 95 18 89 30 90 71 45 87 93 20 60 91 0 53 38 86 54 47 80 58 61 36 62 57 29 54 39 33 58 84 56 73 100 68 92 50 37 40 51 12 54 65 90 67 74 100 70 68 94 25 27 32 60 99 8 51 10 89 67 69 29 35
87 12 45 3 21 25 4 94 53 5 34 23 14 78 24 37 0 99 46 34 18 57 75 73 29 34 30 57 78 81 63 93 31 29 89 27 86 93 31 45 15 37 25 6 6 87 84 0 66 36 24 4 72 64 20 90 64 0 80 29 73 5 55 85 7 17 8 8 66 37 55 19 50 0 3 30 80 75 21 4 1 35 3 85 73 34 53 0 96 77 10 2 86 13 52 53 56 20 83 82 17 37 29 89 36 80 90 27 34 68 16 12 47 31 72 54 43 75 68 22 91 24 1 96 53 18 89 93 85 32 27 12 84 16 12 80
23 19 4 88 52 13 72 48 38 39 93 20 18 18 79 50 96 72 79 27 24 35 82 2 89 69 44 95 64 56 28 38 82 51 32 27 70 6 5 72 94 66 5 52 32 1 20 32 48 29 12 35 23 31 92 35 34 66 2 9 29 65 51 65 88 29 93 81 81 59 96 45 41 78 93 83 76 87 82 100 27 99 91 57 65 45 38 96 0 96 24 83 32 38 48 2 12 79 66 31 30 32 73 46 33 82 75 8 37 12 87 43 37 91 33 26 63 39 81 93 94 78 84 81 90 67 88 0 34 86 72 38 65 25 33 15
59 36 98 55 25 66 95 34 69 56 59 27 27 74 28 6 35 69 27 74 77 55 99 49 96 88 4 51 50 5 29 15 34 23 16 70 60 8 12 1 64 61 64 21 53 42 70 83 9 27 36 40 51 73 63 77 58 83 70 78 38 58 28 76 28 17 27 49 17 4 93 61 66 40 79 1 15 7 35 13 17 44 15 7 88 97 86 77 96 0 35 79 21 41 7 59 2 58 17 29 64 72 52 93 5 10 97 42 76 65 30 29 49 80 55 30 75 24 38 91 46 48 86 89 54 5 48 83 45 22 7 16 61 33 23 2
84 42 60 67 31 37 85 58 40 11 15 91 90 50 93 20 28 17 51 11 94 83 95 25 77 24 90 10 30 68 13 99 92 73 90 42 70 9 99 45 7 93 30 86 21 48 99 22 22 62 24 36 29 99 55 38 9 81 35 15 15 76 65 3 55 75 28 0 2 58 100 15 70 89 15 100 77 75 70 32 61 69 7 77 77 7 54 10 24 35 0 33 71 58 64 16 94 81 25 80 13 94 68 22 90 81 42 40 38 94 86 44 58 13 26 2 49 82 54 43 60 24 53 19 63 92 76 74 73 61 26 0 83 20 39 87
31 63 53 43 71 46 52 59 83 51 39 1 1 43 58 44 13 8 98 75 32 65 75 73 13 92 71 70 26 35 50 78 8 35 43 77 1 64 3 58 13 16 47 46 84 81 40 25 81 97 68 3 68 7 71 53 63 54 80 69 20 90 94 30 10 55 72 11 95 96 54 88 79 8 79 23 97 12 23 70 31 8 51 18 66 97 47 2 83 79 33 0 5 87 47 91 14 38 33 43 57 11 62 52 49 10 100 9 62 48 64 5 93 35 35 13 77 98 2 60 97 33 65 32 87 62 93 12 77 11 28 60 97 72 4 95
57 71 84 27 32 7 11 39 2 8 36 50 51 8 56 100 25 11 94 63 7 60 73 51 14 10 11 75 30 77 30 95 88 80 59 94 0 30 7 90 53 72 91 50 84 1 69 56 83 43 10 68 36 20 17 19 63 83 21 84 38 62 91 60 38 59 55 0 70 18 78 1 7 98 36 5 33 51 75 3 86 24 51 54 69 69 80 86 32 21 71 5 0 6 31 8 86 18 100 58 5 12 54 65 52 35 51 61 90 45 51 84 60 30 39 97 59 88 86 13 41 78 51 61 46 17 65 64 23 69 77 39 3 23 93 33
26 72 66 10 75 7 31 67 22 22 35 16 25 64 36 12 46 42 63 34 30 56 34 81 0 15 42 23 42 41 34 1 7 99 13 96 66 28 82 89 1 90 42 68 18 5 34 77 8 14 33 25 33 76 3 48 46 51 70 39 6 14 73 39 72 90 5 67 21 9 21 85 15 86 64 38 25 60 29 43 26 41 25 52 1 46 58 13 38 41 58 87 6 0 21 4 77 2 73 68 44 58 47 61 65 57 55 74 53 85 21 40 41 76 71 26 94 60 66 94 11 80 65 27 12 45 31 91 8 80 80 95 93 33 4 77
68 13 37 78 67 57 59 36 38 51 55 5 52 65 89 12 55 61 29 27 5 21 88 0 32 83 78 66 4 63 7 51 89 42 49 52 21 25 68 51 34 0 47 10 34 81 12 73 57 13 78 70 93 46 48 4 65 17 88 75 89 69 89 76 93 7 49 69 75 73 31 54 100 59 4 77 47 100 30 58 10 46 64 4 6 58 61 52 48 7 64 47 31 21 0 41 49 20 14 87 36 87 79 30 26 20 60 10 43 10 39 29 36 55 11 43 14 76 55 58 10 41 24 99 92 49 17 13 79 85 63 20 5 59 19 78
1 42 23 83 22 19 22 52 38 11 35 89 79 80 67 42 3 12 61 8 51 59 65 28 70 83 26 44 98 32 54 51 79 34 66 2 8 2 56 64 72 51 41 90 42 3 97 9 78 47 34 73 11 69 3 61 7 86 40 52 4 92 66 94 59 48 10 41 28 80 4 38 16 72 42 52 27 93 37 73 78 43 17 55 70 27 36 53 2 59 16 91 8 4 41 0 70 95 50 40 34 57 41 49 67 85 2 99 37 31 14 5 17 25 56 71 77 92 10 99 37 67 0 60 43 40 52 7 38 9 63 96 44 89 17 96
76 30 28 7 26 79 2 64 4 90 82 88 28 28 74 64 40 63 45 77 39 14 82 0 39 24 15 80 75 30 3 65 47 43 52 100 22 75 63 68 73 35 40 27 10 97 80 6 11 53 37 0 30 55 58 20 45 14 96 46 15 43 63 65 100 76 68 89 42 90 30 38 22 33 80 91 11 60 11 59 24 53 73 76 34 30 62 56 12 2 94 14 86 77 49 70 0 43 43 83 18 66 77 31 37 52 46 40 33 92 57 88 90 54 72 55 70 46 61 92 38 80 73 21 30 99 66 72 8 43 15 80 47 53 17 71
10 43 37 14 22 82 49 77 51 22 74 0 44 89 69 25 28 77 77 16 31 74 14 6 23 85 10 40 89 50 72 45 54 70 61 73 2 51 5 75 16 17 96 64 70 98 33 39 60 56 14 5 30 73 42 99 1 91 62 60 89 9 99 44 50 75 53 93 39 48 74 89 43 63 53 68 89 10 29 13 93 0 45 86 36 73 57 20 79 58 81 38 18 2 20 95 43 0 16 46 54 59 61 78 44 70 59 50 23 38 98 32 87 55 60 64 100 64 44 26 26 25 7 36 93 13 53 84 35 62 15 16 77 34 56 93
53 63 27 82 79 32 50 23 83 2 1 56 27 97 52 93 35 56 72 12 40 41 92 11 74 50 48 100 30 17 34 36 86 92 38 34 22 68 79 70 57 48 20 12 90 28 26 67 58 81 37 29 70 82 43 68 37 3 56 75 77 33 91 31 49 23 41 95 89 8 54 45 56 70 79 80 99 40 33 31 45 88 21 100 98 70 29 83 66 17 25 33 100 73 14 50 43 16 0 72 65 59 93 82 32 47 42 69 64 23 11 99 24 56 62 64 48 78 94 60 19 66 86 34 53 17 37 67 59 61 45 56 31 94 69 36
9 22 51 6 39 89 38 86 72 78 43 21 39 69 30 12 70 80 72 37 86 75 3 32 31 80 7 32 43 53 13 55 98 34 90 4 84 78 56 7 50 28 5 24 4 82 8 18 39 77 91 6 5 67 88 20 6 79 36 3 28 64 76 64 27 19 40 63 47 10 64 16 31 87 68 23 14 33 39 23 42 84 50 42 87 72 54 82 31 29 80 43 58 68 87 40 83 46 72 0 15 1 71 46 74 84 73 45 63 62 36 87 83 89 67 55 70 97 28 97 19 8 28 85 46 39 87 97 14 26 36 61 52 96 42 21
29 49 75 60 67 85 26 21 92 7 56 78 31 74 96 87 2 22 20 90 99 10 53 44 41 12 18 83 43 57 30 18 92 90 58 24 49 66 32 80 94 67 67 66 7 28 96 88 41 46 62 98 29 31 56 72 6 11 100 14 57 48 5 17 17 23 95 76 64 30 92 15 79 85 52 98 38 53 71 97 49 92 33 73 46 40 39 17 30 64 13 57 5 44 36 34 18 54 65 15 0 8 100 78 35 94 71 0 61 39 71 16 58 89 68 44 17 72 64 57 83 9 65 90 27 27 39 56 87 69 39 55 10 65 22 15
61 15 89 67 65 54 77 56 42 53 82 70 65 38 19 20 92 57 15 17 40 43 11 4 25 85 10 75 28 11 44 37 77 93 63 50 13 64 27 46 21 12 98 38 80 73 16 83 40 17 37 18 88 55 71 70 100 93 32 60 64 67 21 61 24 31 51 77 87 33 61 56 99 78 68 59 88 99 4 88 53 63 81 21 91 18 33 37 32 72 94 11 12 58 87 57 66 59 59 1 8 0 79 45 96 64 26 74 40 51 31 17 11 39 31 47 77 27 24 20 73 85 61 3 1 27 99 6 6 74 90 4 70 40 57 99
34 93 6 56 2 7 1 32 42 82 44 51 33 72 16 89 11 97 83 13 22 56 14 0 28 76 91 91 92 36 77 84 62 44 10 99 0 68 20 61 21 56 42 76 75 46 91 20 85 5 0 23 86 68 82 48 0 29 24 44 20 42 79 99 29 67 50 8 22 72 27 88 85 98 86 64 98 14 87 42 76 31 41 34 31 47 58 29 73 52 68 62 54 47 79 41 77 61 93 71 100 79 0 21 29 72 79 74 36 78 42 85 48 54 21 88 10 91 2 76 72 34 81 88 81 46 64 73 96 64 19 88 43 3 46 44
53 58 83 58 42 95 65 77 15 27 83 16 78 62 36 65 33 64 25 31 72 0 12 28 86 17 77 17 71 44 63 69 81 11 30 79 80 44 92 21 2 1 75 54 43 51 41 30 48 68 45 42 38 79 69 73 46 27 76 60 66 7 96 56 13 26 40 65 58 31 78 79 86 53 68 44 5 41 71 53 49 79 15 46 57 92 84 89 46 93 22 52 65 61 30 49 31 78 82 46 78 45 21 0 9 84 28 38 18 100 86 61 64 23 78 70 79 88 53 42 34 94 63 99 79 84 53 86 36 50 57 24 72 55 47 71
46 49 3 27 97 86 81 87 7 89 95 15 22 49 60 49 79 29 30 67 17 20 4 44 44 5 12 84 81 42 78 39 39 19 79 79 71 27 29 71 22 19 2 92 96 84 91 76 93 94 88 54 54 89 44 25 4 77 66 55 99 8 30 63 5 99 80 61 20 11 18 19 76 90 22 87 89 61 2 49 13 27 97 66 94 48 56 36 33 5 90 49 52 65 26 67 37 44 32 74 35 96 29 9 0 48 58 85 68 71 40 55 18 27 44 7 11 54 33 5 78 65 39 2 75 61 97 73 67 15 92 12 7 99 79 31
13 58 48 97 22 32 81 33 46 97 95 85 90 33 12 20 22 63 25 47 89 3 26 27 26 67 89 98 70 43 72 3 79 84 85 93 70 100 14 72 67 98 9 57 75 84 91 14 85 92 35 89 87 2 51 15 47 77 8 26 22 17 74 98 1 94 9 46 88 73 51 26 61 64 79 22 15 15 44 12 35 36 21 34 28 42 73 80 82 10 81 10 35 57 20 85 52 70 47 84 94 64 72 84 48 0 68 10 55 54 55 72 3 11 88 63 70 65 16 11 7 54 11 95 0 25 59 42 60 97 89 65 83 76 15 71
47 96 21 66 31 88 69 74 30 80 55 86 33 56 81 65 81 21 88 90 42 20 27 47 79 63 90 40 24 51 4 35 95 8 88 29 6 95 35 54 2 54 7 79 25 17 34 66 39 54 70 25 56 58 17 92 28 82 18 44 96 87 11 89 65 79 42 47 46 73 89 84 40 84 96 33 9 77 98 68 33 54 59 26 87 72 100 90 75 97 42 100 51 55 60 2 46 59 42 73 71 26 79 28 58 68 0 36 25 54 96 88 98 32 2 21 77 7 53 96 60 89 0 84 28 73 82 49 4 93 61 37 77 56 40 20
64 26 57 61 82 4 100 76 94 60 11 36 9 35 84 92 12 38 73 72 25 87 6 87 100 44 94 35 43 89 1 90 13 44 61 52 91 46 71 21 82 19 78 11 60 72 23 19 9 34 93 83 94 36 6 34 16 30 72 47 86 34 97 8 81 91 96 58 20 53 6 81 11 34 45 88 4 71 55 72 40 37 23 96 65 92 68 27 8 42 40 9 61 74 10 99 40 50 69 45 0 74 74 38 85 10 36 0 53 96 5 64 50 55 7 42 48 34 68 14 37 83 21 24 84 82 93 7 94 16 100 29 56 0 97 32
45 22 28 24 81 55 32 95 100 81 41 18 33 1 79 49 49 24 83 13 60 94 75 20 71 31 65 0 96 5 73 48 75 11 86 92 9 3 84 22 84 20 83 18 72 65 67 51 29 51 53 30 13 96 7 40 52 48 53 51 99 71 74 35 1 28 51 56 29 88 32 58 80 31 39 85 78 9 100 87 75 67 74 8 5 4 92 34 37 76 38 62 90 53 43 37 33 23 64 63 61 40 36 18 68 55 25 53 0 58 18 54 38 78 95 34 46 2 87 46 4 93 59 44 25 66 41 63 21 100 49 69 15 42 12 91
33 64 25 89 50 77 35 10 16 48 1 17 33 10 68 54 99 61 74 82 31 6 85 58 15 53 59 31 61 28 39 64 6 95 40 68 91 77 21 11 15 50 11 43 54 85 15 46 76 17 95 39 19 31 66 33 11 70 27 39 38 49 77 81 44 31 59 82 19 70 61 87 34 19 6 81 43 59 45 59 53 35 11 50 94 80 50 68 12 65 94 48 45 85 10 31 92 38 23 62 39 51 78 100 71 54 54 96 58 0 45 28 37 84 100 99 53 40 6 70 28 19 21 72 76 98 36 91 68 58 61 88 23 67 15 85
50 96 7 89 15 2 64 33 66 65 23 75 82 48 81 45 37 20 86 75 46 71 89 80 11 72 17 54 42 76 53 38 70 10 47 57 75 10 84 43 65 57 82 5 0 42 74 91 28 88 34 70 12 46 46 73 50 88 29 78 53 73 28 44 31 34 48 84 79 22 34 12 88 39 23 97 85 52 90 86 73 59 90 47 59 37 37 16 87 30 86 64 51 21 39 14 57 98 11 36 71 31 42 86 40 55 96 5 18 45 0 60 65 21 7 12 9 40 93 7 13 47 35 39 49 8 33 53 87 30 19 35 91 69 17 85
57 4 70 49 24 6 27 63 51 31 16 33 73 17 25 84 61 21 27 26 92 85 53 76 52 21 42 24 42 63 71 75 35 5 67 2 55 21 81 91 94 52 16 99 74 43 80 26 69 47 7 97 97 4 23 4 35 91 22 15 43 89 7 1 42 74 79 30 8 52 56 59 86 5 74 49 93 9 34 41 48 27 76 54 94 17 40 12 43 29 44 5 84 40 29 5 88 32 99 87 16 17 85 61 55 72 88 64 54 28 60 0 47 52 6 98 59 51 37 29 46 2 47 68 38 74 92 72 54 93 5 47 61 92 75 45
75 31 27 77 34 68 23 52 91 6 59 56 63 51 17 70 39 51 59 28 56 93 40 33 90 77 7 29 56 81 8 11 50 100 30 50 99 39 19 86 88 80 88 38 6 5 6 50 20 67 39 51 78 4 10 51 35 64 72 71 85 42 12 72 25 10 46 83 14 41 45 82 43 21 74 89 80 70 0 27 6 15 3 87 3 82 51 47 37 49 58 93 60 41 36 17 90 87 24 83 58 11 48 64 18 3 98 50 38 37 65 47 0 88 73 66 9 41 38 70 72 42 77 42 75 14 24 73 46 7 71 65 23 12 98 97
84 17 65 95 48 42 45 83 46 46 51 93 20 22 63 69 64 78 36 54 87 84 99 16 22 16 40 69 11 57 97 41 9 52 93 47 71 56 24 81 37 30 96 50 3 50 76 50 28 40 98 74 6 59 10 23 18 33 8 37 42 30 90 22 36 35 56 79 77 8 74 100 8 45 99 92 88 3 89 86 65 86 46 98 68 92 12 31 91 80 13 35 30 76 55 25 54 55 56 89 89 39 54 23 27 11 32 55 78 84 21 52 88 0 22 98 34 28 10 94 39 30 85 25 85 5 55 64 93 85 84 52 20 31 48 43
13 49 2 57 42 80 46 26 94 97 5 35 76 33 96 63 56 81 15 15 91 4 9 96 8 63 45 32 81 7 11 63 90 56 60 32 20 62 48 18 56 79 6 89 57 51 88 16 62 77 27 58 3 95 92 34 85 12 87 90 15 88 97 13 92 41 95 47 48 36 77 19 39 90 16 21 59 55 10 13 77 0 17 38 40 88 54 72 33 55 26 35 39 71 11 56 72 60 62 67 68 31 21 78 44 88 2 7 95 100 7 6 73 22 0 10 2 20 17 92 95 66 48 96 46 36 53 56 47 47 12 38 5 15 98 80
80 1 37 25 39 12 66 69 55 0 93 36 50 28 32 49 38 1 22 37 42 3 84 27 70 100 72 23 4 78 15 98 49 51 82 41 62 49 68 51 70 10 53 74 45 84 8 86 76 69 61 58 50 83 13 20 74 22 13 45 50 33 16 95 7 55 24 83 46 8 62 87 22 70 38 59 71 6 97 80 72 74 25 74 57 88 65 54 26 30 2 13 97 26 43 71 55 64 64 55 44 47 88 70 7 63 21 42 34 99 12 98 66 98 10 0 84 100 79 23 94 23 71 8 86 93 11 59 78 83 90 10 92 71 79 3
68 54 70 85 5 63 19 7 60 59 19 89 89 50 48 42 76 23 46 27 11 90 32 2 6 82 45 94 5 44 68 52 24 90 32 79 82 44 48 78 53 85 49 47 7 10 36 26 8 99 45 62 43 38 89 60 89 27 16 60 82 87 78 28 97 38 21 14 86 1 63 70 24 31 45 83 89 97 14 72 68 78 48 0 79 27 90 43 63 75 49 77 59 94 14 77 70 100 48 70 17 77 10 79 11 70 77 48 46 53 9 59 9 34 2 84 0 87 27 66 61 41 51 10 58 38 6 71 98 65 43 28 68 96 86 48
11 51 83 79 67 83 78 28 16 56 36 74 8 68 55 65 78 45 81 63 68 4 61 19 48 19 81 80 86 62 0 51 76 0 44 7 27 26 80 100 73 59 65 87 16 84 51 75 78 80 96 2 42 83 48 37 49 84 84 13 77 47 42 64 71 97 34 90 88 88 92 10 21 22 61 26 66 15 17 31 22 94 23 32 46 5 67 75 39 24 82 98 88 60 76 92 46 64 78 97 72 27 91 88 54 65 7 34 2 40 40 51 41 28 20 100 87 0 75 1 100 96 44 29 27 82 27 69 97 6 48 42 35 1 89 72
45 84 66 72 52 13 87 16 14 29 45 35 44 73 3 61 62 1 31 0 77 81 30 89 92 34 45 2 61 55 99 66 11 96 91 59 87 48 81 39 87 41 83 59 21 38 98 14 77 79 5 9 75 40 53 67 98 29 71 73 76 51 39 62 82 13 36 40 17 38 59 19 73 37 73 49 75 79 50 74 4 74 51 68 58 93 74 68 81 38 54 2 86 66 55 10 61 44 94 28 64 24 2 53 33 16 53 68 87 6 93 37 38 10 17 79 27 75 0 69 41 32 76 42 72 71 98 50 40 74 93 97 76 46 85 36
95 2 20 100 80 37 55 77 37 54 46 24 29 70 12 7 53 54 19 73 28 65 36 18 6 68 57 2 0 71 75 78 4 54 17 21 77 45 59 57 73 51 15 70 7 82 5 77 47 48 74 46 72 53 42 70 35 44 82 43 0 59 7 98 44 99 85 56 63 30 57 38 73 69 85 16 75 14 80 22 38 50 31 95 90 91 100 22 93 91 43 60 13 94 58 99 92 26 60 97 57 20 76 42 5 11 96 14 46 70 7 29 70 94 92 23 66 1 69 0 15 48 16 1 77 61 10 53 16 43 15 31 66 46 27 12
17 27 0 18 5 93 83 63 49 67 26 23 37 76 81 33 43 66 86 7 29 70 93 53 2 12 17 2 6 82 54 67 1 20 72 37 68 24 98 80 29 2 85 72 24 4 87 86 8 82 82 64 17 18 32 84 48 11 68 79 72 58 75 75 27 9 84 78 18 11 17 64 89 51 31 44 92 39 8 77 50 58 74 4 81 83 70 91 94 46 60 97 41 11 10 37 38 26 19 19 83 73 72 34 78 7 60 37 4 28 13 46 72 39 95 94 61 100 41 15 0 29 72 99 96 63 15 35 65 99 20 15 0 41 67 80
60 100 86 61 6 95 80 94 67 55 38 45 15 27 71 42 85 28 62 36 16 86 44 19 42 77 15 47 47 96 50 93 87 26 49 3 23 95 19 41 56 18 56 70 33 18 9 96 56 76 34 94 76 80 76 66 44 60 81 69 44 61 25 86 78 45 25 48 97 90 79 15 97 47 32 9 23 43 12 60 22 51 50 95 41 67 68 24 78 48 24 33 78 80 41 67 80 25 66 8 9 85 34 94 65 54 89 83 93 19 47 2 42 30 66 23 41 96 32 48 29 0 10 13 31 30 55 94 58 71 35 3 47 91 9 88
29 71 36 51 17 58 42 36 22 25 16 16 84 55 96 65 87 90 89 83 47 67 37 18 50 41 60 70 75 52 13 97 90 18 82 52 47 4 87 59 63 96 13 5 82 47 84 31 29 48 12 100 89 90 36 100 84 47 25 19 43 70 31 52 85 42 29 67 35 30 26 4 87 75 81 69 1 6 6 2 49 36 88 27 6 63 94 1 84 86 53 65 51 65 24 0 73 7 86 28 65 61 81 63 39 11 0 21 59 21 35 47 77 85 48 71 51 44 76 16 72 10 0 91 18 87 29 12 28 7 32 69 22 90 3 44
99 82 17 30 60 12 14 20 41 97 13 68 45 81 87 60 24 78 2 51 68 62 29 8 20 87 74 42 14 61 48 86 15 96 15 85 50 23 77 11 45 20 86 59 26 34 44 29 5 14 61 27 19 49 75 86 72 76 81 89 21 33 19 60 36 45 90 87 52 42 44 40 90 44 68 86 89 28 74 6 23 24 35 73 48 4 25 96 81 89 19 32 61 27 99 60 21 36 34 85 90 3 88 99 2 95 84 24 44 72 39 68 42 25 96 8 10 29 42 1 99 13 91 0 37 84 29 3 66 14 13 0 61 54 22 23
43 63 84 82 62 7 5 45 52 86 95 10 52 56 28 98 83 78 75 16 40 10 23 0 48 79 51 9 96 12 99 25 78 8 51 62 46 38 89 43 44 85 7 30 58 94 54 65 43 89 43 54 67 73 98 2 9 74 54 64 48 47 2 84 1 11 71 45 100 76 25 69 56 17 30 22 71 17 24 15 97 33 68 46 22 89 27 53 90 54 63 87 46 12 92 43 30 93 53 46 27 1 81 79 75 0 28 84 25 76 49 38 75 85 46 86 58 27 72 77 96 31 18 37 0 78 33 76 62 78 67 43 6 32 37 97
62 63 22 15 44 66 87 8 84 2 51 17 24 31 92 40 35 44 48 74 3 27 97 55 4 14 55 33 50 91 74 97 60 31 30 2 43 45 69 0 58 34 34 57 15 37 62 30 39 83 73 31 73 62 44 88 74 10 90 58 100 89 13 64 91 48 60 56 26 86 9 18 52 49 28 62 13 57 78 93 14 82 19 75 91 50 32 18 67 5 92 62 17 45 49 40 99 13 17 39 27 27 46 84 61 25 73 82 66 98 8 74 14 5 36 93 38 82 71 61 63 30 87 84 78 0 43 56 94 75 95 8 94 6 38 83
86 97 39 91 24 74 63 61 30 6 19 1 2 90 20 94 77 87 51 73 30 38 42 91 5 57 94 60 29 69 70 50 85 61 38 27 82 42 14 46 65 13 35 73 67 36 89 83 12 35 75 14 73 95 34 98 80 20 47 18 10 10 45 48 25 97 45 57 74 98 95 8 30 15 14 18 60 32 82 41 64 0 53 20 90 72 60 89 88 48 76 93 65 31 17 52 66 53 37 87 39 99 64 53 97 59 82 93 41 36 33 92 24 55 53 11 6 27 98 10 15 55 29 29 33 43 0 42 16 100 7 75 6 31 92 23
16 59 99 65 61 45 16 24 56 5 18 96 34 18 100 40 24 59 3 47 57 35 80 86 70 49 14 55 50 32 72 81 0 14 13 87 29 78 21 73 42 85 34 44 53 63 52 36 63 65 32 77 88 58 83 5 95 87 58 17 65 100 48 92 8 71 38 74 0 82 0 53 8 96 45 1 57 28 0 18 31 41 74 69 52 97 99 93 0 83 74 12 64 91 13 7 72 84 67 97 56 6 73 86 73 42 49 7 63 91 53 72 73 64 56 59 71 69 50 53 35 94 12 3 76 56 42 0 10 54 27 38 39 37 57 32
29 3 88 47 67 88 23 62 25 74 58 79 23 72 10 49 66 69 51 85 57 63 81 32 36 43 40 50 44 16 39 3 82 81 35 24 23 13 54 100 22 96 36 16 3 91 9 87 37 27 32 10 86 30 9 66 41 17 38 14 88 73 78 88 84 46 34 7 77 78 91 54 30 37 16 49 39 21 78 45 4 39 96 14 10 48 8 85 34 45 73 77 23 8 79 38 8 35 59 14 87 6 96 36 67 60 4 94 21 68 87 54 46 93 47 78 98 97 40 16 65 58 28 66 62 94 16 10 0 99 11 42 74 16 58 53
86 34 99 39 100 50 19 90 54 9 20 55 64 82 25 69 56 15 54 54 74 100 19 22 31 7 27 90 69 96 71 27 41 51 61 12 8 53 32 30 38 36 17 70 11 71 24 82 7 27 17 3 66 36 91 88 97 82 52 9 4 41 49 46 43 16 49 9 12 49 31 31 60 47 57 57 13 34 88 96 24 58 80 50 24 88 51 32 86 22 61 11 69 80 85 9 43 62 61 26 69 74 64 50 15 97 93 16 100 58 30 93 7 85 47 83 65 6 74 43 99 71 7 14 78 75 100 54 99 0 80 100 13 69 44 94
77 34 20 35 76 88 64 21 52 37 16 57 97 50 98 100 6 98 22 22 36 64 2 13 16 81 5 41 79 21 91 68 73 87 20 76 30 57 57 87 75 18 13 55 20 92 60 73 32 29 85 24 27 95 14 75 43 33 79 81 38 59 11 10 64 29 68 17 13 35 9 55 46 27 89 96 28 92 99 68 28 53 61 45 77 10 10 27 72 7 26 28 77 80 63 63 15 15 45 36 39 90 19 57 92 89 61 100 49 61 19 5 71 84 12 90 43 48 93 15 20 35 32 13 67 95 7 27 11 80 0 53 75 98 58 86
90 24 55 98 10 27 18 49 2 79 51 64 56 73 90 27 75 24 63 33 19 93 72 18 97 58 68 6 50 75 69 75 25 9 22 88 70 10 51 89 12 22 95 19 53 81 80 0 6 1 28 88 22 77 95 54 65 46 80 64 65 15 51 40 10 100 48 25 84 36 33 85 96 27 11 28 65 25 48 98 54 0 69 27 82 93 89 12 38 16 0 60 39 95 20 96 80 16 56 61 55 4 88 24 12 65 37 29 69 88 35 47 65 52 38 10 28 42 97 31 15 3 69 0 43 8 75 38 42 100 53 0 77 31 61 32
45 90 75 86 63 71 13 62 89 27 7 6 30 8 79 91 89 32 23 36 80 35 38 28 3 44 17 75 14 13 47 32 99 78 59 18 42 4 60 87 86 80 2 71 81 53 91 82 16 25 13 11 31 63 22 23 20 73 96 4 15 77 26 95 94 58 95 2 52 52 10 72 90 69 25 75 29 57 2 82 40 72 77 84 83 60 67 84 65 61 83 97 3 93 5 44 47 77 31 52 10 70 43 72 7 83 77 56 15 23 91 61 23 20 5 92 68 35 76 66 0 47 22 61 6 94 6 39 74 13 75 77 0 19 57 24
49 99 100 1 22 38 9 93 4 46 15 12 85 9 7 27 23 22 86 49 39 74 50 36 69 62 9 47 18 82 79 19 83 10 23 41 24 17 9 73 16 55 78 77 1 25 58 9 62 96 22 11 56 83 100 57 83 24 89 2 4 71 95 58 100 86 33 80 75 48 26 68 53 50 98 41 10 85 68 7 9 78 64 16 18 94 69 16 25 33 20 72 23 33 59 89 53 34 94 96 65 40 3 55 99 76 56 0 42 67 69 92 12 31 15 71 96 1 46 46 41 91 90 54 32 6 31 37 16 69 98 31 19 0 8 53
64 34 6 18 68 68 63 12 67 24 28 17 81 11 31 82 93 68 36 37 94 24 75 12 64 68 66 96 4 54 21 78 91 64 7 22 84 6 41 70 96 22 47 66 83 56 70 44 100 73 8 60 14 67 37 99 50 52 22 75 98 36 96 100 5 74 84 78 0 95 96 90 77 35 96 89 57 22 42 25 31 40 7 64 35 74 29 12 33 23 39 4 93 4 19 17 17 56 69 42 22 57 46 47 79 15 40 97 12 15 17 75 98 48 98 79 86 89 85 27 67 9 3 22 37 38 92 57 58 44 58 61 57 8 0 62
36 38 87 5 9 58 87 70 78 17 8 71 38 16 53 19 86 19 56 70 22 23 8 89 97 71 49 27 6 88 86 65 19 81 76 57 6 48 28 35 38 16 10 10 43 43 61 78 67 27 99 91 24 56 47 92 54 77 88 87 75 68 81 48 60 3 85 47 81 8 74 68 47 77 12 89 64 49 4 10 40 55 14 16 96 59 35 80 15 2 87 95 33 77 78 96 71 93 36 21 15 99 44 71 31 71 20 32 91 85 85 45 97 43 80 3 48 72 36 12 80 88 44 23 97 83 23 32 53 94 86 32 24 53 62 0
