140 8
19 57 75 53 0 85 83 100 56 45 26 6 15 11 65 94 74 6 53 94 57 38 97 23 28 16 27 60 35 90 15 9 22 100 1 60 44 90 72 1 48 7 13 18 68 4 72 28 32 50 39 73 62 20 83 32 58 50 72 98 14 96 42 20 21 95 10 3 31 27 93 54 31 39 75 45 62 26 97 72 83 90 55 5 65 19 63 14 52 86 0 8 39 76 98 42 7 16 38 35 44 69 33 40 62 46 0 3 64 46 92 92 18 35 97 19 17 73 8 84 65 3 26 72 70 84 69 84 15 8 91 18 49 50 22 78 21 34 0 68
0 85 50 86 68 65 86 12 24 71 8 36 9 82 3 68 96 0 30 38 47 6 2 8 30 44 92 57 32 11 78 5 42 52 91 31 13 100 74 35 26 48 76 11 5 67 27 82 18 15 92 30 54 45 12 9 73 61 65 64 15 75 74 12 40 52 17 20 99 98 14 10 49 78 100 14 37 99 96 41 75 3 17 43 66 91 74 54 40 96 25 100 36 0 59 47 39 20 13 39 74 82 7 25 84 22 15 86 32 82 6 1 12 9 83 21 95 91 65 53 89 74 9 95 48 34 47 51 97 7 46 56 56 97 6 43 74 31 48 44 28
85 0 83 59 76 21 1 97 90 40 86 24 11 30 57 25 53 60 2 23 2 59 93 64 67 23 70 80 38 19 40 89 24 45 84 92 42 80 39 74 66 53 54 52 69 80 26 49 11 54 63 19 9 64 38 75 1 62 37 31 32 100 58 21 88 30 13 11 1 87 51 49 70 61 93 19 56 10 71 1 29 13 34 20 49 4 8 89 89 36 61 98 73 71 7 49 19 19 89 33 92 64 55 38 11 36 24 80 32 14 14 61 57 4 7 76 37 26 60 2 92 74 75 49 65 84 25 21 28 27 31 73 77 36 79 75 76 44 51 97 78
50 83 0 58 80 5 21 70 23 90 71 92 87 60 52 31 52 33 30 7 96 29 53 36 62 96 28 10 13 58 47 43 99 71 80 100 16 57 92 36 34 32 71 57 32 1 35 87 76 47 70 47 17 99 20 30 99 45 23 42 96 89 58 100 0 57 21 19 28 12 68 8 60 99 11 29 15 16 89 27 97 87 21 51 38 78 49 99 77 72 14 100 33 72 51 99 63 98 6 92 88 49 99 86 9 40 49 15 49 41 4 50 98 58 69 71 8 69 61 17 8 39 41 51 49 88 54 8 89 59 28 34 73 30 35 41 94 4 3 7 48
86 59 58 0 86 33 60 47 70 26 37 75 6 44 15 29 20 6 14 12 18 55 30 96 9 23 65 4 74 64 45 6 100 22 78 94 51 47 49 11 54 81 76 32 25 81 88 2 96 6 12 15 47 35 8 53 96 16 32 54 74 98 90 26 95 65 38 84 76 62 38 58 6 76 41 60 3 51 95 93 64 8 16 26 44 32 20 27 2 22 83 97 67 6 29 57 41 93 43 98 49 60 13 24 67 66 55 67 13 36 21 100 28 65 88 8 24 2 86 11 26 40 4 14 59 24 31 10 78 1 20 95 18 69 19 16 27 81 98 22 89
68 76 80 86 0 97 56 31 43 5 94 38 40 43 75 50 7 60 29 30 93 29 22 100 38 28 42 79 42 47 1 84 14 49 95 46 45 77 65 51 69 29 21 64 58 76 21 69 47 46 93 59 95 10 87 68 44 99 39 38 45 49 38 4 20 31 39 98 94 1 57 79 67 97 60 68 79 96 49 34 15 93 77 72 20 44 41 66 59 67 8 29 100 47 30 71 21 60 33 86 40 83 92 60 95 84 23 55 34 58 69 6 84 61 27 75 52 39 64 48 37 70 93 99 99 87 79 52 76 20 1 15 53 76 95 28 72 21 63 68 88
65 21 5 33 97 0 40 79 96 41 31 24 58 10 72 74 11 66 83 96 18 33 44 36 81 83 35 74 85 30 70 81 51 90 81 62 99 47 56 41 3 49 42 83 12 45 59 37 94 76 88 54 56 39 20 22 31 20 19 89 43 48 9 91 51 1 84 3 21 3 35 76 93 31 40 37 70 0 95 85 15 36 47 60 3 10 14 27 11 34 56 38 87 90 59 4 42 18 50 41 69 42 15 18 40 38 99 82 72 38 10 47 21 22 57 65 82 35 70 22 24 18 100 80 31 7 79 63 52 56 75 3 79 13 32 65 40 7 84 68 21
86 1 21 60 56 40 0 10 37 2 33 29 93 63 4 90 21 90 26 31 24 65 23 7 11 10 59 96 97 72 8 45 2 76 62 27 43 72 13 20 2 43 2 79 43 6 35 85 58 12 82 40 59 42 19 22 4 17 34 78 4 57 73 18 3 33 63 31 99 48 69 56 71 86 64 97 32 28 65 76 22 100 67 56 81 45 32 19 42 70 36 40 19 29 82 65 34 94 87 87 49 25 97 37 1 86 83 67 76 48 9 80 0 7 71 45 85 86 17 99 44 32 26 29 53 91 43 31 96 49 60 74 97 81 74 94 38 90 9 30 100
12 97 70 47 31 79 10 0 5 79 92 25 40 12 78 28 72 65 9 89 84 77 50 65 67 32 36 36 68 60 47 53 73 69 61 5 58 32 80 88 4 16 86 15 82 74 96 87 39 77 4 24 83 78 99 92 19 97 73 62 30 0 96 14 49 12 31 34 63 91 90 53 37 90 31 31 20 25 90 94 67 89 97 97 80 99 81 67 42 56 29 25 20 52 90 58 50 70 72 43 43 75 25 27 72 14 9 6 88 29 57 78 79 74 98 29 35 50 40 51 75 57 84 26 3 19 53 22 46 11 57 75 0 2 89 80 40 35 6 33 86
24 90 23 70 43 96 37 5 0 54 93 55 77 41 37 39 0 39 9 32 25 81 77 37 44 79 96 42 89 55 87 60 23 43 30 37 92 92 11 94 23 43 61 65 86 82 44 75 5 64 22 38 19 75 78 15 42 59 5 22 62 65 61 90 90 65 12 30 78 70 63 93 55 74 37 63 68 74 6 55 10 90 100 23 38 45 44 95 64 3 61 78 91 67 64 76 91 90 6 68 5 22 100 11 27 85 92 98 32 38 96 85 7 45 24 72 26 94 12 21 86 37 39 35 36 64 49 46 29 80 26 9 95 82 75 17 93 90 11 86 17
71 40 90 26 5 41 2 79 54 0 70 31 24 7 19 23 83 93 67 96 49 66 80 18 63 35 92 43 49 68 47 28 65 16 71 7 46 40 14 74 54 7 98 22 75 86 11 1 3 47 91 45 4 52 39 18 7 84 92 58 35 85 66 4 10 80 24 16 90 16 93 68 20 91 84 1 78 81 19 47 89 26 21 87 41 81 67 52 83 12 100 43 22 100 13 21 46 25 94 13 86 2 82 44 16 83 76 51 75 55 4 100 19 23 61 78 8 33 77 60 74 91 1 78 4 25 43 53 7 37 12 66 9 81 77 84 30 18 28 48 3
8 86 71 37 94 31 33 92 93 70 0 57 82 3 33 19 56 44 9 61 86 43 58 14 76 51 66 38 76 72 6 93 4 31 64 61 37 98 55 50 99 33 88 88 46 57 49 69 69 84 94 25 48 25 0 10 93 79 48 6 27 21 64 84 28 7 53 96 55 25 93 50 88 59 16 20 54 19 83 60 7 61 24 30 64 88 96 80 76 19 85 53 56 79 49 64 55 100 95 49 53 33 66 31 84 97 22 34 70 70 93 1 65 31 1 13 95 67 78 35 77 11 12 83 62 48 82 20 56 23 74 96 75 22 33 100 84 4 58 1 9
36 24 92 75 38 24 29 25 55 31 57 0 82 86 25 53 5 71 37 15 6 84 44 60 14 79 26 22 72 18 43 64 100 97 11 14 63 65 44 48 95 50 35 30 44 8 98 78 92 56 88 48 32 24 79 5 97 10 64 67 28 9 56 73 13 24 73 10 96 70 69 24 55 0 30 18 69 38 29 75 96 62 70 22 67 11 20 48 51 51 71 83 34 57 92 97 82 75 34 71 76 81 47 99 82 47 15 13 55 73 76 97 75 16 21 87 80 0 14 42 1 77 64 80 32 29 47 80 14 100 26 25 78 21 10 39 36 91 93 12 72
9 11 87 6 40 58 93 40 77 24 82 82 0 51 86 16 62 89 33 49 94 62 88 86 48 11 20 78 48 8 39 59 7 59 73 10 1 69 57 66 75 60 50 92 44 13 38 67 54 70 4 34 95 44 8 92 31 58 63 20 84 22 41 72 37 93 4 62 33 46 82 55 32 7 36 25 92 61 94 18 34 48 17 0 44 2 7 95 45 17 100 91 89 60 46 53 29 42 97 50 19 22 4 99 24 82 63 73 96 77 39 7 91 54 64 62 32 77 33 78 37 32 67 59 17 1 43 6 67 26 37 26 1 47 63 61 68 64 76 19 59
82 30 60 44 43 10 63 12 41 7 3 86 51 0 29 38 79 36 7 62 19 46 51 83 84 25 92 55 90 22 30 35 41 38 98 99 16 87 26 99 0 86 59 46 11 34 71 32 55 90 46 56 6 61 33 88 8 0 5 11 84 77 94 56 17 40 89 42 85 80 17 4 26 31 81 92 54 60 25 43 96 32 75 88 30 38 39 16 96 66 41 57 95 83 7 3 30 66 48 94 57 61 72 28 51 37 50 2 73 51 98 73 33 33 74 5 16 66 7 62 63 96 32 62 45 14 11 29 27 4 57 9 22 93 51 33 35 19 91 54 70
3 57 52 15 75 72 4 78 37 19 33 25 86 29 0 34 42 55 17 79 32 10 22 96 11 42 97 35 36 35 18 65 11 55 46 84 33 67 5 81 26 49 67 8 38 42 37 63 59 90 52 79 35 82 18 40 19 55 18 79 40 81 83 47 16 69 74 12 48 31 43 85 81 63 93 37 90 97 4 42 84 15 81 30 32 14 100 21 17 21 72 40 39 74 38 40 50 23 64 13 38 77 93 50 76 54 61 47 71 55 95 30 66 87 13 75 66 42 64 75 35 58 77 20 45 4 34 62 64 66 46 80 20 88 90 67 42 6 33 79 7
68 25 31 29 50 74 90 28 39 23 19 53 16 38 34 0 89 12 96 90 43 20 72 22 12 65 27 12 85 0 63 67 99 34 49 78 50 92 60 30 87 16 81 62 26 81 51 6 53 69 86 80 39 74 23 62 28 7 15 65 84 87 42 72 72 20 42 10 94 21 61 36 7 77 48 65 55 68 9 65 19 0 87 4 27 83 2 85 100 98 35 93 73 73 69 37 29 32 78 57 3 53 4 64 68 35 48 67 52 62 91 37 96 20 66 53 41 27 55 85 25 14 35 55 75 35 9 16 72 83 1 56 44 54 100 25 80 43 80 9 61
96 53 52 20 7 11 21 72 0 83 56 5 62 79 42 89 0 88 17 26 65 88 17 48 6 34 23 9 31 9 34 93 21 8 2 84 59 9 29 74 35 72 98 12 94 34 85 67 7 87 11 85 67 73 17 43 62 34 4 25 10 86 9 47 54 69 98 19 18 58 100 9 68 7 85 97 25 49 14 3 12 84 63 63 58 55 4 64 88 92 27 1 67 93 38 39 88 18 69 26 80 77 13 42 44 61 45 21 35 46 28 38 29 63 72 20 79 11 0 61 11 84 70 35 4 99 68 8 21 6 43 45 36 13 82 77 71 41 70 50 93
0 60 33 6 60 66 90 65 39 93 44 71 89 36 55 12 88 0 16 56 88 45 25 91 0 55 29 39 33 90 45 65 22 19 12 7 22 5 39 84 30 38 50 48 75 5 59 33 34 75 74 66 22 37 83 32 24 38 7 88 23 43 37 72 33 87 50 82 83 36 6 34 19 38 84 4 29 22 84 62 6 71 22 76 57 82 4 98 39 47 94 71 93 61 1 60 4 60 41 92 41 12 20 91 75 13 45 92 24 13 41 17 26 48 44 95 69 45 42 60 21 17 0 98 51 70 9 44 73 23 65 25 26 63 22 72 55 33 27 36 81
30 2 30 14 29 83 26 9 9 67 9 37 33 7 17 96 17 16 0 2 35 50 27 84 7 25 28 93 55 73 4 95 73 21 84 31 45 64 80 51 65 75 33 28 97 88 61 22 92 77 11 65 75 98 15 98 2 96 50 64 10 55 99 66 81 45 89 78 78 99 55 1 58 66 56 28 5 15 56 12 85 87 85 28 59 82 62 42 33 96 80 88 58 40 50 26 57 81 99 96 11 95 43 26 73 49 91 92 91 9 6 87 68 78 87 42 27 12 40 43 57 31 17 29 93 70 51 16 0 99 54 93 80 35 8 5 77 57 93 0 64
38 23 7 12 30 96 31 89 32 96 61 15 49 62 79 90 26 56 2 0 90 86 60 85 81 100 23 80 92 56 18 60 58 26 57 32 32 97 99 25 34 97 16 0 33 96 71 41 60 24 54 23 4 72 55 60 32 35 92 89 48 27 61 2 41 16 11 48 73 46 84 35 64 96 58 23 85 20 94 13 83 95 14 75 81 90 72 81 69 53 0 41 54 26 11 58 67 69 71 6 91 96 31 13 62 91 94 13 25 4 43 91 98 90 72 11 28 66 32 58 100 66 97 37 89 84 79 85 93 53 100 45 75 80 31 39 57 33 59 94 58
47 2 96 18 93 18 24 84 25 49 86 6 94 19 32 43 65 88 35 90 0 60 11 10 32 42 62 58 70 16 12 49 45 80 8 63 83 73 11 3 19 89 86 51 83 77 16 72 69 41 97 59 0 55 14 97 74 25 17 25 60 17 60 48 72 45 67 35 29 96 79 16 69 37 46 92 2 83 5 69 31 47 17 46 17 19 97 94 100 49 25 37 43 80 22 32 76 92 13 86 10 57 39 88 40 6 72 21 39 21 74 29 53 11 7 55 61 4 82 20 0 40 96 22 94 38 89 55 39 75 6 27 44 91 35 58 38 64 12 63 25
6 59 29 55 29 33 65 77 81 66 43 84 62 46 10 20 88 45 50 86 60 0 28 11 70 40 45 37 97 14 83 56 38 39 76 65 60 3 25 24 14 81 30 31 91 87 47 40 55 5 25 54 24 5 6 61 64 57 62 56 72 86 87 100 73 14 40 22 90 52 39 98 62 61 70 48 7 36 82 92 94 30 54 98 80 97 45 3 8 10 67 31 65 33 80 80 55 43 79 57 1 38 76 20 51 47 51 79 16 39 78 64 5 28 5 52 35 36 3 2 68 16 45 91 60 17 17 17 51 64 26 76 5 19 73 49 37 2 55 14 13
2 93 53 30 22 44 23 50 77 80 58 44 88 51 22 72 17 25 27 60 11 28 0 2 65 66 64 95 40 13 33 54 56 5 50 65 82 70 74 70 6 86 43 67 95 27 2 54 100 56 68 92 81 15 60 10 95 74 5 75 17 92 71 7 8 49 96 61 29 10 38 27 55 70 65 54 4 66 29 11 85 22 12 94 83 37 0 60 82 87 98 29 79 79 83 58 66 39 72 17 35 20 67 95 52 83 43 31 4 13 28 52 35 0 45 66 77 93 56 65 49 75 65 96 9 56 31 82 56 30 63 5 47 66 32 47 82 35 63 19 69
8 64 36 96 100 36 7 65 37 18 14 60 86 83 96 22 48 91 84 85 10 11 2 0 53 61 82 51 79 43 60 65 64 66 98 67 14 86 85 29 52 16 20 24 13 46 83 7 91 95 50 58 78 94 4 100 28 7 46 96 2 74 11 97 42 95 33 75 66 66 47 1 97 96 37 90 74 37 7 64 16 34 48 76 11 79 79 90 51 89 64 93 56 23 1 97 87 28 36 22 28 42 69 39 44 78 23 100 31 90 89 46 39 96 3 92 100 12 5 5 73 16 11 85 99 27 34 76 67 9 68 39 17 5 69 50 33 58 40 78 27
30 67 62 9 38 81 11 67 44 63 76 14 48 84 11 12 6 0 7 81 32 70 65 53 0 57 17 37 14 75 23 85 89 37 98 92 78 23 20 91 79 86 63 10 70 48 20 26 10 71 30 13 67 26 53 59 73 98 88 30 89 51 56 62 55 55 96 21 99 91 46 41 3 32 55 26 0 26 95 18 10 53 66 83 14 84 6 74 8 99 9 18 35 17 8 48 32 61 25 8 60 51 96 36 49 26 9 68 75 6 26 29 28 26 10 99 63 22 62 70 62 41 39 79 1 94 16 80 4 1 29 86 27 31 88 94 71 53 77 91 24
44 23 96 23 28 83 10 32 79 35 51 79 11 25 42 65 34 55 25 100 42 40 66 61 57 0 59 47 5 95 0 88 74 21 63 42 4 67 77 70 6 32 61 34 49 38 86 95 88 92 62 50 39 34 22 80 80 16 16 95 43 91 95 31 5 16 21 61 59 92 25 81 92 42 93 5 59 68 45 66 20 50 52 5 100 81 3 61 41 31 41 66 6 68 51 40 80 35 1 10 40 67 40 21 48 35 30 86 20 31 59 41 56 98 22 4 41 68 26 20 73 79 22 48 3 33 21 82 24 71 26 41 85 36 97 29 57 88 16 54 71
92 70 28 65 42 35 59 36 96 92 66 26 20 92 97 27 23 29 28 23 62 45 64 82 17 59 0 40 97 30 21 13 16 59 30 69 18 85 85 90 74 91 4 58 92 59 19 67 35 92 95 48 42 74 63 49 1 57 67 58 30 28 13 81 85 3 49 29 92 95 53 51 10 89 12 86 52 31 60 58 75 39 21 68 38 14 56 62 76 78 96 96 14 48 79 88 4 42 36 7 3 43 98 53 66 71 49 49 70 99 24 21 39 74 33 12 63 44 7 49 11 90 20 43 42 47 35 45 9 87 9 38 35 8 75 94 58 85 64 99 56
57 80 10 4 79 74 96 36 42 43 38 22 78 55 35 12 9 39 93 80 58 37 95 51 37 47 40 0 78 99 54 50 48 10 75 84 63 63 56 56 65 38 51 14 84 44 53 7 95 18 9 94 73 27 80 95 95 79 25 35 45 30 72 12 65 92 75 21 49 20 64 78 58 27 84 61 91 26 75 76 8 30 93 15 26 47 32 31 44 66 98 69 1 52 51 22 48 92 33 27 45 24 1 15 80 71 13 20 87 37 0 0 40 60 84 18 68 77 16 16 50 47 98 67 19 31 39 88 97 42 71 31 38 47 63 89 49 72 95 39 33
32 38 13 74 42 85 97 68 89 49 76 72 48 90 36 85 31 33 55 92 70 97 40 79 14 5 97 78 0 29 66 84 57 56 3 41 73 72 89 19 8 31 77 90 67 2 22 4 41 35 59 90 88 11 8 77 42 72 71 33 80 62 46 28 25 32 60 72 62 10 39 27 51 52 32 60 61 89 39 10 92 78 46 3 86 1 21 31 14 50 12 63 2 63 48 79 73 58 66 6 2 75 38 22 89 35 91 93 16 90 47 35 72 32 63 25 41 18 42 12 63 5 53 26 42 9 92 73 53 54 48 52 8 76 34 22 67 38 89 26 66
11 19 58 64 47 30 72 60 55 68 72 18 8 22 35 0 9 90 73 56 16 14 13 43 75 95 30 99 29 0 88 18 61 30 98 0 3 100 86 70 79 26 89 44 36 41 77 63 38 40 21 28 42 28 60 42 82 80 46 90 38 95 4 96 17 87 96 32 15 78 91 76 69 81 11 61 72 82 4 83 93 6 45 15 100 70 72 75 5 92 83 2 49 51 37 38 89 27 100 8 11 60 61 77 49 40 87 54 71 23 62 82 6 27 93 100 45 56 5 56 82 17 1 67 80 82 45 50 76 11 23 50 89 68 60 77 91 94 32 0 92
78 40 47 45 1 70 8 47 87 47 6 43 39 30 18 63 34 45 4 18 12 83 33 60 23 0 21 54 66 88 0 72 57 71 83 79 46 13 50 76 28 82 28 4 38 78 61 25 25 90 31 90 42 78 58 77 37 81 27 72 49 71 93 53 86 50 7 17 90 73 98 95 67 17 21 26 56 80 47 93 78 83 61 12 4 30 84 7 98 31 84 79 91 30 77 88 51 50 65 70 7 70 63 85 49 9 11 62 92 80 33 17 36 32 60 63 100 63 44 28 97 16 50 58 26 22 73 17 97 74 47 52 86 2 54 26 95 66 98 94 65
5 89 43 6 84 81 45 53 60 28 93 64 59 35 65 67 93 65 95 60 49 56 54 65 85 88 13 50 84 18 72 0 88 99 24 39 20 13 49 91 57 57 44 97 47 3 30 55 37 45 21 10 12 72 39 21 31 14 89 17 43 63 43 83 17 53 77 98 4 53 54 92 55 3 75 27 84 71 73 99 55 47 2 86 2 37 86 66 93 29 85 62 25 41 56 42 35 19 21 97 8 55 13 4 95 1 34 93 1 65 55 90 10 51 40 68 96 26 90 24 82 43 81 28 81 57 11 30 64 64 56 72 36 69 62 35 64 55 76 68 62
42 24 99 100 14 51 2 73 23 65 4 100 7 41 11 99 21 22 73 58 45 38 56 64 89 74 16 48 57 61 57 88 0 91 90 94 28 90 51 85 95 52 42 89 99 95 98 61 34 60 24 39 2 38 23 16 95 86 60 18 59 93 85 24 46 39 99 87 10 92 74 84 57 1 89 64 74 3 54 76 79 39 29 98 9 33 72 92 93 96 66 49 85 90 85 60 19 92 37 38 26 38 6 29 63 3 16 15 81 7 34 39 40 94 54 20 43 25 36 11 62 30 6 98 55 68 33 18 31 6 91 83 95 72 34 48 11 39 70 83 23
52 45 71 22 49 90 76 69 43 16 31 97 59 38 55 34 8 19 21 26 80 39 5 66 37 21 59 10 56 30 71 99 91 0 89 91 24 54 59 45 25 50 59 61 26 24 26 41 14 2 86 51 48 69 82 24 36 42 37 96 86 72 59 53 28 28 2 40 5 31 90 23 84 2 75 35 32 97 61 100 77 74 23 9 77 91 48 92 73 28 0 95 10 55 60 95 96 69 12 4 4 90 22 43 66 60 81 1 95 55 74 31 79 73 0 13 52 23 69 64 24 32 83 64 57 53 16 35 21 95 94 94 22 10 46 66 64 42 47 75 89
91 84 80 78 95 81 62 61 30 71 64 11 73 98 46 49 2 12 84 57 8 76 50 98 98 63 30 75 3 98 83 24 90 89 0 66 26 1 78 37 42 55 25 46 22 32 53 10 90 68 12 52 19 21 71 27 27 18 42 17 78 41 32 68 87 88 68 49 41 12 73 42 11 94 61 100 27 79 16 57 18 21 22 57 4 27 40 13 46 32 28 56 20 62 68 25 48 56 85 24 93 94 65 27 58 29 15 13 6 32 23 75 70 15 57 6 67 0 79 80 38 80 1 83 87 15 42 100 66 25 71 72 84 98 67 53 3 70 11 42 59
31 92 100 94 46 62 27 5 37 7 61 14 10 99 84 78 84 7 31 32 63 65 65 67 92 42 69 84 41 0 79 39 94 91 66 0 50 18 85 21 15 54 1 6 38 72 70 81 55 40 33 22 67 82 25 82 51 46 95 24 58 5 28 52 19 30 81 48 96 93 35 51 0 50 71 24 81 41 72 46 93 88 10 56 64 27 56 40 29 97 28 97 90 16 22 31 19 63 59 7 48 6 26 9 87 58 91 95 68 14 24 56 89 53 90 50 81 21 88 12 18 75 40 87 79 68 43 69 73 11 97 40 14 45 38 47 89 17 70 55 70
13 42 16 51 45 99 43 58 92 46 37 63 1 16 33 50 59 22 45 32 83 60 82 14 78 4 18 63 73 3 46 20 28 24 26 50 0 93 8 93 76 48 27 2 89 91 7 12 79 82 61 42 18 70 74 100 46 33 16 54 73 68 3 80 9 1 90 21 94 47 93 14 80 36 84 28 19 98 26 88 28 24 39 17 91 76 62 27 55 24 22 14 65 11 20 85 62 60 64 100 81 8 28 42 55 45 30 14 26 77 63 54 95 65 34 20 36 38 14 1 47 49 12 47 8 6 69 63 49 10 46 71 92 35 22 84 60 46 56 73 20
100 80 57 47 77 47 72 32 92 40 98 65 69 87 67 92 9 5 64 97 73 3 70 86 23 67 85 63 72 100 13 13 90 54 1 18 93 0 4 7 38 3 32 9 27 34 91 5 67 66 76 9 47 35 5 89 25 100 31 35 13 6 80 2 61 86 86 36 86 69 57 32 20 62 81 41 68 84 10 6 72 27 94 6 35 31 34 13 56 74 89 36 97 28 0 62 70 33 64 81 81 54 75 15 45 44 58 49 91 92 92 21 68 45 58 67 30 23 68 22 67 3 82 90 69 69 25 87 71 1 55 76 7 70 72 34 86 20 60 21 44
74 39 92 49 65 56 13 80 11 14 55 44 57 26 5 60 29 39 80 99 11 25 74 85 20 77 85 56 89 86 50 49 51 59 78 85 8 4 0 65 12 58 66 54 90 74 95 24 32 39 63 66 100 61 62 4 61 5 25 15 69 68 31 92 81 97 79 35 49 40 19 25 12 43 97 59 21 10 70 15 82 99 42 41 14 53 51 11 1 66 83 15 89 64 86 66 34 1 40 15 87 87 12 82 19 43 62 29 13 93 6 77 36 10 71 92 24 33 88 49 42 69 77 72 81 15 60 90 33 23 27 22 22 11 54 35 29 58 23 94 71
35 74 36 11 51 41 20 88 94 74 50 48 66 99 81 30 74 84 51 25 3 24 70 29 91 70 90 56 19 70 76 91 85 45 37 21 93 7 65 0 48 28 57 28 79 0 41 96 75 46 44 7 17 69 73 63 24 52 27 57 66 98 38 13 85 51 50 61 60 2 100 79 40 23 1 38 1 2 50 7 61 69 93 40 19 43 25 56 32 72 44 17 57 82 0 27 35 53 56 84 75 42 35 56 60 76 69 94 19 63 60 94 45 68 19 89 36 25 48 61 38 1 8 36 1 57 59 6 94 80 53 63 95 54 37 70 41 2 61 85 79
26 66 34 54 69 3 2 4 23 54 99 95 75 0 26 87 35 30 65 34 19 14 6 52 79 6 74 65 8 79 28 57 95 25 42 15 76 38 12 48 0 100 56 94 0 55 46 9 40 20 23 89 49 54 8 64 64 38 48 80 28 67 11 58 67 71 45 36 2 73 83 79 58 34 44 97 70 85 79 64 24 4 23 91 41 44 89 46 68 9 50 3 15 33 39 44 45 68 85 22 40 2 36 71 63 34 8 48 72 97 19 90 19 27 18 51 53 82 43 16 50 22 97 59 20 96 20 45 34 52 28 86 57 29 62 9 26 45 39 14 50
48 53 32 81 29 49 43 16 43 7 33 50 60 86 49 16 72 38 75 97 89 81 86 16 86 32 91 38 31 26 82 57 52 50 55 54 48 3 58 28 100 0 15 37 34 45 7 67 33 17 56 73 77 99 31 58 86 0 89 62 86 47 2 11 26 81 57 44 46 48 4 37 89 18 70 77 4 77 95 75 88 39 96 23 90 81 67 46 77 5 60 66 73 7 91 73 77 33 10 72 53 30 61 79 37 11 25 80 18 75 5 25 84 100 37 36 58 1 46 76 88 57 93 68 50 61 89 22 20 53 51 71 44 96 10 61 54 73 76 75 95
76 54 71 76 21 42 2 86 61 98 88 35 50 59 67 81 98 50 33 16 86 30 43 20 63 61 4 51 77 89 28 44 42 59 25 1 27 32 66 57 56 15 0 35 68 47 53 75 81 0 24 52 59 84 28 33 27 11 31 23 36 84 47 74 7 79 20 19 87 5 13 98 93 98 59 30 31 38 15 97 64 95 21 11 27 44 38 73 15 29 78 91 52 74 26 80 49 17 75 70 42 10 69 72 6 68 97 83 90 94 20 28 48 52 36 12 82 82 55 51 63 36 0 50 15 53 56 46 18 100 9 63 97 70 14 8 88 4 18 85 19
11 52 57 32 64 83 79 15 65 22 88 30 92 46 8 62 12 48 28 0 51 31 67 24 10 34 58 14 90 44 4 97 89 61 46 6 2 9 54 28 94 37 35 0 17 77 51 44 18 96 24 48 99 51 70 4 55 62 75 17 40 32 65 64 40 40 39 18 56 18 82 9 61 20 69 0 1 42 27 7 100 15 1 96 2 70 50 39 18 0 21 76 30 34 83 37 64 87 67 41 55 98 13 71 73 94 58 96 88 78 38 34 34 22 93 60 87 27 10 78 75 38 26 72 76 52 9 69 63 91 18 93 89 55 72 16 72 84 64 32 43
5 69 32 25 58 12 43 82 86 75 46 44 44 11 38 26 94 75 97 33 83 91 95 13 70 49 92 84 67 36 38 47 99 26 22 38 89 27 90 79 0 34 68 17 0 18 29 41 34 58 61 24 89 94 56 21 37 75 69 99 67 0 48 53 73 66 44 33 71 27 54 74 22 70 83 50 15 43 51 83 16 3 20 21 17 11 58 76 72 46 49 82 0 44 61 73 43 72 76 52 63 55 23 59 78 61 28 42 75 63 58 65 46 30 21 34 26 29 3 21 59 47 49 0 10 73 82 59 43 23 80 91 99 42 61 96 20 46 50 22 48
67 80 1 81 76 45 6 74 82 86 57 8 13 34 42 81 34 5 88 96 77 87 27 46 48 38 59 44 2 41 78 3 95 24 32 72 91 34 74 0 55 45 47 77 18 0 42 94 48 36 83 45 11 52 100 75 8 25 94 6 58 61 84 72 70 70 90 33 89 27 69 41 18 80 42 25 17 78 18 90 40 27 86 81 89 100 52 27 82 2 88 66 38 10 1 7 72 18 11 21 2 91 23 57 78 99 84 59 0 49 18 79 80 54 57 59 32 57 17 46 27 9 52 65 94 19 46 79 10 23 72 27 63 45 29 58 21 9 21 2 1
27 26 35 88 21 59 35 96 44 11 49 98 38 71 37 51 85 59 61 71 16 47 2 83 20 86 19 53 22 77 61 30 98 26 53 70 7 91 95 41 46 7 53 51 29 42 0 66 54 77 56 13 10 57 31 21 98 92 90 87 60 6 34 82 63 23 96 97 56 47 58 12 30 21 24 83 88 2 35 76 17 100 99 91 41 7 68 10 76 91 5 78 42 40 25 34 68 58 8 87 51 16 94 46 55 69 92 29 5 100 53 22 55 93 7 39 95 66 82 14 79 45 83 77 54 13 63 29 0 60 64 44 67 73 91 84 22 22 21 65 70
82 49 87 2 69 37 85 87 75 1 69 78 67 32 63 6 67 33 22 41 72 40 54 7 26 95 67 7 4 63 25 55 61 41 10 81 12 5 24 96 9 67 75 44 41 94 66 0 29 16 75 61 35 58 27 43 48 96 67 27 40 29 34 57 10 73 76 48 77 84 38 41 32 60 59 75 62 10 40 92 42 72 60 26 49 50 91 90 81 79 27 72 69 69 82 79 93 34 70 10 88 92 85 95 71 71 65 57 4 16 6 92 10 35 96 15 53 58 71 92 19 73 8 47 10 34 6 30 1 37 66 43 73 9 30 35 16 28 99 23 16
18 11 76 96 47 94 58 39 5 3 69 92 54 55 59 53 7 34 92 60 69 55 100 91 10 88 35 95 41 38 25 37 34 14 90 55 79 67 32 75 40 33 81 18 34 48 54 29 0 12 79 70 90 50 92 25 25 73 44 26 63 56 87 77 49 21 99 52 64 48 50 88 59 72 30 39 29 99 0 19 11 67 70 90 38 71 16 32 28 60 63 54 91 29 4 95 50 26 74 59 84 72 94 29 65 56 90 54 33 28 9 47 26 15 26 4 8 35 29 17 97 52 24 63 72 83 65 100 17 19 96 67 39 63 5 28 67 5 45 27 54
15 54 47 6 46 76 12 77 64 47 84 56 70 90 90 69 87 75 77 24 41 5 56 95 71 92 92 18 35 40 90 45 60 2 68 40 82 66 39 46 20 17 0 96 58 36 77 16 12 0 70 91 81 64 44 79 92 89 12 92 32 10 5 0 55 97 3 3 97 50 52 19 3 59 71 92 25 62 91 15 30 92 90 1 73 41 43 0 28 80 94 81 44 68 95 79 74 49 78 23 3 95 53 90 90 34 45 59 41 96 64 92 93 64 54 78 17 86 36 29 8 37 91 84 14 35 47 60 75 35 36 76 34 44 72 66 75 36 11 15 66
92 63 70 12 93 88 82 4 22 91 94 88 4 46 52 86 11 74 11 54 97 25 68 50 30 62 95 9 59 21 31 21 24 86 12 33 61 76 63 44 23 56 24 24 61 83 56 75 79 70 0 49 93 33 20 86 29 24 73 79 1 63 13 85 73 61 45 97 7 89 93 2 46 55 64 49 49 41 74 18 70 40 97 85 28 64 97 39 11 54 58 47 68 42 75 67 1 61 43 82 42 28 1 13 14 21 90 86 0 80 68 41 62 75 75 96 21 27 28 89 42 63 37 74 82 63 69 53 100 68 39 49 86 24 98 47 82 76 29 58 0
30 19 47 15 59 54 40 24 38 45 25 48 34 56 79 80 85 66 65 23 59 54 92 58 13 50 48 94 90 28 90 10 39 51 52 22 42 9 66 7 89 73 52 48 24 45 13 61 70 91 49 0 30 31 11 22 16 80 13 52 0 33 30 80 51 37 42 55 44 72 7 17 32 14 9 0 87 86 3 74 22 44 66 58 86 75 6 5 85 33 91 28 95 85 24 57 72 63 62 73 67 63 48 85 35 4 36 31 58 19 80 89 8 83 72 80 94 60 76 48 76 74 48 47 19 52 34 91 99 57 43 61 100 69 1 46 55 26 94 99 19
54 9 17 47 95 56 59 83 19 4 48 32 95 6 35 39 67 22 75 4 0 24 81 78 67 39 42 73 88 42 42 12 2 48 19 67 18 47 100 17 49 77 59 99 89 11 10 35 90 81 93 30 0 0 14 33 13 10 3 75 74 57 54 58 6 92 23 90 27 90 13 57 75 52 2 45 71 15 83 96 53 54 36 71 96 90 32 80 75 10 28 27 100 8 52 36 37 72 81 40 92 45 22 99 22 37 90 16 5 37 100 78 56 83 63 18 8 17 6 45 86 100 1 55 47 78 98 98 72 81 55 41 50 35 4 72 11 45 48 39 96
45 64 99 35 10 39 42 78 75 52 25 24 44 61 82 74 73 37 98 72 55 5 15 94 26 34 74 27 11 28 78 72 38 69 21 82 70 35 61 69 54 99 84 51 94 52 57 58 50 64 33 31 0 0 6 45 25 78 96 39 83 16 20 99 26 37 84 74 4 46 60 24 74 97 37 13 4 0 100 94 47 29 91 68 68 4 95 39 62 1 26 64 96 50 60 32 9 92 39 62 20 53 36 90 3 69 87 67 7 34 21 56 55 48 64 79 33 96 13 11 37 54 55 97 100 67 71 83 62 88 46 28 35 12 79 16 35 81 65 61 37
12 38 20 8 87 20 19 99 78 39 0 79 8 33 18 23 17 83 15 55 14 6 60 4 53 22 63 80 8 60 58 39 23 82 71 25 74 5 62 73 8 31 28 70 56 100 31 27 92 44 20 11 14 6 0 91 7 71 7 49 62 87 70 81 27 98 13 40 7 43 61 1 54 33 77 11 43 36 13 65 22 20 83 52 89 18 20 40 40 19 78 82 25 50 75 95 81 27 44 29 5 63 27 3 9 85 79 97 73 66 38 25 33 74 19 62 85 38 48 5 7 98 57 71 89 34 13 32 7 7 100 33 19 56 25 52 87 69 53 51 35
9 75 30 53 68 22 22 92 15 18 10 5 92 88 40 62 43 32 98 60 97 61 10 100 59 80 49 95 77 42 77 21 16 24 27 82 100 89 4 63 64 58 33 4 21 75 21 43 25 79 86 22 33 45 91 0 22 30 23 27 21 35 62 87 5 70 7 12 18 25 44 0 98 34 35 25 47 29 24 8 88 59 49 98 66 17 51 41 16 14 50 72 80 16 100 96 50 52 27 0 33 70 86 90 77 68 71 26 81 79 29 96 77 26 85 45 37 99 22 62 59 31 64 21 90 2 88 49 68 21 100 47 63 8 59 7 13 6 99 87 31
73 1 99 96 44 31 4 19 42 7 93 97 31 8 19 28 62 24 2 32 74 64 95 28 73 80 1 95 42 82 37 31 95 36 27 51 46 25 61 24 64 86 27 55 37 8 98 48 25 92 29 16 13 25 7 22 0 31 33 81 88 22 69 50 98 96 16 8 46 91 97 95 28 29 66 81 9 42 52 52 77 91 95 24 65 61 3 58 2 82 80 27 11 73 72 57 56 33 61 21 88 50 27 41 54 25 19 48 72 59 76 19 94 71 81 17 2 3 82 86 10 100 88 73 20 79 8 80 72 29 58 41 20 86 95 92 100 0 33 51 64
61 62 45 16 99 20 17 97 59 84 79 10 58 0 55 7 34 38 96 35 25 57 74 7 98 16 57 79 72 80 81 14 86 42 18 46 33 100 5 52 38 0 11 62 75 25 92 96 73 89 24 80 10 78 71 30 31 0 81 89 30 51 88 44 51 34 43 30 30 90 35 78 12 74 52 23 23 44 54 48 88 61 70 89 45 14 91 90 29 58 45 70 69 12 16 88 64 54 16 78 64 44 79 60 4 72 100 85 24 20 36 45 4 38 64 60 83 44 84 68 67 6 62 25 17 22 62 34 1 48 91 5 78 32 81 56 40 20 71 32 75
65 37 23 32 39 19 34 73 5 92 48 64 63 5 18 15 4 7 50 92 17 62 5 46 88 16 67 25 71 46 27 89 60 37 42 95 16 31 25 27 48 89 31 75 69 94 90 67 44 12 73 13 3 96 7 23 33 81 0 82 42 15 52 54 58 56 77 40 69 19 13 45 57 46 79 68 98 2 95 88 83 57 90 76 0 43 61 98 89 43 35 58 47 16 56 70 28 22 81 41 78 16 91 18 82 34 76 10 80 1 79 71 8 80 63 32 53 60 11 4 19 47 66 30 67 62 21 81 15 95 9 79 86 85 71 65 31 48 4 23 98
64 31 42 54 38 89 78 62 22 58 6 67 20 11 79 65 25 88 64 89 25 56 75 96 30 95 58 35 33 90 72 17 18 96 17 24 54 35 15 57 80 62 23 17 99 6 87 27 26 92 79 52 75 39 49 27 81 89 82 0 37 78 27 68 78 55 53 40 59 67 64 64 3 82 86 9 9 63 34 89 53 72 16 12 56 85 23 63 59 82 11 88 8 68 79 83 23 72 48 41 78 62 71 95 8 56 89 99 84 82 48 0 0 72 76 23 45 38 73 85 11 58 42 35 65 27 88 27 35 49 53 21 68 39 48 44 92 38 18 100 19
15 32 96 74 45 43 4 30 62 35 27 28 84 84 40 84 10 23 10 48 60 72 17 2 89 43 30 45 80 38 49 43 59 86 78 58 73 13 69 66 28 86 36 40 67 58 60 40 63 32 1 0 74 83 62 21 88 30 42 37 0 10 47 4 70 51 24 100 25 67 28 97 55 93 53 22 47 98 41 52 18 2 33 47 100 65 49 55 7 76 72 90 70 57 30 16 48 60 7 7 94 82 57 33 88 88 79 21 87 32 13 21 58 39 39 64 57 3 14 79 76 96 21 2 64 42 92 28 2 2 23 16 53 95 67 100 82 74 35 81 48
75 100 89 98 49 48 57 0 65 85 21 9 22 77 81 87 86 43 55 27 17 86 92 74 51 91 28 30 62 95 71 63 93 72 41 5 68 6 68 98 67 47 84 32 0 61 6 29 56 10 63 33 57 16 87 35 22 51 15 78 10 0 96 94 70 7 32 43 86 74 90 64 40 51 50 48 54 22 70 76 47 20 1 11 27 34 3 34 63 97 58 72 52 69 9 16 36 30 79 52 97 34 47 5 75 4 81 32 30 23 1 90 90 54 4 81 28 67 12 71 78 67 22 67 44 97 35 71 42 40 81 58 19 79 62 5 12 43 41 45 89
74 58 58 90 38 9 73 96 61 66 64 56 41 94 83 42 9 37 99 61 60 87 71 11 56 95 13 72 46 4 93 43 85 59 32 28 3 80 31 38 11 2 47 65 48 84 34 34 87 5 13 30 54 20 70 62 69 88 52 27 47 96 0 4 21 35 15 88 67 37 0 64 23 29 80 49 75 90 41 69 25 38 52 35 17 84 48 53 96 44 68 88 36 16 94 31 77 13 50 35 4 93 4 85 44 5 93 93 46 68 38 32 85 49 62 75 88 25 55 29 1 79 87 26 73 35 55 40 52 1 70 20 15 53 27 55 90 5 41 54 43
12 21 100 26 4 91 18 14 90 4 84 73 72 56 47 72 47 72 66 2 48 100 7 97 62 31 81 12 28 96 53 83 24 53 68 52 80 2 92 13 58 11 74 64 53 72 82 57 77 0 85 80 58 99 81 87 50 44 54 68 4 94 4 0 100 49 61 72 87 16 86 6 3 85 88 30 67 55 0 99 1 63 80 97 15 36 42 55 35 81 69 26 2 37 4 44 47 47 69 83 45 28 52 33 62 92 48 40 73 76 60 63 91 62 46 43 27 42 11 76 95 56 31 43 36 7 85 95 49 4 27 100 93 53 28 62 78 63 25 37 27
40 88 0 95 20 51 3 49 90 10 28 13 37 17 16 72 54 33 81 41 72 73 8 42 55 5 85 65 25 17 86 17 46 28 87 19 9 61 81 85 67 26 7 40 73 70 63 10 49 55 73 51 6 26 27 5 98 51 58 78 70 70 21 100 0 44 81 57 29 69 42 90 91 56 32 75 99 61 56 23 80 55 22 8 38 37 91 2 58 65 17 41 41 41 64 90 26 29 35 45 11 26 61 15 14 28 2 93 46 96 35 25 23 19 28 78 98 89 36 80 88 64 64 39 63 24 89 7 71 20 37 33 31 10 31 15 29 88 94 6 36
52 30 57 65 31 1 33 12 65 80 7 24 93 40 69 20 69 87 45 16 45 14 49 95 55 16 3 92 32 87 50 53 39 28 88 30 1 86 97 51 71 81 79 40 66 70 23 73 21 97 61 37 92 37 98 70 96 34 56 55 51 7 35 49 44 0 1 52 26 48 31 92 45 45 86 42 5 68 50 88 66 26 84 6 62 24 37 58 0 97 81 88 2 4 27 59 41 26 6 45 64 7 34 78 27 78 73 7 48 91 90 74 84 75 57 78 28 10 20 15 47 90 42 68 66 35 96 55 29 81 31 37 67 28 78 79 70 17 23 85 11
17 13 21 38 39 84 63 31 12 24 53 73 4 89 74 42 98 50 89 11 67 40 96 33 96 21 49 75 60 96 7 77 99 2 68 81 90 86 79 50 45 57 20 39 44 90 96 76 99 3 45 42 23 84 13 7 16 43 77 53 24 32 15 61 81 1 0 59 60 33 47 40 14 14 36 16 19 28 29 6 3 30 73 71 32 77 22 75 4 65 8 77 41 16 4 21 1 78 90 85 79 9 92 93 79 39 55 31 100 67 47 26 59 4 75 44 66 64 10 15 21 77 32 73 82 76 53 8 89 71 75 86 7 52 33 47 60 40 15 88 100
20 11 19 84 98 3 31 34 30 16 96 10 62 42 12 10 19 82 78 48 35 22 61 75 21 61 29 21 72 32 17 98 87 40 49 48 21 36 35 61 36 44 19 18 33 33 97 48 52 3 97 55 90 74 40 12 8 30 40 40 100 43 88 72 57 52 59 0 33 85 93 72 88 35 62 54 0 99 94 64 54 13 62 96 15 41 28 21 16 40 76 99 78 91 100 3 34 22 25 19 70 13 43 5 71 63 84 38 86 35 76 4 12 20 99 48 56 27 32 8 49 28 11 45 0 66 14 4 17 87 17 42 25 70 41 50 28 25 80 41 11
99 1 28 76 94 21 99 63 78 90 55 96 33 85 48 94 18 83 78 73 29 90 29 66 99 59 92 49 62 15 90 4 10 5 41 96 94 86 49 60 2 46 87 56 71 89 56 77 64 97 7 44 27 4 7 18 46 30 69 59 25 86 67 87 29 26 60 33 0 15 45 79 35 7 1 91 39 30 38 14 82 44 39 79 42 33 5 41 73 69 60 60 53 32 31 62 21 68 80 43 83 40 3 14 77 83 43 20 14 1 5 44 27 1 7 55 41 49 49 63 30 55 64 18 20 4 47 75 83 87 37 36 35 46 69 46 46 11 2 41 7
98 87 12 62 1 3 48 91 70 16 25 70 46 80 31 21 58 36 99 46 96 52 10 66 91 92 95 20 10 78 73 53 92 31 12 93 47 69 40 2 73 48 5 18 27 27 47 84 48 50 89 72 90 46 43 25 91 90 19 67 67 74 37 16 69 48 33 85 15 0 94 51 66 0 40 12 29 85 27 9 8 40 72 83 87 37 17 54 70 70 67 19 89 1 29 94 77 78 56 27 74 30 87 48 14 57 47 13 93 23 67 34 13 25 98 52 55 72 56 1 20 6 90 41 26 3 40 17 38 88 87 88 56 45 67 90 88 1 89 55 45
14 51 68 38 57 35 69 90 63 93 93 69 82 17 43 61 100 6 55 84 79 39 38 47 46 25 53 64 39 91 98 54 74 90 73 35 93 57 19 100 83 4 13 82 54 69 58 38 50 52 93 7 13 60 61 44 97 35 13 64 28 90 0 86 42 31 47 93 45 94 0 12 51 28 89 41 47 54 14 52 82 76 8 95 27 16 66 21 63 67 45 18 69 37 57 73 55 91 37 36 69 51 27 79 84 9 12 7 35 56 55 68 3 43 79 33 48 4 47 61 25 76 2 0 98 9 69 44 80 13 61 73 75 62 68 71 1 92 49 68 58
10 49 8 58 79 76 56 53 93 68 50 24 55 4 85 36 9 34 1 35 16 98 27 1 41 81 51 78 27 76 95 92 84 23 42 51 14 32 25 79 79 37 98 9 74 41 12 41 88 19 2 17 57 24 1 0 95 78 45 64 97 64 64 6 90 92 40 72 79 51 12 0 1 96 12 36 69 61 79 7 12 35 55 76 89 54 22 99 24 81 64 49 8 7 55 82 2 24 13 23 94 57 83 34 68 80 27 40 88 60 72 13 20 27 88 91 87 96 28 55 80 69 79 43 22 39 80 80 79 72 34 84 5 76 87 39 89 85 63 63 86
49 70 60 6 67 93 71 37 55 20 88 55 32 26 81 7 68 19 58 64 69 62 55 97 3 92 10 58 51 69 67 55 57 84 11 0 80 20 12 40 58 89 93 61 22 18 30 32 59 3 46 32 75 74 54 98 28 12 57 3 55 40 23 3 91 45 14 88 35 66 51 1 0 100 44 74 97 7 83 53 28 49 39 77 69 74 44 6 4 78 58 51 27 13 41 7 95 45 63 76 32 55 29 83 41 94 51 85 94 74 27 43 4 57 11 58 46 26 63 44 95 8 29 15 36 37 100 25 48 60 80 45 8 32 50 60 63 42 8 68 56
78 61 99 76 97 31 86 90 74 91 59 0 7 31 63 77 7 38 66 96 37 61 70 96 32 42 89 27 52 81 17 3 1 2 94 50 36 62 43 23 34 18 98 20 70 80 21 60 72 59 55 14 52 97 33 34 29 74 46 82 93 51 29 85 56 45 14 35 7 0 28 96 100 0 3 67 20 82 33 7 97 2 13 53 36 70 18 92 55 39 87 100 12 86 30 44 0 67 20 47 99 78 41 95 76 78 63 22 74 29 53 38 25 90 16 42 57 82 47 6 38 3 86 78 78 7 45 96 53 93 94 8 19 60 69 29 60 43 12 14 57
100 93 11 41 60 40 64 31 37 84 16 30 36 81 93 48 85 84 56 58 46 70 65 37 55 93 12 84 32 11 21 75 89 75 61 71 84 81 97 1 44 70 59 69 83 42 24 59 30 71 64 9 2 37 77 35 66 52 79 86 53 50 80 88 32 86 36 62 1 40 89 12 44 3 0 39 92 2 70 56 95 98 66 89 70 22 96 1 96 78 30 10 44 81 93 47 29 90 59 19 68 68 32 41 33 71 48 28 19 0 95 97 68 21 99 1 48 73 8 56 90 19 81 62 53 8 38 86 20 95 55 40 64 80 7 78 59 14 8 39 100
14 19 29 60 68 37 97 31 63 1 20 18 25 92 37 65 97 4 28 23 92 48 54 90 26 5 86 61 60 61 26 27 64 35 100 24 28 41 59 38 97 77 30 0 50 25 83 75 39 92 49 0 45 13 11 25 81 23 68 9 22 48 49 30 75 42 16 54 91 12 41 36 74 67 39 0 90 47 55 41 65 23 63 65 47 49 66 41 96 28 62 54 91 29 34 72 94 48 73 13 52 72 42 40 12 28 85 41 85 38 64 60 68 93 100 74 65 32 23 65 64 41 52 6 95 95 100 47 13 10 65 55 41 61 32 90 89 48 23 47 38
37 56 15 3 79 70 32 20 68 78 54 69 92 54 90 55 25 29 5 85 2 7 4 74 0 59 52 91 61 72 56 84 74 32 27 81 19 68 21 1 70 4 31 1 15 17 88 62 29 25 49 87 71 4 43 47 9 23 98 9 47 54 75 67 99 5 19 0 39 29 47 69 97 20 92 90 0 45 25 90 32 67 56 24 27 58 90 92 81 94 59 53 72 85 18 32 83 92 32 20 90 100 45 64 67 14 42 16 100 55 92 82 22 93 45 62 31 30 32 57 20 77 21 91 79 76 58 4 5 77 39 59 51 92 46 43 89 4 47 84 9
99 10 16 51 96 0 28 25 74 81 19 38 61 60 97 68 49 22 15 20 83 36 66 37 26 68 31 26 89 82 80 71 3 97 79 41 98 84 10 2 85 77 38 42 43 78 2 10 99 62 41 86 15 0 36 29 42 44 2 63 98 22 90 55 61 68 28 99 30 85 54 61 7 82 2 47 45 0 37 26 42 100 5 38 53 78 89 8 12 21 71 63 3 16 15 35 92 22 40 98 26 7 23 78 3 51 53 15 88 22 24 64 21 54 77 69 3 25 13 20 73 72 97 28 11 5 51 66 37 14 21 9 81 32 13 31 45 98 45 37 87
96 71 89 95 49 95 65 90 6 19 83 29 94 25 4 9 14 84 56 94 5 82 29 7 95 45 60 75 39 4 47 73 54 61 16 72 26 10 70 50 79 95 15 27 51 18 35 40 0 91 74 3 83 100 13 24 52 54 95 34 41 70 41 0 56 50 29 94 38 27 14 79 83 33 70 55 25 37 0 0 100 15 84 43 66 4 53 73 77 23 39 89 100 90 70 29 35 58 95 53 5 95 54 31 49 54 79 5 88 36 23 10 75 79 75 100 48 52 13 26 11 84 17 23 11 86 98 2 69 86 44 84 6 97 67 59 1 80 79 43 74
41 1 27 93 34 85 76 94 55 47 60 75 18 43 42 65 3 62 12 13 69 92 11 64 18 66 58 76 10 83 93 99 76 100 57 46 88 6 15 7 64 75 97 7 83 90 76 92 19 15 18 74 96 94 65 8 52 48 88 89 52 76 69 99 23 88 6 64 14 9 52 7 53 7 56 41 90 26 0 0 18 18 55 97 85 52 98 25 71 76 100 13 29 12 32 81 60 5 93 73 32 53 13 68 92 17 2 79 91 13 90 20 3 60 82 8 18 44 26 77 54 39 86 92 44 34 88 1 77 32 82 89 64 61 13 95 88 64 17 96 11
75 29 97 64 15 15 22 67 10 89 7 96 34 96 84 19 12 6 85 83 31 94 85 16 10 20 75 8 92 93 78 55 79 77 18 93 28 72 82 61 24 88 64 100 16 40 17 42 11 30 70 22 53 47 22 88 77 88 83 53 18 47 25 1 80 66 3 54 82 8 82 12 28 97 95 65 32 42 100 18 0 49 2 18 18 49 33 90 21 11 33 76 81 61 11 82 88 69 76 77 57 25 3 67 28 13 86 96 67 54 29 91 83 22 46 93 29 88 69 4 65 67 15 62 7 54 97 94 24 12 96 36 42 13 93 51 3 37 60 63 57
3 13 87 8 93 36 100 89 90 26 61 62 48 32 15 0 84 71 87 95 47 30 22 34 53 50 39 30 78 6 83 47 39 74 21 88 24 27 99 69 4 39 95 15 3 27 100 72 67 92 40 44 54 29 20 59 91 61 57 72 2 20 38 63 55 26 30 13 44 40 76 35 49 2 98 23 67 100 15 18 49 0 69 59 46 80 89 12 43 36 63 29 19 47 35 42 76 71 69 10 70 45 69 84 67 92 28 99 17 96 10 14 84 97 66 89 79 99 8 24 8 33 8 35 1 40 37 82 81 43 38 14 30 54 25 67 15 45 57 61 84
17 34 21 16 77 47 67 97 100 21 24 70 17 75 81 87 63 22 85 14 17 54 12 48 66 52 21 93 46 45 61 2 29 23 22 10 39 94 42 93 23 96 21 1 20 86 99 60 70 90 97 66 36 91 83 49 95 70 90 16 33 1 52 80 22 84 73 62 39 72 8 55 39 13 66 63 56 5 84 55 2 69 0 77 53 50 94 84 85 9 32 6 13 38 97 93 9 63 73 69 41 90 58 60 46 18 92 13 76 40 43 55 31 45 63 27 29 65 37 36 8 45 30 2 79 39 17 5 46 4 54 60 40 15 95 7 46 16 23 78 78
43 20 51 26 72 60 56 97 23 87 30 22 0 88 30 4 63 76 28 75 46 98 94 76 83 5 68 15 3 15 12 86 98 9 57 56 17 6 41 40 91 23 11 96 21 81 91 26 90 1 85 58 71 68 52 98 24 89 76 12 47 11 35 97 8 6 71 96 79 83 95 76 77 53 89 65 24 38 43 97 18 59 77 0 97 9 68 49 47 60 80 90 83 23 42 46 55 10 47 32 38 23 5 81 68 38 31 59 73 33 70 9 88 79 35 96 86 26 93 85 66 26 16 23 91 4 85 48 87 35 91 42 52 98 43 19 50 15 3 72 18
66 49 38 44 20 3 81 80 38 41 64 67 44 30 32 27 58 57 59 81 17 80 83 11 14 100 38 26 86 100 4 2 9 77 4 64 91 35 14 19 41 90 27 2 17 89 41 49 38 73 28 86 96 68 89 66 65 45 0 56 100 27 17 15 38 62 32 15 42 87 27 89 69 36 70 47 27 53 66 85 18 46 53 97 0 99 73 66 83 45 93 45 34 39 58 100 1 94 49 69 46 90 64 83 38 82 26 74 24 11 78 3 65 49 28 86 66 40 78 80 46 84 61 57 46 14 12 58 36 36 66 97 7 41 71 73 14 91 80 65 88
91 4 78 32 44 10 45 99 45 81 88 11 2 38 14 83 55 82 82 90 19 97 37 79 84 81 14 47 1 70 30 37 33 91 27 27 76 31 53 43 44 81 44 70 11 100 7 50 71 41 64 75 90 4 18 17 61 14 43 85 65 34 84 36 37 24 77 41 33 37 16 54 74 70 22 49 58 78 4 52 49 80 50 9 99 0 96 8 40 19 33 26 4 75 53 36 62 0 11 63 6 38 77 87 11 62 13 30 26 88 84 28 60 69 48 39 78 77 70 64 62 69 6 47 60 80 37 45 92 73 91 28 29 15 46 96 56 4 56 29 18
74 8 49 20 41 14 32 81 44 67 96 20 7 39 100 2 4 4 62 72 97 45 0 79 6 3 56 32 21 72 84 86 72 48 40 56 62 34 51 25 89 67 38 50 58 52 68 91 16 43 97 6 32 95 20 51 3 91 61 23 49 3 48 42 91 37 22 28 5 17 66 22 44 18 96 66 90 89 53 98 33 89 94 68 73 96 0 19 12 13 99 24 36 76 51 18 11 16 82 45 75 12 41 47 34 4 61 39 67 99 93 48 86 45 51 86 6 31 30 47 18 21 95 61 59 34 44 2 56 29 22 81 19 78 71 36 47 55 93 68 85
54 89 99 27 66 27 19 67 95 52 80 48 95 16 21 85 64 98 42 81 94 3 60 90 74 61 62 31 31 75 7 66 92 92 13 40 27 13 11 56 46 46 73 39 76 27 10 90 32 0 39 5 80 39 40 41 58 90 98 63 55 34 53 55 2 58 75 21 41 54 21 99 6 92 1 41 92 8 73 25 90 12 84 49 66 8 19 0 41 77 28 20 67 8 12 57 45 9 18 21 56 88 61 22 81 80 74 89 90 69 88 63 91 98 26 44 74 91 14 95 52 9 51 47 39 73 6 20 92 50 39 38 75 32 6 18 14 52 63 89 4
40 89 77 2 59 11 42 42 64 83 76 51 45 96 17 100 88 39 33 69 100 8 82 51 8 41 76 44 14 5 98 93 93 73 46 29 55 56 1 32 68 77 15 18 72 82 76 81 28 28 11 85 75 62 40 16 2 29 89 59 7 63 96 35 58 0 4 16 73 70 63 24 4 55 96 96 81 12 77 71 21 43 85 47 83 40 12 41 0 62 66 34 11 20 72 98 6 38 36 52 92 7 100 51 94 66 1 90 65 47 59 13 26 11 6 46 36 8 55 3 73 38 56 58 5 0 36 17 95 25 99 30 26 48 89 46 35 33 45 10 95
96 36 72 22 67 34 70 56 3 12 19 51 17 66 21 98 92 47 96 53 49 10 87 89 99 31 78 66 50 92 31 29 96 28 32 97 24 74 66 72 9 5 29 0 46 2 91 79 60 80 54 33 10 1 19 14 82 58 43 82 76 97 44 81 65 97 65 40 69 70 67 81 78 39 78 28 94 21 23 76 11 36 9 60 45 19 13 77 62 0 86 9 14 41 93 1 29 39 74 13 51 28 21 19 84 2 85 64 14 81 42 78 99 88 25 48 65 37 95 68 61 84 23 81 31 49 42 29 12 58 51 21 33 46 55 100 54 56 70 36 84
25 61 14 83 8 56 36 29 61 100 85 71 100 41 72 35 27 94 80 0 25 67 98 64 9 41 96 98 12 83 84 85 66 0 28 28 22 89 83 44 50 60 78 21 49 88 5 27 63 94 58 91 28 26 78 50 80 45 35 11 72 58 68 69 17 81 8 76 60 67 45 64 58 87 30 62 59 71 39 100 33 63 32 80 93 33 99 28 66 86 0 46 39 43 29 3 34 20 30 29 48 4 79 96 92 46 93 85 71 77 26 3 29 48 9 84 11 18 47 15 32 36 95 3 24 62 73 29 97 27 49 40 53 55 0 72 52 53 82 24 93
100 98 100 97 29 38 40 25 78 43 53 83 91 57 40 93 1 71 88 41 37 31 29 93 18 66 96 69 63 2 79 62 49 95 56 97 14 36 15 17 3 66 91 76 82 66 78 72 54 81 47 28 27 64 82 72 27 70 58 88 90 72 88 26 41 88 77 99 60 19 18 49 51 100 10 54 53 63 89 13 76 29 6 90 45 26 24 20 34 9 46 0 90 20 94 52 95 2 75 14 56 58 75 84 56 46 44 52 52 36 87 34 59 45 97 23 48 65 100 60 36 97 48 50 17 85 32 80 67 32 44 0 60 58 59 19 42 42 84 35 14
36 73 33 67 100 87 19 20 91 22 56 34 89 95 39 73 67 93 58 54 43 65 79 56 35 6 14 1 2 49 91 25 85 10 20 90 65 97 89 57 15 73 52 30 0 38 42 69 91 44 68 95 100 96 25 80 11 69 47 8 70 52 36 2 41 2 41 78 53 89 69 8 27 12 44 91 72 3 100 29 81 19 13 83 34 4 36 67 11 14 39 90 0 10 100 33 30 12 92 12 11 24 74 85 54 28 64 5 12 61 51 73 21 8 98 92 40 11 62 66 38 31 26 6 48 13 53 59 52 74 77 9 84 48 87 34 84 28 31 46 31
0 71 72 6 47 90 29 52 67 100 79 57 60 83 74 73 93 61 40 26 80 33 79 23 17 68 48 52 63 51 30 41 90 55 62 16 11 28 64 82 33 7 74 34 44 10 40 69 29 68 42 85 8 50 50 16 73 12 16 68 57 69 16 37 41 4 16 91 32 1 37 7 13 86 81 29 85 16 90 12 61 47 38 23 39 75 76 8 20 41 43 20 10 0 12 39 79 42 82 91 30 33 21 48 100 66 61 48 45 49 41 75 17 28 19 72 58 68 13 34 95 42 100 46 57 26 24 57 41 18 81 93 72 95 100 94 87 57 84 8 97
59 7 51 29 30 59 82 90 64 13 49 92 46 7 38 69 38 1 50 11 22 80 83 1 8 51 79 51 48 37 77 56 85 60 68 22 20 0 86 0 39 91 26 83 61 1 25 82 4 95 75 24 52 60 75 100 72 16 56 79 30 9 94 4 64 27 4 100 31 29 57 55 41 30 93 34 18 15 70 32 11 35 97 42 58 53 51 12 72 93 29 94 100 12 0 9 7 89 60 23 22 49 68 96 65 13 19 8 51 54 43 13 35 49 32 17 28 35 82 58 91 0 15 74 24 18 86 70 65 51 83 90 30 22 99 89 24 58 87 49 58
47 49 99 57 71 4 65 58 76 21 64 97 53 3 40 37 39 60 26 58 32 80 58 97 48 40 88 22 79 38 88 42 60 95 25 31 85 62 66 27 44 73 80 37 73 7 34 79 95 79 67 57 36 32 95 96 57 88 70 83 16 16 31 44 90 59 21 3 62 94 73 82 7 44 47 72 32 35 29 81 82 42 93 46 100 36 18 57 98 1 3 52 33 39 9 0 100 98 78 56 9 7 70 85 64 19 8 27 14 60 94 84 35 34 46 99 32 37 78 29 32 50 61 47 1 62 92 8 58 30 90 30 77 25 8 80 52 69 93 99 98
39 19 63 41 21 42 34 50 91 46 55 82 29 30 50 29 88 4 57 67 76 55 66 87 32 80 4 48 73 89 51 35 19 96 48 19 62 70 34 35 45 77 49 64 43 72 68 93 50 74 1 72 37 9 81 50 56 64 28 23 48 36 77 47 26 41 1 34 21 77 55 2 95 0 29 94 83 92 35 60 88 76 9 55 1 62 11 45 6 29 34 95 30 79 7 100 0 12 13 56 1 77 32 18 57 47 96 99 69 51 46 86 90 36 53 53 49 88 6 1 82 66 20 45 88 39 94 69 33 37 74 0 2 55 32 16 80 91 69 33 44
20 19 98 93 60 18 94 70 90 25 100 75 42 66 23 32 18 60 81 69 92 43 39 28 61 35 42 92 58 27 50 19 92 69 56 63 60 33 1 53 68 33 17 87 72 18 58 34 26 49 61 63 72 92 27 52 33 54 22 72 60 30 13 47 29 26 78 22 68 78 91 24 45 67 90 48 92 22 58 5 69 71 63 10 94 0 16 9 38 39 20 2 12 42 89 98 12 0 57 18 35 12 97 17 25 13 58 90 1 41 80 6 72 72 20 70 54 99 88 32 73 80 10 53 10 13 58 35 21 88 75 41 12 98 91 73 11 54 41 74 95
13 89 6 43 33 50 87 72 6 94 95 34 97 48 64 78 69 41 99 71 13 79 72 36 25 1 36 33 66 100 65 21 37 12 85 59 64 64 40 56 85 10 75 67 76 11 8 70 74 78 43 62 81 39 44 27 61 16 81 48 7 79 50 69 35 6 90 25 80 56 37 13 63 20 59 73 32 40 95 93 76 69 73 47 49 11 82 18 36 74 30 75 92 82 60 78 13 57 0 43 76 96 63 11 39 43 17 67 56 35 62 61 68 51 70 100 78 88 1 38 85 10 46 59 39 56 63 42 54 52 25 95 57 64 46 33 86 56 26 65 3
39 33 92 98 86 41 87 43 68 13 49 71 50 94 13 57 26 92 96 6 86 57 17 22 8 10 7 27 6 8 70 97 38 4 24 7 100 81 15 84 22 72 70 41 52 21 87 10 59 23 82 73 40 62 29 0 21 78 41 41 7 52 35 83 45 45 85 19 43 27 36 23 76 47 19 13 20 98 53 73 77 10 69 32 69 63 45 21 52 13 29 14 12 91 23 56 56 18 43 0 36 58 92 9 63 100 50 42 71 2 76 41 48 2 65 72 10 9 41 46 4 38 13 90 51 36 5 5 90 36 52 5 39 68 38 26 70 93 37 94 46
74 92 88 49 40 69 49 43 5 86 53 76 19 57 38 3 80 41 11 91 10 1 35 28 60 40 3 45 2 11 7 8 26 4 93 48 81 81 87 75 40 53 42 55 63 2 51 88 84 3 42 67 92 20 5 33 88 64 78 78 94 97 4 45 11 64 79 70 83 74 69 94 32 99 68 52 90 26 5 32 57 70 41 38 46 6 75 56 92 51 48 56 11 30 22 9 1 35 76 36 0 90 55 42 74 87 81 52 95 100 16 37 26 12 19 49 49 31 24 41 81 87 91 69 13 53 71 7 100 14 24 22 32 85 89 81 32 88 33 42 70
82 64 49 60 83 42 25 75 22 2 33 81 22 61 77 53 77 12 95 96 57 38 20 42 51 67 43 24 75 60 70 55 38 90 94 6 8 54 87 42 2 30 10 98 55 91 16 92 72 95 28 63 45 53 63 70 50 44 16 62 82 34 93 28 26 7 9 13 40 30 51 57 55 78 68 72 100 7 95 53 25 45 90 23 90 38 12 88 7 28 4 58 24 33 49 7 77 12 96 58 90 0 83 94 62 74 30 10 99 38 51 65 32 91 32 20 10 99 80 29 31 30 19 62 62 14 57 10 9 75 66 13 74 11 54 4 73 50 14 58 81
7 55 99 13 92 15 97 25 100 82 66 47 4 72 93 4 13 20 43 31 39 76 67 69 96 40 98 1 38 61 63 13 6 22 65 26 28 75 12 35 36 61 69 13 23 23 94 85 94 53 1 48 22 36 27 86 27 79 91 71 57 47 4 52 61 34 92 43 3 87 27 83 29 41 32 42 45 23 54 13 3 69 58 5 64 77 41 61 100 21 79 75 74 21 68 70 32 97 63 92 55 83 0 38 68 78 86 71 59 3 54 69 47 81 20 48 56 8 96 39 13 98 65 84 6 15 14 14 64 8 96 49 88 86 53 80 5 97 86 37 43
25 38 86 24 60 18 37 27 11 44 31 99 99 28 50 64 42 91 26 13 88 20 95 39 36 21 53 15 22 77 85 4 29 43 27 9 42 15 82 56 71 79 72 71 59 57 46 95 29 90 13 85 99 90 3 90 41 60 18 95 33 5 85 33 15 78 93 5 14 48 79 34 83 95 41 40 64 78 31 68 67 84 60 81 83 87 47 22 51 19 96 84 85 48 96 85 18 17 11 9 42 94 38 0 68 80 16 99 3 26 99 50 33 7 50 9 55 29 79 3 88 36 20 59 67 14 28 91 88 61 67 99 53 37 48 2 100 58 81 35 55
84 11 9 67 95 40 1 72 27 16 84 82 24 51 76 68 44 75 73 62 40 51 52 44 49 48 66 80 89 49 49 95 63 66 58 87 55 45 19 60 63 37 6 73 78 78 55 71 65 90 14 35 22 3 9 77 54 4 82 8 88 75 44 62 14 27 79 71 77 14 84 68 41 76 33 12 67 3 49 92 28 67 46 68 38 11 34 81 94 84 92 56 54 100 65 64 57 25 39 63 74 62 68 68 0 23 39 83 86 75 84 62 18 24 45 81 14 78 3 16 62 47 40 82 49 19 4 83 82 14 85 38 79 60 87 49 67 10 1 71 35
22 36 40 66 84 38 86 14 85 83 97 47 82 37 54 35 61 13 49 91 6 47 83 78 26 35 71 71 35 40 9 1 3 60 29 58 45 44 43 76 34 11 68 94 61 99 69 71 56 34 21 4 37 69 85 68 25 72 34 56 88 4 5 92 28 78 39 63 83 57 9 80 94 78 71 28 14 51 54 17 13 92 18 38 82 62 4 80 66 2 46 46 28 66 13 19 47 13 43 100 87 74 78 80 23 0 47 84 9 29 68 14 94 21 48 11 5 54 66 55 46 52 10 5 98 22 67 64 1 45 66 36 15 71 71 27 12 63 65 60 44
15 24 49 55 23 99 83 9 92 76 22 15 63 50 61 48 45 45 91 94 72 51 43 23 9 30 49 13 91 87 11 34 16 81 15 91 30 58 62 69 8 25 97 58 28 84 92 65 90 45 90 36 90 87 79 71 19 100 76 89 79 81 93 48 2 73 55 84 43 47 12 27 51 63 48 85 42 53 79 2 86 28 92 31 26 13 61 74 1 85 93 44 64 61 19 8 96 58 17 50 81 30 86 16 39 47 0 66 23 45 33 93 94 56 71 39 88 88 59 58 44 33 19 96 33 29 56 50 88 42 25 80 4 65 2 39 20 6 29 68 26
86 80 15 67 55 82 67 6 98 51 34 13 73 2 47 67 21 92 92 13 21 79 31 100 68 86 49 20 93 54 62 93 15 1 13 95 14 49 29 94 48 80 83 96 42 59 29 57 54 59 86 31 16 67 97 26 48 85 10 99 21 32 93 40 93 7 31 38 20 13 7 40 85 22 28 41 16 15 5 79 96 99 13 59 74 30 39 89 90 64 85 52 5 48 8 27 99 90 67 42 52 10 71 99 83 84 66 0 7 93 81 27 79 78 67 87 23 100 14 60 63 29 83 60 52 53 7 53 37 48 56 1 84 43 58 91 61 71 29 38 73
32 32 49 13 34 72 76 88 32 75 70 55 96 73 71 52 35 24 91 25 39 16 4 31 75 20 70 87 16 71 92 1 81 95 6 68 26 91 13 19 72 18 90 88 75 0 5 4 33 41 0 58 5 7 73 81 72 24 80 84 87 30 46 73 46 48 100 86 14 93 35 88 94 74 19 85 100 88 88 91 67 17 76 73 24 26 67 90 65 14 71 52 12 45 51 14 69 1 56 71 95 99 59 3 86 9 23 7 0 58 17 76 71 11 27 37 70 14 40 7 33 4 92 35 23 20 37 90 70 19 86 65 59 56 96 95 99 2 48 23 2
82 14 41 36 58 38 48 29 38 55 70 73 77 51 55 62 46 13 9 4 21 39 13 90 6 31 99 37 90 23 80 65 7 55 32 14 77 92 93 63 97 75 94 78 63 49 100 16 28 96 80 19 37 34 66 79 59 20 1 82 32 23 68 76 96 91 67 35 1 23 56 60 74 29 0 38 55 22 36 13 54 96 40 33 11 88 99 69 47 81 77 36 61 49 54 60 51 41 35 2 100 38 3 26 75 29 45 93 58 0 36 71 53 73 53 83 20 79 14 32 51 49 0 14 98 78 53 90 40 47 12 87 52 13 46 15 7 65 72 53 83
6 14 4 21 69 10 9 57 96 4 93 76 39 98 95 91 28 41 6 43 74 78 28 89 26 59 24 0 47 62 33 55 34 74 23 24 63 92 6 60 19 5 20 38 58 18 53 6 9 64 68 80 100 21 38 29 76 36 79 48 13 1 38 60 35 90 47 76 5 67 55 72 27 53 95 64 92 24 23 90 29 10 43 70 78 84 93 88 59 42 26 87 51 41 43 94 46 80 62 76 16 51 54 99 84 68 33 81 17 36 0 16 89 2 21 33 37 98 89 26 78 64 54 4 20 23 93 81 23 12 69 35 86 92 37 60 31 71 46 20 80
1 61 50 100 6 47 80 78 85 100 1 97 7 73 30 37 38 17 87 91 29 64 52 46 29 41 21 0 35 82 17 90 39 31 75 56 54 21 77 94 90 25 28 34 65 79 22 92 47 92 41 89 78 56 25 96 19 45 71 0 21 90 32 63 25 74 26 4 44 34 68 13 43 38 97 60 82 64 10 20 91 14 55 9 3 28 48 63 13 78 3 34 73 75 13 84 86 6 61 41 37 65 69 50 62 14 93 27 76 71 16 0 75 71 18 77 15 78 82 62 41 56 63 42 67 80 96 3 87 95 52 61 0 9 1 56 53 38 58 81 46
12 57 98 28 84 21 0 79 7 19 65 75 91 33 66 96 29 26 68 98 53 5 35 39 28 56 39 40 72 6 36 10 40 79 70 89 95 68 36 45 19 84 48 34 46 80 55 10 26 93 62 8 56 55 33 77 94 4 8 0 58 90 85 91 23 84 59 12 27 13 3 20 4 25 68 68 22 21 75 3 83 84 31 88 65 60 86 91 26 99 29 59 21 17 35 35 90 72 68 48 26 32 47 33 18 94 94 79 71 53 89 75 0 18 42 90 58 88 24 50 25 50 16 7 13 95 38 32 94 0 39 37 23 86 37 8 96 65 5 10 25
9 4 58 65 61 22 7 74 45 23 31 16 54 33 87 20 63 48 78 90 11 28 0 96 26 98 74 60 32 27 32 51 94 73 15 53 65 45 10 68 27 100 52 22 30 54 93 35 15 64 75 83 83 48 74 26 71 38 80 72 39 54 49 62 19 75 4 20 1 25 43 27 57 90 21 93 93 54 79 60 22 97 45 79 49 69 45 98 11 88 48 45 8 28 49 34 36 72 51 2 12 91 81 7 24 21 56 78 11 73 2 71 18 0 51 100 57 17 14 61 83 35 14 30 3 82 42 95 61 45 88 34 4 48 73 4 90 86 69 50 83
83 7 69 88 27 57 71 98 24 61 1 21 64 74 13 66 72 44 87 72 7 5 45 3 10 22 33 84 63 93 60 40 54 0 57 90 34 58 71 19 18 37 36 93 21 57 7 96 26 54 75 72 63 64 19 85 81 64 63 76 39 4 62 46 28 57 75 99 7 98 79 88 11 16 99 100 45 77 75 82 46 66 63 35 28 48 51 26 6 25 9 97 98 19 32 46 53 20 70 65 19 32 20 50 45 48 71 67 27 53 21 18 42 51 0 62 67 48 67 62 45 41 20 33 94 72 47 45 41 95 74 75 1 14 17 87 20 95 12 8 69
21 76 71 8 75 65 45 29 72 78 13 87 62 5 75 53 20 95 42 11 55 52 66 92 99 4 12 18 25 100 63 68 20 13 6 50 20 67 92 89 51 36 12 60 34 59 39 15 4 78 96 80 18 79 62 45 17 60 32 23 64 81 75 43 78 78 44 48 55 52 33 91 58 42 1 74 62 69 100 8 93 89 27 96 86 39 86 44 46 48 84 23 92 72 17 99 53 70 100 72 49 20 48 9 81 11 39 87 37 83 33 77 90 100 62 0 80 17 63 99 63 51 1 73 100 19 27 35 70 42 73 54 1 31 74 98 55 21 61 71 80
95 37 8 24 52 82 85 35 26 8 95 80 32 16 66 41 79 69 27 28 61 35 77 100 63 41 63 68 41 45 100 96 43 52 67 81 36 30 24 36 53 58 82 87 26 32 95 53 8 17 21 94 8 33 85 37 2 83 53 45 57 28 88 27 98 28 66 56 41 55 48 87 46 57 48 65 31 3 48 18 29 79 29 86 66 78 6 74 36 65 11 48 40 58 28 32 49 54 78 10 49 10 56 55 14 5 88 23 70 20 37 15 58 57 67 80 0 99 41 10 38 88 28 90 28 54 57 55 70 10 97 14 85 83 2 58 21 81 17 80 1
91 26 69 2 39 35 86 50 94 33 67 0 77 66 42 27 11 45 12 66 4 36 93 12 22 68 44 77 18 56 63 26 25 23 0 21 38 23 33 25 82 1 82 27 29 57 66 58 35 86 27 60 17 96 38 99 3 44 60 38 3 67 25 42 89 10 64 27 49 72 4 96 26 82 73 32 30 25 52 44 88 99 65 26 40 77 31 91 8 37 18 65 11 68 35 37 88 99 88 9 31 99 8 29 78 54 88 100 14 79 98 78 88 17 48 17 99 0 42 41 49 99 10 48 3 97 22 42 74 86 54 40 13 72 35 59 85 86 25 89 71
65 60 61 86 64 70 17 40 12 77 78 14 33 7 64 55 0 42 40 32 82 3 56 5 62 26 7 16 42 5 44 90 36 69 79 88 14 68 88 48 43 46 55 10 3 17 82 71 29 36 28 76 6 13 48 22 82 84 11 73 14 12 55 11 36 20 10 32 49 56 47 28 63 47 8 23 32 13 13 26 69 8 37 93 78 70 30 14 55 95 47 100 62 13 82 78 6 88 1 41 24 80 96 79 3 66 59 14 40 14 89 82 24 14 67 63 41 42 0 49 20 74 12 96 83 67 66 89 4 48 28 85 17 27 80 94 24 47 89 68 70
53 2 17 11 48 22 99 51 21 60 35 42 78 62 75 85 61 60 43 58 20 2 65 5 70 20 49 16 12 56 28 24 11 64 80 12 1 22 49 61 16 76 51 78 21 46 14 92 17 29 89 48 45 11 5 62 86 68 4 85 79 71 29 76 80 15 15 8 63 1 61 55 44 6 56 65 57 20 26 77 4 24 36 85 80 64 47 95 3 68 15 60 66 34 58 29 1 32 38 46 41 29 39 3 16 55 58 60 7 32 26 62 50 61 62 99 10 41 49 0 91 91 32 69 25 80 97 78 30 81 73 13 34 78 43 89 75 54 1 25 66
89 92 8 26 37 24 44 75 86 74 77 1 37 63 35 25 11 21 57 100 0 68 49 73 62 73 11 50 63 82 97 82 62 24 38 18 47 67 42 38 50 88 63 75 59 27 79 19 97 8 42 76 86 37 7 59 10 67 19 11 76 78 1 95 88 47 21 49 30 20 25 80 95 38 90 64 20 73 11 54 65 8 8 66 46 62 18 52 73 61 32 36 38 95 91 32 82 73 85 4 81 31 13 88 62 46 44 63 33 51 78 41 25 83 45 63 38 49 20 91 0 25 58 91 85 85 62 98 76 8 23 49 47 70 54 73 39 67 36 70 39
74 74 39 40 70 18 32 57 37 91 11 77 32 96 58 14 84 17 31 66 40 16 75 16 41 79 90 47 5 17 16 43 30 32 80 75 49 3 69 1 22 57 36 38 47 9 45 73 52 37 63 74 100 54 98 31 100 6 47 58 96 67 79 56 64 90 77 28 55 6 76 69 8 3 19 41 77 72 84 39 67 33 45 26 84 69 21 9 38 84 36 97 31 42 0 50 66 80 10 38 87 30 98 36 47 52 33 29 4 49 64 56 50 35 41 51 88 99 74 91 25 0 37 59 59 51 33 54 55 14 83 14 99 26 90 29 77 91 88 63 90
9 75 41 4 93 100 26 84 39 1 12 64 67 32 77 35 70 0 17 97 96 45 65 11 39 22 20 98 53 1 50 81 6 83 1 40 12 82 77 8 97 93 0 26 49 52 83 8 24 91 37 48 1 55 57 64 88 62 66 42 21 22 87 31 64 42 32 11 64 90 2 79 29 86 81 52 21 97 17 86 15 8 30 16 61 6 95 51 56 23 95 48 26 100 15 61 20 10 46 13 91 19 65 20 40 10 19 83 92 0 54 63 16 14 20 1 28 10 12 32 58 37 0 6 1 3 39 15 15 95 7 84 26 22 23 34 20 30 96 69 48
95 49 51 14 99 80 29 26 35 78 83 80 59 62 20 55 35 98 29 37 22 91 96 85 79 48 43 67 26 67 58 28 98 64 83 87 47 90 72 36 59 68 50 72 0 65 77 47 63 84 74 47 55 97 71 21 73 25 30 35 2 67 26 43 39 68 73 45 18 41 0 43 15 78 62 6 91 28 23 92 62 35 2 23 57 47 61 47 58 81 3 50 6 46 74 47 45 53 59 90 69 62 84 59 82 5 96 60 35 14 4 42 7 30 33 73 90 48 96 69 91 59 6 0 69 57 20 24 12 73 40 22 98 75 26 23 2 45 15 47 27
48 65 49 59 99 31 53 3 36 4 62 32 17 45 45 75 4 51 93 89 94 60 9 99 1 3 42 19 42 80 26 81 55 57 87 79 8 69 81 1 20 50 15 76 10 94 54 10 72 14 82 19 47 100 89 90 20 17 67 65 64 44 73 36 63 66 82 0 20 26 98 22 36 78 53 95 79 11 11 44 7 1 79 91 46 60 59 39 5 31 24 17 48 57 24 1 88 10 39 51 13 62 6 67 49 98 33 52 23 98 20 67 13 3 94 100 28 3 83 25 85 59 1 69 0 2 10 64 71 76 48 99 81 1 52 1 50 40 5 72 72
34 84 88 24 87 7 91 19 64 25 48 29 1 14 4 35 99 70 70 84 38 17 56 27 94 33 47 31 9 82 22 57 68 53 15 68 6 69 15 57 96 61 53 52 73 19 13 34 83 35 63 52 78 67 34 2 79 22 62 27 42 97 35 7 24 35 76 66 4 3 9 39 37 7 8 95 76 5 86 34 54 40 39 4 14 80 34 73 0 49 62 85 13 26 18 62 39 13 56 36 53 14 15 14 19 22 29 53 20 78 23 80 95 82 72 19 54 97 67 80 85 51 3 57 2 0 71 62 78 89 46 97 79 66 52 18 51 94 47 53 19
47 25 54 31 79 79 43 53 49 43 82 47 43 11 34 9 68 9 51 79 89 17 31 34 16 21 35 39 92 45 73 11 33 16 42 43 69 25 60 59 20 89 56 9 82 46 63 6 65 47 69 34 98 71 13 88 8 62 21 88 92 35 55 85 89 96 53 14 47 40 69 80 100 45 38 100 58 51 98 88 97 37 17 85 12 37 44 6 36 42 73 32 53 24 86 92 94 58 63 5 71 57 14 28 4 67 56 7 37 53 93 96 38 42 47 27 57 22 66 97 62 33 39 20 10 71 0 46 0 93 89 88 61 51 2 36 35 32 81 43 52
51 21 8 10 52 63 31 22 46 53 20 80 6 29 62 16 8 44 16 85 55 17 82 76 80 82 45 88 73 50 17 30 18 35 100 69 63 87 90 6 45 22 46 69 59 79 29 30 100 60 53 91 98 83 32 49 80 34 81 27 28 71 40 95 7 55 8 4 75 17 44 80 25 96 86 47 4 66 2 1 94 82 5 48 58 45 2 20 17 29 29 80 59 57 70 8 69 35 42 5 7 10 14 91 83 64 50 53 90 90 81 3 32 95 45 35 55 42 89 78 98 54 15 24 64 62 46 0 57 81 11 22 51 17 76 86 75 22 78 18 6
97 28 89 78 76 52 96 46 29 7 56 14 67 27 64 72 21 73 0 93 39 51 56 67 4 24 9 97 53 76 97 64 31 21 66 73 49 71 33 94 34 20 18 63 43 10 0 1 17 75 100 99 72 62 7 68 72 1 15 35 2 42 52 49 71 29 89 17 83 38 80 79 48 53 20 13 5 37 69 77 24 81 46 87 36 92 56 92 95 12 97 67 52 41 65 58 33 21 54 90 100 9 64 88 82 1 88 37 70 40 23 87 94 61 41 70 70 74 4 30 76 55 15 12 71 78 0 57 0 79 19 75 7 54 18 12 12 38 75 84 28
7 27 59 1 20 56 49 11 80 37 23 100 26 4 66 83 6 23 99 53 75 64 30 9 1 71 87 42 54 11 74 64 6 95 25 11 10 1 23 80 52 53 100 91 23 23 60 37 19 35 68 57 81 88 7 21 29 48 95 49 2 40 1 4 20 81 71 87 87 88 13 72 60 93 95 10 77 14 86 32 12 43 4 35 36 73 29 50 25 58 27 32 74 18 51 30 37 88 52 36 14 75 8 61 14 45 42 48 19 47 12 95 0 45 95 42 10 86 48 81 8 14 95 73 76 89 93 81 79 0 22 77 14 22 24 49 33 71 71 35 43
46 31 28 20 1 75 60 57 26 12 74 26 37 57 46 1 43 65 54 100 6 26 63 68 29 26 9 71 48 23 47 56 91 94 71 97 46 55 27 53 28 51 9 18 80 72 64 66 96 36 39 43 55 46 100 100 58 91 9 53 23 81 70 27 37 31 75 17 37 87 61 34 80 94 55 65 39 21 44 82 96 38 54 91 66 91 22 39 99 51 49 44 77 81 83 90 74 75 25 52 24 66 96 67 85 66 25 56 86 12 69 52 39 88 74 73 97 54 28 73 23 83 7 40 48 46 89 11 19 22 0 37 42 51 32 45 78 8 97 55 66
56 73 34 95 15 3 74 75 9 66 96 25 26 9 80 56 45 25 93 45 27 76 5 39 86 41 38 31 52 50 52 72 83 94 72 40 71 76 22 63 86 71 63 93 91 27 44 43 67 76 49 61 41 28 33 47 41 5 79 21 16 58 20 100 33 37 86 42 36 88 73 84 45 8 40 55 59 9 84 89 36 14 60 42 97 28 81 38 30 21 40 0 9 93 90 30 0 41 95 5 22 13 49 99 38 36 80 1 65 87 35 61 37 34 75 54 14 40 85 13 49 14 84 22 99 97 88 22 75 77 37 0 11 85 13 75 100 78 63 27 54
56 77 73 18 53 79 97 0 95 9 75 78 1 22 20 44 36 26 80 75 44 5 47 17 27 85 35 38 8 89 86 36 95 22 84 14 92 7 22 95 57 44 97 89 99 63 67 73 39 34 86 100 50 35 19 63 20 78 86 68 53 19 15 93 31 67 7 25 35 56 75 5 8 19 64 41 51 81 6 64 42 30 40 52 7 29 19 75 26 33 53 60 84 72 30 77 2 12 57 39 32 74 88 53 79 15 4 84 59 52 86 0 23 4 1 1 85 13 17 34 47 99 26 98 81 79 61 51 7 14 42 11 0 45 17 33 64 0 13 6 80
97 36 30 69 76 13 81 2 82 81 22 21 47 93 88 54 13 63 35 80 91 19 66 5 31 36 8 47 76 68 2 69 72 10 98 45 35 70 11 54 29 96 70 55 42 45 73 9 63 44 24 69 35 12 56 8 86 32 85 39 95 79 53 53 10 28 52 70 46 45 62 76 32 60 80 61 92 32 97 61 13 54 15 98 41 15 78 32 48 46 55 58 48 95 22 25 55 98 64 68 85 11 86 37 60 71 65 43 56 13 92 9 86 48 14 31 83 72 27 78 70 26 22 75 1 66 51 17 54 22 51 85 45 0 28 34 88 56 83 37 36
6 79 35 19 95 32 74 89 75 77 33 10 63 51 90 100 82 22 8 31 35 73 32 69 88 97 75 63 34 60 54 62 34 46 67 38 22 72 54 37 62 10 14 72 61 29 91 30 5 72 98 1 4 79 25 59 95 81 71 48 67 62 27 28 31 78 33 41 69 67 68 87 50 69 7 32 46 13 67 13 93 25 95 43 71 46 71 6 89 55 0 59 87 100 99 8 32 91 46 38 89 54 53 48 87 71 2 58 96 46 37 1 37 73 17 74 2 35 80 43 54 90 23 26 52 52 2 76 18 24 32 13 17 28 0 86 49 18 23 36 32
43 75 41 16 28 65 94 80 17 84 100 39 61 33 67 25 77 72 5 39 58 49 47 50 94 29 94 89 22 77 26 35 48 66 53 47 84 34 35 70 9 61 8 16 96 58 84 35 28 66 47 46 72 16 52 7 92 56 65 44 100 5 55 62 15 79 47 50 46 90 71 39 60 29 78 90 43 31 59 95 51 67 7 19 73 96 36 18 46 100 72 19 34 94 89 80 16 73 33 26 81 4 80 2 49 27 39 91 95 15 60 56 8 4 87 98 58 59 94 89 73 29 34 23 1 18 36 86 12 49 45 75 33 34 86 0 22 34 51 58 14
74 76 94 27 72 40 38 40 93 30 84 36 68 35 42 80 71 55 77 57 38 37 82 33 71 57 58 49 67 91 95 64 11 64 3 89 60 86 29 41 26 54 88 72 20 21 22 16 67 75 82 55 11 35 87 13 100 40 31 92 82 12 90 78 29 70 60 28 46 88 1 89 63 60 59 89 89 45 1 88 3 15 46 50 14 56 47 14 35 54 52 42 84 87 24 52 80 11 86 70 32 73 5 100 67 12 20 61 99 7 31 53 96 90 20 55 21 85 24 75 39 77 20 2 50 51 35 75 12 33 78 100 64 88 49 22 0 85 11 98 11
31 44 4 81 21 7 90 35 90 18 4 91 64 19 6 43 41 33 57 33 64 2 35 58 53 88 85 72 38 94 66 55 39 42 70 17 46 20 58 2 45 73 4 84 46 9 22 28 5 36 76 26 45 81 69 6 0 20 48 38 74 43 5 63 88 17 40 25 11 1 92 85 42 43 14 48 4 98 80 64 37 45 16 15 91 4 55 52 33 56 53 42 28 57 58 69 91 54 56 93 88 50 97 58 10 63 6 71 2 65 71 38 65 86 95 21 81 86 47 54 67 91 30 45 40 94 32 22 38 71 8 78 0 56 18 34 85 0 0 77 12
48 51 3 98 63 84 9 6 11 28 58 93 76 91 33 80 70 27 93 59 12 55 63 40 77 16 64 95 89 32 98 76 70 47 11 70 56 60 23 61 39 76 18 64 50 21 21 99 45 11 29 94 48 65 53 99 33 71 4 18 35 41 41 25 94 23 15 80 2 89 49 63 8 12 8 23 47 45 79 17 60 57 23 3 80 56 93 63 45 70 82 84 31 84 87 93 69 41 26 37 33 14 86 81 1 65 29 29 48 72 46 58 5 69 12 61 17 25 89 1 36 88 96 15 5 47 81 78 75 71 97 63 13 83 23 51 11 0 0 32 85
44 97 7 22 68 68 30 33 86 48 1 12 19 54 79 9 50 36 0 94 63 14 19 78 91 54 99 39 26 0 94 68 83 75 42 55 73 21 94 85 14 75 85 32 22 2 65 23 27 15 58 99 39 61 51 87 51 32 23 100 81 45 54 37 6 85 88 41 41 55 68 63 68 14 39 47 84 37 43 96 63 61 78 72 65 29 68 89 10 36 24 35 46 8 49 99 33 74 65 94 42 58 37 35 71 60 68 38 23 53 20 81 10 50 8 71 80 89 68 25 70 63 69 47 72 53 43 18 84 35 55 27 6 37 36 58 98 77 32 0 99
28 78 48 89 88 21 100 86 17 3 9 72 59 70 7 61 93 81 64 58 25 13 69 27 24 71 56 33 66 92 65 62 23 89 59 70 20 44 71 79 50 95 19 43 48 1 70 16 54 66 0 19 96 37 35 31 64 75 98 19 48 89 43 27 36 11 100 11 7 45 58 86 56 57 100 38 9 87 74 11 57 84 78 18 88 18 85 4 95 84 93 14 31 97 58 98 44 95 3 46 70 81 43 55 35 44 26 73 2 83 80 46 25 83 69 80 1 71 70 66 39 90 48 27 72 19 52 6 28 43 66 54 80 36 32 14 11 12 85 99 0
