145 8
16 61 5 49 100 0 51 65 77 50 8 17 2 38 56 60 14 31 53 28 78 81 62 16 60 100 57 37 25 51 69 19 30 70 81 96 72 94 88 79 92 76 76 40 42 86 15 57 8 51 14 86 57 31 24 52 59 28 38 12 31 18 84 75 1 98 52 30 19 91 23 60 39 87 79 61 59 93 81 61 32 61 74 6 40 45 35 30 30 22 99 46 46 29 88 90 85 57 52 71 73 31 45 66 4 19 64 91 89 91 45 66 11 5 59 43 34 49 73 76 31 73 60 86 93 44 31 27 80 40 78 66 36 4 56 56 43 63 33 36 31 60 20 33 86
0 33 43 96 58 78 13 28 9 9 34 65 30 59 49 82 95 88 72 46 84 81 38 6 45 45 71 83 30 46 71 74 63 6 81 74 28 76 2 36 14 57 75 54 94 70 27 43 56 9 57 60 18 0 44 70 73 4 28 71 53 21 2 11 98 13 29 89 3 77 66 99 81 76 91 45 2 89 39 69 88 38 18 68 30 87 38 98 88 17 50 96 18 46 38 10 31 48 94 99 63 45 100 27 32 22 93 86 40 71 68 37 5 31 91 1 26 15 53 90 64 97 82 16 8 31 81 5 15 84 80 89 6 17 93 94 63 54 34 79 75 23 19 63 84 40
33 0 66 10 66 13 86 11 70 57 80 36 86 64 15 31 24 26 32 67 67 43 88 18 30 90 82 33 12 45 0 5 56 41 99 1 47 64 51 99 10 68 24 55 20 45 1 85 63 54 24 60 86 31 83 17 1 91 26 58 32 31 70 38 54 98 93 30 23 60 17 50 10 93 18 79 63 68 25 9 73 73 71 27 53 76 61 71 12 96 43 5 55 69 8 32 38 3 60 21 14 28 0 79 30 23 71 92 51 3 82 1 52 17 60 54 62 84 38 43 74 86 64 78 32 16 16 11 85 32 15 15 79 26 73 53 19 16 70 66 62 37 73 100 59 31
43 66 0 90 71 86 99 12 10 15 6 89 56 67 3 29 24 100 7 22 80 26 39 11 27 62 14 22 22 22 53 64 20 4 33 40 23 52 49 13 77 44 30 68 80 43 16 92 87 38 24 40 81 73 28 21 36 4 33 58 83 41 10 21 61 81 86 93 70 74 43 17 86 27 44 29 78 9 20 42 75 46 83 14 65 1 22 83 33 54 43 60 92 84 86 52 59 86 18 61 44 82 63 4 47 68 56 20 49 22 64 69 26 54 54 91 66 92 100 21 35 65 27 10 81 74 3 83 39 33 76 75 80 45 8 68 92 5 40 80 8 91 90 86 36 74
96 10 90 0 97 40 59 11 19 74 34 28 10 18 38 53 97 98 2 37 82 76 78 7 61 80 46 61 14 66 96 28 42 77 42 0 33 91 12 88 37 1 56 43 13 57 66 1 54 16 26 39 41 43 97 63 41 51 71 4 10 45 4 9 54 70 59 35 17 58 19 15 18 92 25 98 37 0 1 98 13 29 67 26 5 52 7 36 5 14 73 97 52 23 78 31 42 89 33 99 26 83 25 99 79 30 3 91 50 43 88 21 27 0 30 70 92 27 19 10 73 79 17 19 98 75 10 80 10 3 26 80 74 56 6 70 24 15 36 78 19 46 52 91 63 92
58 66 71 97 0 90 49 29 74 41 28 57 10 76 100 82 32 8 29 11 43 3 66 42 64 79 61 27 16 60 59 72 96 92 19 91 75 76 17 60 32 30 65 57 39 39 57 1 98 66 83 55 5 47 73 14 75 54 71 98 44 40 19 65 48 87 14 0 59 2 86 37 88 10 64 29 18 18 100 16 46 38 29 52 98 30 57 14 33 76 21 93 89 71 4 9 15 95 0 29 14 7 72 39 65 73 32 64 53 87 68 9 50 7 73 50 58 39 60 76 34 96 20 95 98 1 71 24 90 58 73 5 49 2 76 93 40 42 61 89 88 10 9 45 15 98
78 13 86 40 90 0 79 62 37 73 99 54 8 86 0 89 36 1 65 0 74 51 14 4 97 55 29 89 15 20 8 14 73 69 43 64 83 91 23 35 4 85 4 43 91 32 99 19 55 67 78 72 72 12 19 98 95 59 29 36 77 21 87 9 54 31 74 4 4 56 28 89 63 44 47 74 79 48 22 72 25 82 5 79 41 20 43 34 0 99 82 17 11 5 77 51 13 51 75 4 27 100 64 61 92 68 72 50 24 38 96 63 33 30 47 42 96 93 66 40 85 30 23 29 23 56 42 54 43 78 19 50 100 11 83 3 11 75 11 25 15 57 3 87 25 51
13 86 99 59 49 79 0 43 86 56 69 9 1 77 24 71 43 88 6 24 16 41 34 16 89 94 50 48 91 95 30 98 30 35 9 91 30 39 78 51 97 74 76 30 36 2 31 83 96 82 82 46 2 21 10 38 70 76 90 38 64 9 10 30 0 55 50 95 77 10 71 52 1 91 13 98 76 13 64 40 29 73 5 66 33 48 51 57 9 79 80 54 48 47 28 7 87 19 90 2 57 46 36 75 30 100 58 11 44 25 28 16 44 1 46 32 68 15 22 85 89 64 81 0 1 85 44 29 97 86 39 85 2 15 35 99 79 53 17 32 13 23 33 89 66 41
28 11 12 11 29 62 43 0 65 91 36 99 8 55 6 79 82 93 36 65 44 89 11 100 86 40 66 53 47 92 60 64 37 96 57 19 6 82 12 91 99 32 8 19 71 29 72 5 27 39 45 28 1 97 13 28 98 99 11 26 46 60 53 72 13 29 6 90 10 20 25 99 23 16 81 24 37 70 80 42 54 77 54 6 90 68 59 55 87 88 97 19 14 12 5 22 13 65 50 15 23 38 93 83 21 89 84 76 83 39 17 79 70 30 70 71 84 73 70 60 14 86 25 53 79 7 44 74 68 78 60 79 60 23 61 39 79 89 26 65 15 66 24 59 73 96
9 70 10 19 74 37 86 65 0 71 79 15 19 25 20 13 17 95 80 49 85 81 28 54 91 58 97 87 27 42 28 90 35 63 78 58 62 51 98 7 40 71 28 97 11 23 13 66 9 43 23 34 51 5 38 16 42 31 39 38 52 91 94 73 64 95 69 84 33 71 1 26 62 44 37 22 39 92 21 91 54 92 62 53 18 94 21 41 76 5 58 63 95 17 44 36 18 85 46 21 35 16 98 44 75 92 78 98 75 73 61 97 26 2 34 82 80 95 84 13 77 78 9 50 99 72 78 9 72 21 46 39 82 34 26 1 49 9 50 91 8 58 23 80 80 43
9 57 15 74 41 73 56 91 71 0 24 56 53 82 22 42 52 16 83 55 80 73 77 56 5 13 33 10 11 29 49 27 87 9 82 19 4 32 51 95 1 44 93 54 17 69 30 100 77 48 100 89 30 3 13 8 41 92 43 36 15 57 46 28 20 24 48 65 58 25 70 80 34 60 52 63 32 10 86 70 18 97 27 85 7 94 34 92 67 78 10 74 19 93 14 51 72 0 86 60 58 39 54 7 40 95 10 97 58 56 66 69 28 27 61 90 82 41 18 82 8 33 75 67 34 49 82 14 38 27 29 4 34 29 26 56 17 41 50 61 96 79 76 3 83 42
34 80 6 34 28 99 69 36 79 24 0 14 26 24 95 89 50 97 71 21 73 59 56 100 95 96 99 50 6 97 77 36 10 90 59 70 2 73 24 75 62 37 78 10 13 4 50 82 59 2 88 48 55 80 50 28 72 93 0 81 9 92 0 39 20 98 2 18 45 53 41 17 73 8 83 95 6 28 79 65 16 32 8 55 28 0 20 12 49 57 44 22 2 17 14 74 76 28 21 92 66 56 55 11 54 31 50 49 1 18 2 97 88 40 12 62 18 30 68 33 72 33 2 50 0 22 66 5 55 34 97 77 95 32 21 44 94 9 28 75 1 19 5 55 62 53
65 36 89 28 57 54 9 99 15 56 14 0 52 79 95 80 86 100 45 12 68 18 93 1 93 62 11 93 96 7 97 11 85 52 41 5 30 71 87 47 8 3 55 68 10 4 48 70 42 51 1 95 98 33 30 11 52 11 21 11 32 4 7 85 95 80 70 41 43 55 71 7 8 50 75 0 36 38 87 80 54 9 59 47 65 92 42 4 93 40 35 87 64 10 66 52 91 66 61 25 85 64 32 26 13 69 36 72 7 34 33 70 54 93 29 66 31 7 100 88 75 55 77 17 95 6 97 62 94 65 6 63 98 76 90 12 5 77 32 35 65 79 47 53 25 71
30 86 56 10 10 8 1 8 19 53 26 52 0 58 49 22 48 7 91 14 17 20 65 17 71 58 2 8 81 87 48 60 72 7 16 74 40 86 3 70 97 35 96 10 83 59 9 91 87 22 2 69 19 69 95 87 97 68 72 78 30 70 71 90 93 33 18 98 33 24 59 85 15 30 75 35 42 91 86 73 15 33 12 15 61 24 96 88 55 84 66 50 41 61 8 14 70 88 78 65 54 31 20 93 80 92 37 72 64 16 17 0 72 64 13 35 75 62 22 28 42 11 83 20 16 93 88 76 32 41 25 63 4 21 35 40 68 31 8 95 56 69 32 27 34 9
59 64 67 18 76 86 77 55 25 82 24 79 58 0 91 47 42 21 84 88 18 21 56 22 54 81 80 9 82 50 33 18 72 69 29 46 76 51 6 98 82 53 22 85 93 44 85 33 56 52 46 19 78 23 77 99 42 62 89 14 34 5 78 91 5 68 20 93 71 3 96 61 0 46 99 9 16 69 93 78 76 19 43 81 69 46 32 7 69 64 52 83 87 53 30 99 69 22 65 78 83 2 89 74 5 50 6 52 75 13 99 62 84 100 46 18 77 67 29 2 71 64 27 43 70 81 72 81 29 92 10 49 40 49 32 89 72 9 38 3 23 30 89 100 18 99
49 15 3 38 100 0 24 6 20 22 95 95 49 91 0 95 76 89 53 23 95 25 16 36 55 82 65 80 11 75 65 24 47 37 27 90 23 47 87 78 70 89 67 12 26 88 91 100 11 73 50 64 65 89 75 69 19 99 51 95 39 60 56 37 71 7 83 93 66 45 29 100 90 12 92 90 51 98 52 7 100 67 30 70 59 13 23 13 86 66 72 9 38 83 40 69 18 14 13 73 78 67 89 43 55 55 71 53 70 38 85 50 28 25 98 12 71 94 17 30 30 38 78 36 19 83 8 39 88 3 40 73 15 22 91 38 49 83 31 18 42 55 13 16 39 67
82 31 29 53 82 89 71 79 13 42 89 80 22 47 95 0 34 86 97 1 99 33 97 12 70 0 27 42 78 100 46 65 9 80 78 23 41 41 82 16 1 46 80 48 3 81 17 51 66 27 58 68 86 90 27 37 39 99 50 94 8 36 83 74 84 78 29 1 95 55 75 53 33 93 83 42 44 24 85 34 41 34 56 22 61 47 50 70 82 69 7 34 39 5 3 55 27 73 40 31 47 75 41 86 63 60 48 83 47 26 11 17 28 34 21 84 6 82 61 63 15 36 92 85 32 42 60 60 47 71 73 44 85 57 42 65 66 71 9 27 15 27 40 93 95 69
95 24 24 97 32 36 43 82 17 52 50 86 48 42 76 34 0 98 7 52 76 67 90 11 10 24 18 49 73 28 81 11 81 42 18 61 67 6 14 58 94 69 39 57 22 92 89 15 71 53 41 85 14 79 24 78 73 64 9 41 80 91 87 58 3 46 26 60 93 87 85 10 12 68 89 17 71 89 31 51 66 93 33 84 52 64 94 77 85 23 71 43 64 57 65 48 14 100 96 92 91 46 86 51 20 22 72 70 35 23 19 16 86 92 84 9 30 56 51 12 36 3 3 86 12 56 1 62 27 39 50 60 78 20 100 9 14 83 5 81 75 46 97 36 43 9
88 26 100 98 8 1 88 93 95 16 97 100 7 21 89 86 98 0 93 81 88 10 50 67 12 7 57 95 22 83 73 100 69 87 36 6 27 93 95 7 56 93 76 97 80 70 30 78 16 13 77 80 2 13 87 99 89 56 46 67 43 8 13 100 50 19 10 7 50 79 65 9 49 61 45 23 20 91 59 46 34 7 97 59 21 83 89 30 45 89 73 83 95 42 56 39 14 66 20 4 20 23 82 66 70 45 69 2 84 7 76 78 22 0 58 89 71 33 66 82 0 16 66 91 100 99 71 88 25 65 46 10 72 21 41 14 51 17 70 16 51 11 63 62 52 14
72 32 7 2 29 65 6 36 80 83 71 45 91 84 53 97 7 93 0 79 58 31 79 54 60 70 71 56 11 2 50 26 74 77 4 29 12 74 87 85 70 91 29 74 20 45 80 13 71 25 81 13 15 46 5 72 38 57 17 51 9 46 79 62 44 85 26 100 2 44 68 62 33 90 13 17 84 11 18 56 59 32 71 49 57 57 0 75 62 57 42 60 26 93 47 43 19 45 62 65 2 68 3 87 94 82 97 33 61 80 14 32 8 32 87 93 27 66 75 5 17 54 13 62 40 48 81 59 35 63 80 97 82 12 20 54 37 54 44 86 73 21 87 84 22 38
46 67 22 37 11 0 24 65 49 55 21 12 14 88 23 1 52 81 79 0 31 60 38 96 51 65 92 61 42 64 0 19 66 57 63 82 42 5 60 93 53 24 98 7 86 41 13 88 51 66 13 21 36 76 0 13 41 68 36 46 68 26 93 5 81 79 68 58 75 54 32 82 80 98 88 48 66 44 9 43 64 23 48 31 7 37 83 31 22 83 5 39 8 13 68 30 55 85 16 66 78 43 34 27 22 46 88 100 22 98 5 78 85 53 2 29 93 56 39 48 58 42 81 37 35 48 60 24 46 19 42 49 91 88 46 15 71 56 81 23 90 94 11 68 70 80
84 67 80 82 43 74 16 44 85 80 73 68 17 18 95 99 76 88 58 31 0 3 65 70 14 11 60 26 11 86 71 93 16 10 67 88 98 43 33 25 70 73 19 73 79 47 56 14 55 40 45 7 38 50 12 94 56 6 29 4 67 94 84 74 88 19 88 16 4 94 43 54 10 35 42 68 78 61 74 11 70 14 85 20 54 25 26 58 27 99 42 24 53 21 25 86 3 60 96 65 64 7 29 89 0 75 40 72 61 24 48 27 52 62 32 25 50 46 23 9 41 30 43 55 61 87 100 66 49 36 7 63 11 64 98 17 18 52 21 76 66 50 50 79 82 5
81 43 26 76 3 51 41 89 81 73 59 18 20 21 25 33 67 10 31 60 3 0 56 31 34 93 29 74 32 34 18 70 35 48 4 59 97 96 68 57 95 60 90 83 66 69 72 57 14 66 63 65 88 17 94 18 29 31 35 94 27 82 51 12 80 78 0 34 67 10 70 23 41 19 62 38 15 84 1 97 32 67 80 32 3 84 56 10 55 64 58 87 91 22 74 47 58 64 10 37 92 94 37 6 14 40 86 27 40 21 71 47 22 70 77 44 6 78 61 38 84 88 26 27 72 70 64 84 63 26 60 24 41 70 41 70 48 31 44 40 34 10 89 98 71 72
38 88 39 78 66 14 34 11 28 77 56 93 65 56 16 97 90 50 79 38 65 56 0 88 88 58 0 73 90 52 40 54 69 53 36 55 34 40 18 53 28 73 30 3 74 97 37 93 47 18 81 80 98 69 43 6 76 62 42 33 29 38 27 16 76 37 30 91 55 75 97 17 94 49 38 49 79 19 83 4 87 83 0 65 77 16 18 82 78 33 15 79 75 5 83 36 95 24 73 22 7 97 20 72 82 54 12 3 76 72 67 61 19 70 27 62 61 56 11 47 96 46 22 40 10 19 83 21 63 76 62 55 73 82 74 58 10 6 94 32 43 68 94 41 53 50
6 18 11 7 42 4 16 100 54 56 100 1 17 22 36 12 11 67 54 96 70 31 88 0 52 30 99 66 43 60 16 69 58 49 2 60 29 94 91 53 51 8 56 35 99 94 91 30 35 55 99 31 59 53 80 70 6 85 89 68 100 17 17 40 100 47 73 53 4 1 29 86 38 9 96 34 78 51 67 75 49 0 70 23 4 48 61 22 54 27 79 45 92 29 11 81 58 67 32 48 54 94 90 86 30 86 47 96 79 2 52 68 24 64 36 32 37 73 66 78 16 72 56 39 13 94 5 88 32 76 78 72 99 12 18 76 75 59 85 14 20 19 31 42 66 61
45 30 27 61 64 97 89 86 91 5 95 93 71 54 55 70 10 12 60 51 14 34 88 52 0 65 33 35 77 99 24 7 50 76 66 12 16 39 18 70 95 19 87 16 15 32 94 33 16 100 64 62 27 88 85 35 10 24 49 81 35 14 0 17 29 85 10 57 16 100 92 86 66 3 57 91 93 15 11 3 43 63 65 12 31 66 5 47 49 17 29 72 32 59 54 84 81 12 43 49 25 2 9 24 95 61 47 77 99 66 40 41 70 26 89 55 69 75 68 39 55 64 19 51 48 74 59 72 77 16 72 89 52 45 43 90 51 7 58 71 8 23 30 13 30 34
45 90 62 80 79 55 94 40 58 13 96 62 58 81 82 0 24 7 70 65 11 93 58 30 65 0 57 1 6 48 79 52 81 51 34 5 17 96 66 72 36 98 42 23 30 6 27 10 44 23 37 21 60 8 91 14 71 37 83 10 2 35 44 33 51 15 34 100 72 33 49 83 81 11 22 17 95 96 5 62 36 29 14 89 12 92 53 9 11 16 77 72 33 8 5 79 14 44 8 43 83 19 26 33 65 76 34 85 15 66 65 57 44 78 17 85 23 78 68 42 9 95 17 79 39 56 97 88 58 92 56 40 92 11 90 20 94 78 20 55 13 37 53 50 77 93
71 82 14 46 61 29 50 66 97 33 99 11 2 80 65 27 18 57 71 92 60 29 0 99 33 57 0 36 48 43 40 59 11 86 66 9 78 13 58 6 59 53 11 59 41 25 24 1 32 95 34 37 61 66 60 60 36 45 33 90 23 72 58 16 16 51 89 86 53 91 82 58 14 42 96 98 36 97 4 80 12 92 89 29 70 6 97 44 67 46 24 100 78 60 84 23 65 76 67 2 88 52 48 54 39 87 54 11 32 92 28 97 58 3 22 52 38 12 12 37 93 21 44 37 18 70 78 2 71 23 35 70 28 94 58 8 24 74 1 11 98 24 39 88 23 66
83 33 22 61 27 89 48 53 87 10 50 93 8 9 80 42 49 95 56 61 26 74 73 66 35 1 36 0 40 66 6 37 38 67 9 40 41 66 36 89 40 12 51 38 40 4 83 49 78 57 14 80 51 34 63 42 61 82 50 58 71 32 48 16 47 15 44 47 29 59 98 99 71 38 37 7 64 27 6 38 54 13 27 54 73 15 32 70 30 31 66 11 8 12 42 80 5 76 25 66 43 33 52 69 65 15 46 54 38 43 50 14 48 86 19 85 23 56 25 86 24 49 18 65 66 41 65 6 14 91 22 69 58 41 23 52 34 95 62 2 86 13 66 5 39 17
30 12 22 14 16 15 91 47 27 11 6 96 81 82 11 78 73 22 11 42 11 32 90 43 77 6 48 40 0 43 1 26 37 86 83 7 74 97 86 63 26 56 73 56 53 47 89 22 75 81 51 14 32 66 17 92 10 60 20 97 72 85 44 24 2 72 16 20 69 47 5 24 38 19 59 95 96 79 80 6 100 75 91 17 36 86 74 73 67 69 94 39 52 18 42 60 40 67 4 68 98 88 91 16 64 34 82 83 39 64 17 43 66 93 37 29 35 0 98 43 82 25 60 98 32 12 45 66 66 48 46 80 21 37 10 83 23 58 53 9 26 37 87 43 79 85
46 45 22 66 60 20 95 92 42 29 97 7 87 50 75 100 28 83 2 64 86 34 52 60 99 48 43 66 43 0 57 39 85 49 73 62 64 67 2 69 78 17 33 13 12 7 26 6 10 41 88 35 58 7 11 86 1 55 7 71 50 33 57 11 69 8 10 0 47 43 58 31 60 40 18 1 31 27 58 52 84 84 56 13 37 59 9 91 48 13 93 26 61 6 98 99 16 54 77 85 57 73 98 98 68 65 19 3 13 78 81 17 16 81 25 84 19 31 60 14 62 76 53 85 54 39 7 53 0 28 53 18 35 22 64 68 15 83 95 87 95 37 94 6 12 99
71 0 53 96 59 8 30 60 28 49 77 97 48 33 65 46 81 73 50 0 71 18 40 16 24 79 40 6 1 57 0 17 68 19 45 96 13 91 21 12 59 35 98 49 45 96 13 5 54 19 42 81 2 11 98 82 89 34 71 1 41 73 4 76 38 79 30 76 53 9 29 21 21 19 47 21 73 49 14 47 32 32 24 91 69 3 46 24 88 18 42 41 65 39 68 16 57 38 33 95 0 73 81 0 3 78 59 80 10 66 84 0 36 22 100 39 27 28 3 69 78 75 52 32 58 33 33 30 100 79 45 41 83 96 11 54 45 67 93 68 45 91 98 82 94 96
74 5 64 28 72 14 98 64 90 27 36 11 60 18 24 65 11 100 26 19 93 70 54 69 7 52 59 37 26 39 17 0 27 25 51 13 17 45 61 85 83 23 84 7 82 7 90 51 17 73 85 11 74 82 61 14 27 27 70 25 28 95 28 91 43 43 73 1 59 17 53 78 53 99 63 0 24 89 76 2 81 91 99 56 57 24 2 81 60 45 99 10 62 16 46 75 0 46 37 14 19 29 87 48 43 6 68 25 34 72 1 84 35 61 52 90 76 27 67 55 43 75 63 69 79 98 96 81 61 13 60 9 20 66 30 21 14 2 87 94 57 19 62 11 23 83
63 56 20 42 96 73 30 37 35 87 10 85 72 72 47 9 81 69 74 66 16 35 69 58 50 81 11 38 37 85 68 27 0 95 72 100 36 73 56 89 33 46 20 100 93 90 58 8 67 89 43 100 56 84 73 50 25 70 71 39 87 68 66 33 2 20 63 68 53 31 67 23 77 38 80 33 54 74 95 4 83 52 75 97 62 72 55 63 5 43 51 38 41 41 64 59 92 18 39 10 28 23 55 65 34 43 1 50 87 41 55 1 87 38 8 84 19 66 88 31 70 68 20 39 29 20 95 21 17 60 43 39 77 5 17 5 43 49 76 39 16 59 88 27 51 76
6 41 4 77 92 69 35 96 63 9 90 52 7 69 37 80 42 87 77 57 10 48 53 49 76 51 86 67 86 49 19 25 95 0 38 56 87 38 90 55 59 98 32 61 76 34 13 82 88 7 19 50 23 13 45 86 62 79 2 93 98 41 5 60 39 37 17 44 27 76 80 18 21 62 96 0 34 37 74 15 49 86 10 45 30 80 8 83 40 93 68 26 27 56 59 69 67 82 98 90 39 69 81 21 87 92 79 86 28 13 17 94 55 68 91 13 92 97 95 51 93 41 3 28 11 90 7 96 42 52 45 31 43 70 32 95 13 37 63 96 8 88 77 95 25 18
81 99 33 42 19 43 9 57 78 82 59 41 16 29 27 78 18 36 4 63 67 4 36 2 66 34 66 9 83 73 45 51 72 38 0 93 53 4 46 32 85 33 80 12 15 2 75 76 56 83 15 75 60 61 0 54 23 80 8 8 7 32 97 33 3 71 99 95 65 47 77 31 19 96 62 80 14 26 12 57 3 30 48 79 38 24 50 88 46 97 11 88 39 64 31 94 74 22 38 34 38 96 69 40 36 20 63 23 17 63 1 10 92 46 32 66 94 89 86 54 11 83 83 77 73 49 46 35 29 11 77 43 61 13 0 34 90 36 50 59 95 9 69 28 74 1
74 1 40 0 91 64 91 19 58 19 70 5 74 46 90 23 61 6 29 82 88 59 55 60 12 5 9 40 7 62 96 13 100 56 93 0 70 39 40 41 47 47 96 100 29 20 47 65 4 95 13 97 23 19 9 42 33 76 68 38 8 53 2 87 79 10 43 13 90 75 17 37 40 32 59 32 2 33 46 54 71 98 52 70 30 85 71 54 56 57 74 32 82 33 91 75 87 97 83 92 95 92 20 84 26 27 56 8 25 51 29 59 13 46 19 97 99 93 61 67 87 90 98 24 84 2 55 6 80 10 44 83 88 94 17 77 15 57 71 18 42 90 70 69 20 72
28 47 23 33 75 83 30 6 62 4 2 30 40 76 23 41 67 27 12 42 98 97 34 29 16 17 78 41 74 64 13 17 36 87 53 70 0 13 22 84 64 81 31 27 6 33 61 90 72 79 0 83 20 64 55 67 72 94 12 90 50 29 14 75 100 7 19 83 83 67 85 70 32 38 55 98 6 69 82 66 63 37 49 7 63 26 14 78 53 2 61 57 25 45 44 14 15 46 14 19 98 61 13 96 19 25 17 92 69 3 48 53 9 13 16 66 98 63 22 50 74 45 17 14 37 80 35 97 91 96 64 77 92 1 94 33 5 60 34 82 58 95 53 75 46 13
76 64 52 91 76 91 39 82 51 32 73 71 86 51 47 41 6 93 74 5 43 96 40 94 39 96 13 66 97 67 91 45 73 38 4 39 13 0 4 66 56 75 82 18 47 33 34 84 1 86 65 23 97 62 51 0 97 1 61 10 39 1 86 19 72 73 60 63 17 14 64 66 25 19 7 78 16 55 88 79 59 17 11 6 18 68 96 87 88 77 76 94 6 88 42 53 28 30 8 56 49 40 52 14 28 42 99 71 36 56 45 79 89 59 45 84 13 59 40 64 7 96 25 81 4 45 0 30 89 16 12 79 8 38 48 73 3 50 76 27 94 67 59 96 66 86
2 51 49 12 17 23 78 12 98 51 24 87 3 6 87 82 14 95 87 60 33 68 18 91 18 66 58 36 86 2 21 61 56 90 46 40 22 4 0 66 71 24 12 25 75 50 7 81 87 7 98 96 28 22 69 96 3 92 90 83 29 74 45 46 83 19 74 14 29 28 29 74 68 36 66 74 64 100 71 71 75 67 87 84 65 93 51 16 77 81 45 8 59 82 6 71 48 20 47 31 49 50 97 57 94 61 54 55 49 9 33 56 11 49 75 42 79 36 34 92 45 96 95 13 76 62 54 19 52 20 17 79 46 11 86 18 16 98 84 71 23 71 81 59 31 83
36 99 13 88 60 35 51 91 7 95 75 47 70 98 78 16 58 7 85 93 25 57 53 53 70 72 6 89 63 69 12 85 89 55 32 41 84 66 66 0 96 52 12 53 34 41 62 64 19 9 43 5 72 82 85 85 27 99 48 31 33 22 80 54 98 40 7 69 2 45 81 90 69 74 55 40 53 69 32 17 89 93 91 45 61 34 62 58 9 79 1 21 13 36 77 2 62 42 25 83 22 70 46 52 44 85 30 92 35 65 43 58 99 93 85 92 35 4 3 56 6 80 13 78 83 92 75 48 19 41 54 91 56 94 55 64 99 77 48 26 77 62 20 4 84 80
14 10 77 37 32 4 97 99 40 1 62 8 97 82 70 1 94 56 70 53 70 95 28 51 95 36 59 40 26 78 59 83 33 59 85 47 64 56 71 96 0 26 79 45 48 38 61 52 22 80 82 22 87 85 88 13 71 70 7 45 47 7 20 6 85 2 18 5 50 20 65 38 94 87 67 58 33 96 4 99 37 93 71 82 32 61 51 83 25 68 51 82 2 99 96 16 68 12 96 12 59 61 85 47 38 8 53 24 33 26 7 12 20 60 54 20 3 88 58 3 6 12 29 50 25 27 29 62 97 78 95 34 47 5 70 71 45 26 33 48 1 80 20 4 35 69
57 68 44 1 30 85 74 32 71 44 37 3 35 53 89 46 69 93 91 24 73 60 73 8 19 98 53 12 56 17 35 23 46 98 33 47 81 75 24 52 26 0 87 97 3 71 91 53 38 99 54 90 17 21 23 47 67 22 84 76 71 44 93 76 98 23 32 45 8 64 23 91 9 65 20 72 14 36 28 37 29 50 64 71 100 21 41 62 54 82 38 91 99 4 89 49 27 84 49 1 51 24 0 3 96 1 81 31 17 4 90 43 62 61 36 29 96 44 64 68 67 76 40 67 51 80 23 97 7 86 35 48 3 84 63 45 19 33 31 62 23 50 17 5 8 1
75 24 30 56 65 4 76 8 28 93 78 55 96 22 67 80 39 76 29 98 19 90 30 56 87 42 11 51 73 33 98 84 20 32 80 96 31 82 12 12 79 87 0 32 51 65 20 61 71 40 71 80 70 72 78 1 58 91 95 2 22 38 49 84 8 92 12 98 74 76 42 91 18 60 68 28 36 98 39 29 63 75 34 50 64 15 23 51 47 66 33 94 40 29 88 45 83 84 7 32 3 44 62 84 15 95 41 98 68 96 68 12 17 3 44 2 92 71 69 67 43 92 27 23 45 46 85 22 91 83 15 98 79 68 89 63 69 62 6 79 44 86 37 97 13 14
54 55 68 43 57 43 30 19 97 54 10 68 10 85 12 48 57 97 74 7 73 83 3 35 16 23 59 38 56 13 49 7 100 61 12 100 27 18 25 53 45 97 32 0 14 50 97 31 79 60 20 21 30 62 9 57 79 10 65 53 6 49 98 93 11 38 13 45 26 90 11 39 93 18 33 30 79 43 35 56 6 55 69 41 30 88 62 40 94 38 34 21 5 74 88 38 36 51 89 96 2 12 82 26 56 84 10 64 78 32 48 63 10 30 93 49 59 61 97 82 17 70 2 5 13 17 20 28 67 49 35 6 40 76 14 34 39 16 46 90 48 19 42 49 42 62
94 20 80 13 39 91 36 71 11 17 13 10 83 93 26 3 22 80 20 86 79 66 74 99 15 30 41 40 53 12 45 82 93 76 15 29 6 47 75 34 48 3 51 14 0 61 80 27 32 0 62 91 40 61 64 11 95 99 6 36 65 48 97 39 77 24 17 60 39 0 54 85 33 33 98 16 57 30 18 64 34 83 39 73 57 88 73 77 6 8 71 57 4 28 93 88 86 40 72 100 83 12 99 85 55 76 78 32 7 8 65 20 82 9 85 50 34 76 34 91 82 29 2 61 79 49 6 78 40 48 90 2 72 92 71 62 98 66 72 32 29 67 47 34 28 54
70 45 43 57 39 32 2 29 23 69 4 4 59 44 88 81 92 70 45 41 47 69 97 94 32 6 25 4 47 7 96 7 90 34 2 20 33 33 50 41 38 71 65 50 61 0 90 44 8 18 41 7 53 32 93 0 53 24 70 34 94 65 31 43 82 63 81 26 22 18 21 73 89 91 64 13 93 37 37 17 55 22 57 34 14 72 72 71 96 68 75 37 20 41 73 14 50 44 23 65 94 4 96 35 60 60 6 73 25 97 89 42 76 19 42 52 23 36 92 40 86 100 71 68 0 16 62 78 48 65 95 96 95 9 77 25 30 45 6 90 5 20 42 6 96 80
27 1 16 66 57 99 31 72 13 30 50 48 9 85 91 17 89 30 80 13 56 72 37 91 94 27 24 83 89 26 13 90 58 13 75 47 61 34 7 62 61 91 20 97 80 90 0 62 42 78 4 45 58 100 85 89 90 53 28 36 92 9 16 17 10 54 97 93 1 0 22 28 54 1 59 2 41 80 6 4 69 14 74 37 73 85 21 67 97 90 33 46 44 70 91 11 84 3 15 52 35 27 69 81 0 99 65 75 15 46 63 17 88 42 95 56 2 76 60 62 10 39 94 27 63 59 85 51 47 46 12 26 47 8 37 3 61 75 52 99 44 62 38 26 71 82
43 85 92 1 1 19 83 5 66 100 82 70 91 33 100 51 15 78 13 88 14 57 93 30 33 10 1 49 22 6 5 51 8 82 76 65 90 84 81 64 52 53 61 31 27 44 62 0 29 38 21 83 88 35 72 38 70 19 55 84 4 9 49 43 82 72 7 33 31 27 23 93 62 37 6 54 30 82 27 24 35 97 73 70 35 22 20 2 62 56 41 78 46 42 38 2 35 0 83 69 49 48 33 42 80 32 20 24 31 90 65 6 50 72 36 48 31 16 3 85 61 80 36 78 41 50 21 92 24 32 24 85 21 67 20 79 14 39 61 91 19 7 11 0 3 76
56 63 87 54 98 55 96 27 9 77 59 42 87 56 11 66 71 16 71 51 55 14 47 35 16 44 32 78 75 10 54 17 67 88 56 4 72 1 87 19 22 38 71 79 32 8 42 29 0 58 49 23 92 58 36 74 72 89 30 46 88 19 96 37 85 59 68 71 60 94 34 95 44 3 57 43 35 8 29 22 1 14 29 33 47 70 37 89 12 77 6 93 65 19 50 23 64 16 59 71 7 59 87 32 36 61 56 90 92 28 22 43 1 11 60 81 85 23 51 79 59 52 66 80 46 74 66 78 95 58 34 1 15 45 19 9 58 11 57 92 1 71 54 80 8 18
9 54 38 16 66 67 82 39 43 48 2 51 22 52 73 27 53 13 25 66 40 66 18 55 100 23 95 57 81 41 19 73 89 7 83 95 79 86 7 9 80 99 40 60 0 18 78 38 58 0 46 9 16 62 80 12 18 88 15 76 61 84 25 100 29 37 0 92 38 36 26 100 79 29 77 23 64 88 71 45 95 19 73 85 30 29 1 36 42 41 23 94 67 98 9 4 94 20 44 58 79 44 43 24 77 46 94 12 83 3 12 95 52 70 15 6 43 71 33 68 63 100 18 72 38 32 94 72 9 29 62 96 67 6 0 75 23 63 12 16 92 34 86 68 85 70
57 24 24 26 83 78 82 45 23 100 88 1 2 46 50 58 41 77 81 13 45 63 81 99 64 37 34 14 51 88 42 85 43 19 15 13 0 65 98 43 82 54 71 20 62 41 4 21 49 46 0 15 34 69 64 10 70 25 66 21 70 21 23 82 46 65 66 49 38 24 76 11 49 95 15 97 21 36 41 69 97 27 44 9 16 39 14 59 59 36 13 81 12 51 42 98 48 34 49 87 13 5 27 88 12 29 54 67 18 74 26 79 70 21 7 6 41 59 64 77 20 10 15 13 14 7 90 80 10 65 28 86 85 31 94 88 29 98 82 42 30 52 89 70 9 91
60 60 40 39 55 72 46 28 34 89 48 95 69 19 64 68 85 80 13 21 7 65 80 31 62 21 37 80 14 35 81 11 100 50 75 97 83 23 96 5 22 90 80 21 91 7 45 83 23 9 15 0 64 55 48 53 92 92 64 93 22 7 94 30 9 99 61 21 97 51 74 78 12 16 77 1 50 82 84 67 92 26 18 43 18 21 60 30 6 68 100 74 80 60 26 32 20 64 98 58 29 99 20 9 39 32 86 27 35 81 34 5 55 41 54 47 14 46 7 1 31 7 17 69 78 52 4 47 53 0 96 86 20 31 94 19 29 58 25 79 52 3 55 32 61 30
18 86 81 41 5 72 2 1 51 30 55 98 19 78 65 86 14 2 15 36 38 88 98 59 27 60 61 51 32 58 2 74 56 23 60 23 20 97 28 72 87 17 70 30 40 53 58 88 92 16 34 64 0 19 58 49 8 66 72 49 89 31 14 25 14 41 88 7 99 1 87 64 56 7 73 13 42 74 36 48 37 80 85 23 69 81 86 47 72 36 15 68 81 16 77 98 3 56 86 84 46 39 24 73 60 81 73 24 67 22 76 18 35 95 18 68 96 34 13 45 80 46 16 0 7 26 14 14 86 27 48 37 26 76 16 57 86 23 36 99 71 53 52 36 5 69
0 31 73 43 47 12 21 97 5 3 80 33 69 23 89 90 79 13 46 76 50 17 69 53 88 8 66 34 66 7 11 82 84 13 61 19 64 62 22 82 85 21 72 62 61 32 100 35 58 62 69 55 19 0 0 71 2 30 34 98 18 55 72 50 4 7 36 48 8 88 65 62 70 83 48 27 99 38 77 26 46 81 12 71 54 28 89 69 0 2 46 92 96 97 4 29 19 51 30 68 18 92 15 50 49 60 61 97 85 48 61 34 21 78 95 24 6 43 20 3 88 47 13 45 40 66 15 80 85 81 20 42 88 33 30 75 88 75 32 37 100 53 0 32 91 25
44 83 28 97 73 19 10 13 38 13 50 30 95 77 75 27 24 87 5 0 12 94 43 80 85 91 60 63 17 11 98 61 73 45 0 9 55 51 69 85 88 23 78 9 64 93 85 72 36 80 64 48 58 0 0 14 72 12 73 60 45 38 90 21 31 22 4 100 36 36 80 86 31 55 99 7 50 31 96 46 8 24 18 22 26 93 19 94 55 98 17 14 44 0 95 3 39 87 67 4 96 37 59 2 55 66 18 54 60 44 53 96 6 90 62 57 10 99 40 47 88 8 91 55 31 99 53 72 94 22 98 26 0 82 27 48 13 82 14 21 16 100 65 38 13 77
70 17 21 63 14 98 38 28 16 8 28 11 87 99 69 37 78 99 72 13 94 18 6 70 35 14 60 42 92 86 82 14 50 86 54 42 67 0 96 85 13 47 1 57 11 0 89 38 74 12 10 53 49 71 14 0 0 81 56 1 75 98 87 6 70 55 15 46 8 26 46 16 89 58 80 49 23 86 17 3 17 25 10 58 62 47 34 68 91 27 68 72 16 97 65 28 65 29 33 64 61 77 6 70 23 30 12 24 3 64 76 60 66 24 68 58 38 57 2 98 47 77 38 34 71 59 17 99 44 45 13 94 90 71 86 42 20 72 82 51 6 44 85 94 18 31
73 1 36 41 75 95 70 98 42 41 72 52 97 42 19 39 73 89 38 41 56 29 76 6 10 71 36 61 10 1 89 27 25 62 23 33 72 97 3 27 71 67 58 79 95 53 90 70 72 18 70 92 8 2 72 0 0 46 90 5 100 26 52 85 92 75 94 64 25 74 17 31 92 32 41 3 79 8 23 78 58 70 75 34 10 97 13 16 33 91 35 91 57 20 86 15 62 22 71 79 20 92 42 80 7 48 31 76 89 29 83 31 0 79 39 79 5 19 23 85 56 79 55 89 0 25 86 67 40 16 53 9 73 77 13 49 93 37 75 76 68 83 67 62 46 72
4 91 4 51 54 59 76 99 31 92 93 11 68 62 99 99 64 56 57 68 6 31 62 85 24 37 45 82 60 55 34 27 70 79 80 76 94 1 92 99 70 22 91 10 99 24 53 19 89 88 25 92 66 30 12 81 46 0 98 82 18 4 16 96 49 19 38 2 44 79 0 52 63 6 93 36 45 41 9 23 51 39 70 100 14 66 18 72 25 81 26 36 30 69 13 33 83 14 29 23 45 0 2 35 65 36 27 83 76 3 67 44 45 83 19 2 100 29 87 68 47 42 29 55 51 31 55 53 76 95 56 63 52 9 77 78 79 62 90 97 41 92 4 89 53 64
28 26 33 71 71 29 90 11 39 43 0 21 72 89 51 50 9 46 17 36 29 35 42 89 49 83 33 50 20 7 71 70 71 2 8 68 12 61 90 48 7 84 95 65 6 70 28 55 30 15 66 64 72 34 73 56 90 98 0 23 63 6 54 85 26 77 85 84 51 54 65 91 87 12 91 38 25 22 34 19 50 80 54 97 56 11 5 83 60 36 35 94 87 9 84 89 72 82 96 87 85 18 32 83 84 93 82 58 87 49 51 64 73 93 71 38 21 73 10 91 60 58 80 58 6 52 57 7 67 27 86 79 32 51 91 57 32 77 30 46 69 58 77 33 35 58
71 58 58 4 98 36 38 26 38 36 81 11 78 14 95 94 41 67 51 46 4 94 33 68 81 10 90 58 97 71 1 25 39 93 8 38 90 10 83 31 45 76 2 53 36 34 36 84 46 76 21 93 49 98 60 1 5 82 23 0 13 74 68 81 68 77 70 22 5 88 85 57 22 29 55 70 18 53 93 76 82 85 42 21 72 59 53 100 60 55 66 71 81 93 12 96 56 1 84 26 39 40 69 91 88 81 14 77 71 35 75 63 61 47 68 46 4 20 12 94 78 9 48 69 30 67 34 78 28 15 41 64 69 60 59 37 29 99 82 78 66 76 34 62 75 63
53 32 83 10 44 77 64 46 52 15 9 32 30 34 39 8 80 43 9 68 67 27 29 100 35 2 23 71 72 50 41 28 87 98 7 8 50 39 29 33 47 71 22 6 65 94 92 4 88 61 70 22 89 18 45 75 100 18 63 13 0 26 6 87 30 12 95 56 88 17 100 2 100 61 3 1 47 86 25 38 79 47 74 35 3 100 13 69 58 34 34 65 0 2 26 5 13 66 16 25 58 61 83 64 17 19 97 42 95 84 44 62 40 76 76 77 70 50 17 75 72 40 45 91 74 80 78 65 96 7 28 30 90 23 34 73 75 78 0 87 70 97 99 59 93 44
21 31 41 45 40 21 9 60 91 57 92 4 70 5 60 36 91 8 46 26 94 82 38 17 14 35 72 32 85 33 73 95 68 41 32 53 29 1 74 22 7 44 38 49 48 65 9 9 19 84 21 7 31 55 38 98 26 4 6 74 26 0 28 28 20 45 9 4 60 2 26 27 12 24 18 68 51 73 90 32 93 87 73 17 5 82 12 45 9 42 1 25 35 56 85 81 25 84 46 88 33 63 57 42 70 37 79 48 51 91 87 98 5 3 29 23 86 46 64 18 99 50 5 51 97 78 68 13 24 9 7 81 89 86 13 93 98 25 57 6 2 67 8 36 83 22
2 70 10 4 19 87 10 53 94 46 0 7 71 78 56 83 87 13 79 93 84 51 27 17 0 44 58 48 44 57 4 28 66 5 97 2 14 86 45 80 20 93 49 98 97 31 16 49 96 25 23 94 14 72 90 87 52 16 54 68 6 28 0 53 19 27 68 41 21 77 68 44 88 16 15 48 74 7 42 92 5 66 76 48 97 11 81 44 26 29 85 52 15 58 7 11 64 42 48 1 43 15 22 0 58 55 55 97 0 32 44 56 30 15 48 63 40 30 55 72 60 2 73 88 35 70 59 93 96 90 17 85 50 38 91 96 76 0 96 79 49 18 18 78 28 0
11 38 21 9 65 9 30 72 73 28 39 85 90 91 37 74 58 100 62 5 74 12 16 40 17 33 16 16 24 11 76 91 33 60 33 87 75 19 46 54 6 76 84 93 39 43 17 43 37 100 82 30 25 50 21 6 85 96 85 81 87 28 53 0 15 20 35 89 2 34 4 43 82 46 26 24 59 72 9 93 10 9 18 44 7 83 100 95 72 90 49 25 92 98 14 51 79 96 21 64 93 45 73 7 38 95 62 5 56 86 26 63 61 73 41 94 20 32 80 71 35 77 93 1 0 51 59 47 33 52 5 64 30 11 42 51 16 64 3 51 80 0 87 10 62 63
98 54 61 54 48 54 0 13 64 20 20 95 93 5 71 84 3 50 44 81 88 80 76 100 29 51 16 47 2 69 38 43 2 39 3 79 100 72 83 98 85 98 8 11 77 82 10 82 85 29 46 9 14 4 31 70 92 49 26 68 30 20 19 15 0 56 41 99 81 14 33 58 3 98 29 47 62 32 23 94 26 85 44 39 89 62 15 40 74 66 41 34 40 66 5 71 19 25 33 24 52 28 17 63 32 58 72 84 14 83 29 31 59 80 46 0 57 81 56 93 41 67 26 76 94 75 40 58 49 1 46 91 36 79 23 2 5 65 14 30 7 10 99 27 13 6
13 98 81 70 87 31 55 29 95 24 98 80 33 68 7 78 46 19 85 79 19 78 37 47 85 15 51 15 72 8 79 43 20 37 71 10 7 73 19 40 2 23 92 38 24 63 54 72 59 37 65 99 41 7 22 55 75 19 77 77 12 45 27 20 56 0 74 3 3 13 14 17 52 78 23 95 24 35 39 10 54 69 72 87 81 38 37 74 100 90 14 58 55 34 40 63 84 77 78 2 48 10 55 98 93 58 96 71 74 57 89 49 6 73 70 68 54 1 60 12 51 52 55 78 5 43 87 73 65 36 14 57 63 85 6 42 26 21 100 49 23 28 46 85 86 58
29 93 86 59 14 74 50 6 69 48 2 70 18 20 83 29 26 10 26 68 88 0 30 73 10 34 89 44 16 10 30 73 63 17 99 43 19 60 74 7 18 32 12 13 17 81 97 7 68 0 66 61 88 36 4 15 94 38 85 70 95 9 68 35 41 74 0 90 57 7 48 67 46 87 67 12 46 73 49 34 78 1 33 39 27 29 55 11 60 48 97 1 72 60 65 32 51 16 12 70 73 23 33 92 95 82 61 88 82 91 34 15 86 83 5 19 28 28 76 4 30 85 24 95 17 24 11 33 4 81 42 98 87 63 18 61 60 1 98 47 65 7 46 18 97 57
89 30 93 35 0 4 95 90 84 65 18 41 98 93 93 1 60 7 100 58 16 34 91 53 57 100 86 47 20 0 76 1 68 44 95 13 83 63 14 69 5 45 98 45 60 26 93 33 71 92 49 21 7 48 100 46 64 2 84 22 56 4 41 89 99 3 90 0 47 44 34 20 15 81 6 74 19 49 16 57 8 55 56 27 17 1 19 69 22 71 72 60 9 20 78 50 78 85 83 81 5 39 31 38 94 37 43 91 72 75 71 32 22 9 60 39 41 11 90 15 26 92 15 4 0 69 97 88 5 46 72 26 23 91 35 53 40 38 15 4 13 87 90 45 66 46
3 23 70 17 59 4 77 10 33 58 45 43 33 71 66 95 93 50 2 75 4 67 55 4 16 72 53 29 69 47 53 59 53 27 65 90 83 17 29 2 50 8 74 26 39 22 1 31 60 38 38 97 99 8 36 8 25 44 51 5 88 60 21 2 81 3 57 47 0 77 81 44 78 14 63 56 83 36 85 25 85 44 86 11 38 43 53 84 7 75 11 93 28 43 15 74 32 37 44 69 93 88 66 73 74 60 36 62 63 51 5 30 59 66 6 97 41 31 87 88 82 80 25 48 8 74 80 21 16 67 77 65 13 9 80 8 60 72 49 93 80 7 85 5 56 68
77 60 74 58 2 56 10 20 71 25 53 55 24 3 45 55 87 79 44 54 94 10 75 1 100 33 91 59 47 43 9 17 31 76 47 75 67 14 28 45 20 64 76 90 0 18 0 27 94 36 24 51 1 88 36 26 74 79 54 88 17 2 77 34 14 13 7 44 77 0 5 73 7 79 53 97 38 9 58 58 88 96 45 83 30 46 4 2 91 43 47 20 36 66 87 53 25 68 40 85 97 91 0 19 86 95 46 4 14 22 85 32 20 35 61 70 70 23 84 52 38 37 42 84 40 30 21 24 86 84 70 0 99 35 46 22 82 68 94 25 82 20 71 62 2 8
66 17 43 19 86 28 71 25 1 70 41 71 59 96 29 75 85 65 68 32 43 70 97 29 92 49 82 98 5 58 29 53 67 80 77 17 85 64 29 81 65 23 42 11 54 21 22 23 34 26 76 74 87 65 80 46 17 0 65 85 100 26 68 4 33 14 48 34 81 5 0 86 2 52 53 57 74 1 42 67 86 5 60 62 0 83 13 16 80 57 12 40 87 82 78 67 40 12 77 75 71 73 65 61 0 97 70 53 86 3 22 56 33 97 58 13 15 18 75 50 29 83 3 79 83 8 42 9 45 71 47 64 6 55 29 9 37 87 63 46 48 23 20 14 24 27
99 50 17 15 37 89 52 99 26 80 17 7 85 61 100 53 10 9 62 82 54 23 17 86 86 83 58 99 24 31 21 78 23 18 31 37 70 66 74 90 38 91 91 39 85 73 28 93 95 100 11 78 64 62 86 16 31 52 91 57 2 27 44 43 58 17 67 20 44 73 86 0 36 72 94 47 13 67 82 57 81 78 3 68 8 85 64 48 21 60 47 19 91 48 54 92 72 79 64 61 17 0 81 49 42 13 39 58 98 14 38 35 24 20 56 17 13 88 5 73 90 32 7 74 65 58 39 66 73 25 40 15 66 59 16 55 41 85 35 88 66 8 23 55 25 6
81 10 86 18 88 63 1 23 62 34 73 8 15 0 90 33 12 49 33 80 10 41 94 38 66 81 14 71 38 60 21 53 77 21 19 40 32 25 68 69 94 9 18 93 33 89 54 62 44 79 49 12 56 70 31 89 92 63 87 22 100 12 88 82 3 52 46 15 78 7 2 36 0 96 40 90 28 92 41 40 25 12 35 34 26 97 90 61 79 25 62 45 69 76 19 5 32 21 41 70 21 43 78 0 62 31 82 8 68 22 14 35 40 33 22 59 20 22 24 76 83 80 44 36 83 74 34 91 8 4 48 80 43 7 0 7 72 15 16 10 4 69 41 95 47 74
76 93 27 92 10 44 91 16 44 60 8 50 30 46 12 93 68 61 90 98 35 19 49 9 3 11 42 38 19 40 19 99 38 62 96 32 38 19 36 74 87 65 60 18 33 91 1 37 3 29 95 16 7 83 55 58 32 6 12 29 61 24 16 46 98 78 87 81 14 79 52 72 96 0 58 70 67 28 91 89 68 17 37 28 89 29 71 55 32 2 21 41 53 21 56 50 5 49 56 92 73 66 97 89 57 89 67 93 8 56 92 56 85 34 19 60 59 28 58 2 42 11 33 76 95 6 7 94 13 47 97 47 96 86 33 41 68 96 10 82 62 42 84 49 84 71
91 18 44 25 64 47 13 81 37 52 83 75 75 99 92 83 89 45 13 88 42 62 38 96 57 22 96 37 59 18 47 63 80 96 62 59 55 7 66 55 67 20 68 33 98 64 59 6 57 77 15 77 73 48 99 80 41 93 91 55 3 18 15 26 29 23 67 6 63 53 53 94 40 58 0 45 31 59 97 97 38 87 25 47 41 98 85 97 87 1 71 67 32 46 4 65 60 69 86 4 92 21 49 37 17 15 19 74 74 93 60 65 95 30 75 26 46 16 35 67 51 34 83 100 78 18 9 21 93 82 24 58 70 46 65 84 36 78 15 49 10 93 5 47 12 12
45 79 29 98 29 74 98 24 22 63 95 0 35 9 90 42 17 23 17 48 68 38 49 34 91 17 98 7 95 1 21 0 33 0 80 32 98 78 74 40 58 72 28 30 16 13 2 54 43 23 97 1 13 27 7 49 3 36 38 70 1 68 48 24 47 95 12 74 56 97 57 47 90 70 45 0 11 0 48 7 44 0 11 59 9 45 66 15 22 95 15 26 96 62 39 78 24 48 98 54 18 79 60 68 92 72 12 12 46 45 65 40 32 33 62 14 56 41 50 21 46 50 92 76 45 17 91 30 25 39 29 86 20 19 81 64 47 34 91 76 18 36 19 12 59 47
2 63 78 37 18 79 76 37 39 32 6 36 42 16 51 44 71 20 84 66 78 15 79 78 93 95 36 64 96 31 73 24 54 34 14 2 6 16 64 53 33 14 36 79 57 93 41 30 35 64 21 50 42 99 50 23 79 45 25 18 47 51 74 59 62 24 46 19 83 38 74 13 28 67 31 11 0 93 39 8 75 36 21 28 14 11 61 47 89 58 75 73 27 21 18 15 37 65 95 11 17 75 56 76 61 13 3 37 80 10 0 32 4 98 3 27 64 67 22 1 50 87 9 26 20 37 66 60 57 58 7 46 60 16 33 68 54 51 32 76 70 96 10 89 2 0
89 68 9 0 18 48 13 70 92 10 28 38 91 69 98 24 89 91 11 44 61 84 19 51 15 96 97 27 79 27 49 89 74 37 26 33 69 55 100 69 96 36 98 43 30 37 80 82 8 88 36 82 74 38 31 86 8 41 22 53 86 73 7 72 32 35 73 49 36 9 1 67 92 28 59 0 93 0 44 10 11 74 89 66 63 21 39 80 48 26 50 86 25 36 99 33 18 50 58 37 54 80 65 20 66 10 31 18 59 40 88 80 82 57 46 91 98 40 71 82 73 90 26 99 85 4 37 65 50 67 10 82 18 61 32 87 23 35 45 55 40 52 86 55 14 19
39 25 20 1 100 22 64 80 21 86 79 87 86 93 52 85 31 59 18 9 74 1 83 67 11 5 4 6 80 58 14 76 95 74 12 46 82 88 71 32 4 28 39 35 18 37 6 27 29 71 41 84 36 77 96 17 23 9 34 93 25 90 42 9 23 39 49 16 85 58 42 82 41 91 97 48 39 44 0 46 2 20 62 83 61 72 36 16 65 99 18 42 15 85 29 71 77 42 15 88 66 25 30 20 39 15 59 19 12 22 13 98 100 52 59 22 14 69 62 15 99 64 17 54 0 91 84 67 6 8 60 6 95 94 53 70 27 67 57 76 74 57 28 30 9 3
69 9 42 98 16 72 40 42 91 70 65 80 73 78 7 34 51 46 56 43 11 97 4 75 3 62 80 38 6 52 47 2 4 15 57 54 66 79 71 17 99 37 29 56 64 17 4 24 22 45 69 67 48 26 46 3 78 23 19 76 38 32 92 93 94 10 34 57 25 58 67 57 40 89 97 7 8 10 46 0 87 70 4 41 91 58 53 46 89 93 69 28 37 21 85 57 64 82 91 45 62 7 16 100 95 10 69 70 39 98 36 26 3 75 77 56 67 28 66 98 24 85 60 66 60 2 90 64 27 43 54 68 1 46 52 40 91 62 35 30 37 33 25 96 38 90
88 73 75 13 46 25 29 54 54 18 16 54 15 76 100 41 66 34 59 64 70 32 87 49 43 36 12 54 100 84 32 81 83 49 3 71 63 59 75 89 37 29 63 6 34 55 69 35 1 95 97 92 37 46 8 17 58 51 50 82 79 93 5 10 26 54 78 8 85 88 86 81 25 68 38 44 75 11 2 87 0 75 25 4 27 75 95 87 74 19 54 4 35 99 88 47 59 83 29 29 79 4 95 67 14 21 10 2 65 2 36 95 26 25 20 56 24 67 34 69 17 33 84 65 80 26 37 49 97 77 87 70 37 1 12 22 52 74 52 27 65 5 46 49 70 58
38 73 46 29 38 82 73 77 92 97 32 9 33 19 67 34 93 7 32 23 14 67 83 0 63 29 92 13 75 84 32 91 52 86 30 98 37 17 67 93 93 50 75 55 83 22 14 97 14 19 27 26 80 81 24 25 70 39 80 85 47 87 66 9 85 69 1 55 44 96 5 78 12 17 87 0 36 74 20 70 75 0 75 84 81 14 95 50 48 2 13 20 95 19 64 70 51 42 24 72 93 4 74 86 10 16 62 73 49 93 85 60 69 17 96 49 16 28 19 26 50 76 52 47 86 98 70 62 81 52 90 53 86 96 75 32 78 12 29 58 78 22 86 89 32 3
18 71 83 67 29 5 5 54 62 27 8 59 12 43 30 56 33 97 71 48 85 80 0 70 65 14 89 27 91 56 24 99 75 10 48 52 49 11 87 91 71 64 34 69 39 57 74 73 29 73 44 18 85 12 18 10 75 70 54 42 74 73 76 18 44 72 33 56 86 45 60 3 35 37 25 11 21 89 62 4 25 75 0 64 77 48 21 56 77 93 83 7 69 49 66 20 67 12 48 20 26 24 69 97 58 60 7 24 12 79 65 50 6 60 47 4 9 45 36 65 76 98 49 40 6 9 45 14 24 70 31 85 97 66 63 74 33 46 54 70 49 73 21 95 95 3
68 27 14 26 52 79 66 6 53 85 55 47 15 81 70 22 84 59 49 31 20 32 65 23 12 89 29 54 17 13 91 56 97 45 79 70 7 6 84 45 82 71 50 41 73 34 37 70 33 85 9 43 23 71 22 58 34 100 97 21 35 17 48 44 39 87 39 27 11 83 62 68 34 28 47 59 28 66 83 41 4 84 64 0 35 70 65 40 9 15 91 94 33 20 29 54 71 1 71 71 72 62 34 83 46 73 68 40 95 56 63 33 37 14 33 11 62 51 48 53 59 61 3 5 56 75 26 88 29 25 79 4 41 41 0 24 68 99 73 48 70 79 1 54 39 53
30 53 65 5 98 41 33 90 18 7 28 65 61 69 59 61 52 21 57 7 54 3 77 4 31 12 70 73 36 37 69 57 62 30 38 30 63 18 65 61 32 100 64 30 57 14 73 35 47 30 16 18 69 54 26 62 10 14 56 72 3 5 97 7 89 81 27 17 38 30 0 8 26 89 41 9 14 63 61 91 27 81 77 35 0 43 53 48 69 49 15 17 81 74 80 89 20 9 43 24 24 87 52 61 77 32 2 61 72 4 6 73 2 37 68 75 48 17 29 98 17 92 60 90 92 98 94 8 42 43 87 77 72 72 46 10 4 19 78 86 29 68 70 69 77 72
87 76 1 52 30 20 48 68 94 94 0 92 24 46 13 47 64 83 57 37 25 84 16 48 66 92 6 15 86 59 3 24 72 80 24 85 26 68 93 34 61 21 15 88 88 72 85 22 70 29 39 21 81 28 93 47 97 66 11 59 100 82 11 83 62 38 29 1 43 46 83 85 97 29 98 45 11 21 72 58 75 14 48 70 43 0 23 53 92 99 99 0 82 74 65 64 86 30 25 14 10 14 18 63 71 81 69 12 58 14 95 29 30 49 32 10 77 42 64 61 56 59 24 55 21 21 46 83 47 0 69 87 36 45 57 57 32 20 34 67 84 88 40 39 64 50
38 61 22 7 57 43 51 59 21 34 20 42 96 32 23 50 94 89 0 83 26 56 18 61 5 53 97 32 74 9 46 2 55 8 50 71 14 96 51 62 51 41 23 62 73 72 21 20 37 1 14 60 86 89 19 34 13 18 5 53 13 12 81 100 15 37 55 19 53 4 13 64 90 71 85 66 61 39 36 53 95 95 21 65 53 23 0 73 71 29 2 20 70 39 18 33 32 69 53 70 66 69 50 98 54 15 26 9 62 87 55 30 94 90 23 53 97 21 21 96 97 33 31 64 36 52 35 53 84 41 65 68 96 56 6 29 5 46 10 5 100 13 0 82 69 95
98 71 83 36 14 34 57 55 41 92 12 4 88 7 13 70 77 30 75 31 58 10 82 22 47 9 44 70 73 91 24 81 63 83 88 54 78 87 16 58 83 62 51 40 77 71 67 2 89 36 59 30 47 69 94 68 16 72 83 100 69 45 44 95 40 74 11 69 84 2 16 48 61 55 97 15 47 80 16 46 87 50 56 40 48 53 73 0 86 37 88 29 67 19 33 27 48 87 59 65 52 44 71 9 18 37 41 18 69 69 93 1 76 69 64 34 42 55 99 60 19 93 98 12 95 41 62 64 49 64 21 22 15 64 99 7 72 11 43 87 87 86 78 41 29 74
88 12 33 5 33 0 9 87 76 67 49 93 55 69 86 82 85 45 62 22 27 55 78 54 49 11 67 30 67 48 88 60 5 40 46 56 53 88 77 9 25 54 47 94 6 96 97 62 12 42 59 6 72 0 55 91 33 25 60 60 58 9 26 72 74 100 60 22 7 91 80 21 79 32 87 22 89 48 65 89 74 48 77 9 69 92 71 86 0 70 10 86 9 23 1 6 67 34 68 4 88 7 3 49 82 5 93 52 81 46 92 34 59 40 51 64 20 52 12 75 87 69 43 58 47 90 16 92 53 23 22 6 56 93 33 77 37 84 98 20 55 84 43 49 94 1
17 96 54 14 76 99 79 88 5 78 57 40 84 64 66 69 23 89 57 83 99 64 33 27 17 16 46 31 69 13 18 45 43 93 97 57 2 77 81 79 68 82 66 38 8 68 90 56 77 41 36 68 36 2 98 27 91 81 36 55 34 42 29 90 66 90 48 71 75 43 57 60 25 2 1 95 58 26 99 93 19 2 93 15 49 99 29 37 70 0 48 38 14 8 97 43 32 45 96 51 87 73 13 40 84 59 49 73 100 1 26 77 23 18 78 80 35 85 45 41 30 26 25 85 69 60 65 39 1 5 100 96 72 92 25 100 87 69 1 89 7 99 19 27 36 79
50 43 43 73 21 82 80 97 58 10 44 35 66 52 72 7 71 73 42 5 42 58 15 79 29 77 24 66 94 93 42 99 51 68 11 74 61 76 45 1 51 38 33 34 71 75 33 41 6 23 13 100 15 46 17 68 35 26 35 66 34 1 85 49 41 14 97 72 11 47 12 47 62 21 71 15 75 50 18 69 54 13 83 91 15 99 2 88 10 48 0 64 31 48 68 20 100 75 28 93 37 41 77 67 72 6 99 81 4 14 16 42 85 17 13 52 3 47 85 56 29 41 14 5 48 63 65 60 38 8 48 26 79 84 50 93 89 75 33 74 91 19 44 98 57 93
96 5 60 97 93 17 54 19 63 74 22 87 50 83 9 34 43 83 60 39 24 87 79 45 72 72 100 11 39 26 41 10 38 26 88 32 57 94 8 21 82 91 94 21 57 37 46 78 93 94 81 74 68 92 14 72 91 36 94 71 65 25 52 25 34 58 1 60 93 20 40 19 45 41 67 26 73 86 42 28 4 20 7 94 17 0 20 29 86 38 64 0 22 75 91 4 34 64 58 44 32 55 55 89 24 52 46 83 84 0 32 4 39 71 36 40 61 57 100 75 35 70 15 76 23 95 23 63 86 87 94 81 2 88 45 37 66 24 65 8 59 27 92 68 45 63
18 55 92 52 89 11 48 14 95 19 2 64 41 87 38 39 64 95 26 8 53 91 75 92 32 33 78 8 52 61 65 62 41 27 39 82 25 6 59 13 2 99 40 5 4 20 44 46 65 67 12 80 81 96 44 16 57 30 87 81 0 35 15 92 40 55 72 9 28 36 87 91 69 53 32 96 27 25 15 37 35 95 69 33 81 82 70 67 9 14 31 22 0 35 29 50 60 63 57 24 41 29 7 22 27 62 90 87 92 38 25 36 100 71 42 96 41 54 6 86 55 59 0 81 88 60 62 21 56 47 81 25 23 59 18 0 25 45 38 16 92 86 86 9 31 7
46 69 84 23 71 5 47 12 17 93 17 10 61 53 83 5 57 42 93 13 21 22 5 29 59 8 60 12 18 6 39 16 41 56 64 33 45 88 82 36 99 4 29 74 28 41 70 42 19 98 51 60 16 97 0 97 20 69 9 93 2 56 58 98 66 34 60 20 43 66 82 48 76 21 46 62 21 36 85 21 99 19 49 20 74 74 39 19 23 8 48 75 35 0 17 45 43 76 52 63 64 10 72 78 5 19 54 46 94 2 65 97 22 46 75 47 16 16 35 75 52 16 64 32 49 98 46 3 53 43 37 50 3 88 53 5 62 9 46 58 81 15 27 82 6 9
38 8 86 78 4 77 28 5 44 14 14 66 8 30 40 3 65 56 47 68 25 74 83 11 54 5 84 42 42 98 68 46 64 59 31 91 44 42 6 77 96 89 88 88 93 73 91 38 50 9 42 26 77 4 95 65 86 13 84 12 26 85 7 14 5 40 65 78 15 87 78 54 19 56 4 39 18 99 29 85 88 64 66 29 80 65 18 33 1 97 68 91 29 17 0 7 52 24 57 76 42 76 52 79 36 53 64 40 53 15 6 24 16 16 26 45 36 76 46 95 69 83 11 17 62 2 16 96 81 47 72 60 86 58 9 39 44 90 26 14 45 12 59 87 1 8
10 32 52 31 9 51 7 22 36 51 74 52 14 99 69 55 48 39 43 30 86 47 36 81 84 79 23 80 60 99 16 75 59 69 94 75 14 53 71 2 16 49 45 38 88 14 11 2 23 4 98 32 98 29 3 28 15 33 89 96 5 81 11 51 71 63 32 50 74 53 67 92 5 50 65 78 15 33 71 57 47 70 20 54 89 64 33 27 6 43 20 4 50 45 7 0 62 92 50 50 66 14 34 16 38 90 85 78 30 72 26 68 76 19 91 2 56 30 47 11 49 64 34 11 24 14 69 62 16 17 4 19 26 83 2 77 52 60 23 90 96 5 63 16 45 73
31 38 59 42 15 13 87 13 18 72 76 91 70 69 18 27 14 14 19 55 3 58 95 58 81 14 65 5 40 16 57 0 92 67 74 87 15 28 48 62 68 27 83 36 86 50 84 35 64 94 48 20 3 19 39 65 62 83 72 56 13 25 64 79 19 84 51 78 32 25 40 72 32 5 60 24 37 18 77 64 59 51 67 71 20 86 32 48 67 32 100 34 60 43 52 62 0 81 56 76 56 54 10 24 32 47 22 93 35 6 99 28 27 99 49 58 81 91 9 47 74 36 75 2 47 80 8 45 85 78 63 91 45 43 46 56 43 99 52 55 65 5 50 67 59 15
48 3 86 89 95 51 19 65 85 0 28 66 88 22 14 73 100 66 45 85 60 64 24 67 12 44 76 76 67 54 38 46 18 82 22 97 46 30 20 42 12 84 84 51 40 44 3 0 16 20 34 64 56 51 87 29 22 14 82 1 66 84 42 96 25 77 16 85 37 68 12 79 21 49 69 48 65 50 42 82 83 42 12 1 9 30 69 87 34 45 75 64 63 76 24 92 81 0 13 55 98 89 27 58 61 64 31 2 4 81 82 57 11 59 25 88 14 91 36 68 6 81 40 33 48 26 37 42 69 51 2 63 28 57 89 0 61 45 44 54 27 14 82 2 56 79
94 60 18 33 0 75 90 50 46 86 21 61 78 65 13 40 96 20 62 16 96 10 73 32 43 8 67 25 4 77 33 37 39 98 38 83 14 8 47 25 96 49 7 89 72 23 15 83 59 44 49 98 86 30 67 33 71 29 96 84 16 46 48 21 33 78 12 83 44 40 77 64 41 56 86 98 95 58 15 91 29 24 48 71 43 25 53 59 68 96 28 58 57 52 57 50 56 13 0 14 53 98 33 45 44 44 6 46 3 75 18 15 81 63 51 100 55 58 90 82 8 80 91 79 60 21 34 35 72 9 83 87 36 10 60 87 66 13 46 25 20 33 28 63 4 22
99 21 61 99 29 4 2 15 21 60 92 25 65 78 73 31 92 4 65 66 65 37 22 48 49 43 2 66 68 85 95 14 10 90 34 92 19 56 31 83 12 1 32 96 100 65 52 69 71 58 87 58 84 68 4 64 79 23 87 26 25 88 1 64 24 2 70 81 69 85 75 61 70 92 4 54 11 37 88 45 29 72 20 71 24 14 70 65 4 51 93 44 24 63 76 50 76 55 14 0 1 34 3 59 29 56 27 43 53 7 23 45 89 94 99 69 20 78 27 21 52 51 48 38 77 38 57 51 63 68 80 12 58 61 46 20 60 11 97 97 2 60 19 73 60 86
63 14 44 26 14 27 57 23 35 58 66 85 54 83 78 47 91 20 2 78 64 92 7 54 25 83 88 43 98 57 0 19 28 39 38 95 98 49 49 22 59 51 3 2 83 94 35 49 7 79 13 29 46 18 96 61 20 45 85 39 58 33 43 93 52 48 73 5 93 97 71 17 21 73 92 18 17 54 66 62 79 93 26 72 24 10 66 52 88 87 37 32 41 64 42 66 56 98 53 1 0 63 13 87 72 93 95 24 14 85 14 29 52 100 50 64 57 21 22 8 85 93 59 42 12 98 44 93 0 5 99 11 54 76 44 78 18 17 73 39 17 31 34 79 81 34
45 28 82 83 7 100 46 38 16 39 56 64 31 2 67 75 46 23 68 43 7 94 97 94 2 19 52 33 88 73 73 29 23 69 96 92 61 40 50 70 61 24 44 12 12 4 27 48 59 44 5 99 39 92 37 77 92 0 18 40 61 63 15 45 28 10 23 39 88 91 73 0 43 66 21 79 75 80 25 7 4 4 24 62 87 14 69 44 7 73 41 55 29 10 76 14 54 89 98 34 63 0 44 95 59 15 85 46 65 76 75 30 46 31 77 17 26 68 64 100 93 60 91 87 68 46 60 81 95 18 25 22 68 60 27 21 57 84 80 13 74 93 77 26 22 69
100 0 63 25 72 64 36 93 98 54 55 32 20 89 89 41 86 82 3 34 29 37 20 90 9 26 48 52 91 98 81 87 55 81 69 20 13 52 97 46 85 0 62 82 99 96 69 33 87 43 27 20 24 15 59 6 42 2 32 69 83 57 22 73 17 55 33 31 66 0 65 81 78 97 49 60 56 65 30 16 95 74 69 34 52 18 50 71 3 13 77 55 7 72 52 34 10 27 33 3 13 44 0 52 5 64 31 74 99 93 80 4 18 43 97 0 33 70 26 48 20 44 33 40 54 77 96 1 39 64 10 34 36 36 69 94 39 19 54 71 35 94 56 52 37 22
27 79 4 99 39 61 75 83 44 7 11 26 93 74 43 86 51 66 87 27 89 6 72 86 24 33 54 69 16 98 0 48 65 21 40 84 96 14 57 52 47 3 84 26 85 35 81 42 32 24 88 9 73 50 2 70 80 35 83 91 64 42 0 7 63 98 92 38 73 19 61 49 0 89 37 68 76 20 20 100 67 86 97 83 61 63 98 9 49 40 67 89 22 78 79 16 24 58 45 59 87 95 52 0 5 65 65 89 90 44 15 56 21 78 53 4 15 83 93 18 48 4 86 47 57 45 43 12 91 68 82 66 55 47 54 42 54 73 4 98 52 63 55 2 81 52
32 30 47 79 65 92 30 21 75 40 54 13 80 5 55 63 20 70 94 22 0 14 82 30 95 65 39 65 64 68 3 43 34 87 36 26 19 28 94 44 38 96 15 56 55 60 0 80 36 77 12 39 60 49 55 23 7 65 84 88 17 70 58 38 32 93 95 94 74 86 0 42 62 57 17 92 61 66 39 95 14 10 58 46 77 71 54 18 82 84 72 24 27 5 36 38 32 61 44 29 72 59 5 5 0 66 73 64 19 84 10 78 79 48 63 36 98 30 35 24 18 48 9 90 27 20 25 12 30 50 33 16 21 50 79 35 54 19 69 36 17 10 94 97 51 30
22 23 68 30 73 68 100 89 92 95 31 69 92 50 55 60 22 45 82 46 75 40 54 86 61 76 87 15 34 65 78 6 43 92 20 27 25 42 61 85 8 1 95 84 76 60 99 32 61 46 29 32 81 60 66 30 48 36 93 81 19 37 55 95 58 58 82 37 60 95 97 13 31 89 15 72 13 10 15 10 21 16 60 73 32 81 15 37 5 59 6 52 62 19 53 90 47 64 44 56 93 15 64 65 66 0 90 66 3 28 66 74 100 79 27 11 7 21 52 78 14 79 3 50 85 15 17 54 20 60 72 14 37 52 67 73 2 69 14 66 30 99 66 20 25 32
93 71 56 3 32 72 58 84 78 10 50 36 37 6 71 48 72 69 97 88 40 86 12 47 47 34 54 46 82 19 59 68 1 79 63 56 17 99 54 30 53 81 41 10 78 6 65 20 56 94 54 86 73 61 18 12 31 27 82 14 97 79 55 62 72 96 61 43 36 46 70 39 82 67 19 12 3 31 59 69 10 62 7 68 2 69 26 41 93 49 99 46 90 54 64 85 22 31 6 27 95 85 31 65 73 90 0 90 24 31 43 24 6 91 58 88 99 15 20 13 37 88 43 50 0 9 26 58 12 23 38 42 28 33 94 7 37 33 5 54 9 62 30 25 48 31
86 92 20 91 64 50 11 76 98 97 49 72 72 52 53 83 70 2 33 100 72 27 3 96 77 85 11 54 83 3 80 25 50 86 23 8 92 71 55 92 24 31 98 64 32 73 75 24 90 12 67 27 24 97 54 24 76 83 58 77 42 48 97 5 84 71 88 91 62 4 53 58 8 93 74 12 37 18 19 70 2 73 24 40 61 12 9 18 52 73 81 83 87 46 40 78 93 2 46 43 24 46 74 89 64 66 90 0 38 81 15 24 1 27 68 74 43 64 1 69 33 43 7 78 61 85 18 70 74 65 15 15 91 60 78 99 59 38 75 88 25 91 21 52 31 61
40 51 49 50 53 24 44 83 75 58 1 7 64 75 70 47 35 84 61 22 61 40 76 79 99 15 32 38 39 13 10 34 87 28 17 25 69 36 49 35 33 17 68 78 7 25 15 31 92 83 18 35 67 85 60 3 89 76 87 71 95 51 0 56 14 74 82 72 63 14 86 98 68 8 74 46 80 59 12 39 65 49 12 95 72 58 62 69 81 100 4 84 92 94 53 30 35 4 3 53 14 65 99 90 19 3 24 38 0 46 39 82 65 81 46 72 40 85 76 56 67 8 69 95 27 84 28 56 46 74 12 100 10 60 60 13 16 84 56 65 55 58 61 2 7 3
71 3 22 43 87 38 25 39 73 56 18 34 16 13 38 26 23 7 80 98 24 21 72 2 66 66 92 43 64 78 66 72 41 13 63 51 3 56 9 65 26 4 96 32 8 97 46 90 28 3 74 81 22 48 44 64 29 3 49 35 84 91 32 86 83 57 91 75 51 22 3 14 22 56 93 45 10 40 22 98 2 93 79 56 4 14 87 69 46 1 14 0 38 2 15 72 6 81 75 7 85 76 93 44 84 28 31 81 46 0 67 89 77 4 40 32 48 30 53 54 70 28 54 93 62 81 98 22 10 81 2 52 97 11 13 22 31 42 14 46 14 14 17 1 50 81
68 82 64 88 68 96 28 17 61 66 2 33 17 99 85 11 19 76 14 5 48 71 67 52 40 65 28 50 17 81 84 1 55 17 1 29 48 45 33 43 7 90 68 48 65 89 63 65 22 12 26 34 76 61 53 76 83 67 51 75 44 87 44 26 29 89 34 71 5 85 22 38 14 92 60 65 0 88 13 36 36 85 65 63 6 95 55 93 92 26 16 32 25 65 6 26 99 82 18 23 14 75 80 15 10 66 43 15 39 67 0 65 86 32 91 62 94 79 6 92 5 99 93 77 29 62 58 28 0 31 59 38 40 69 21 23 30 7 45 29 22 41 83 44 61 73
37 1 69 21 9 63 16 79 97 69 97 70 0 62 50 17 16 78 32 78 27 47 61 68 41 57 97 14 43 17 0 84 1 94 10 59 53 79 56 58 12 43 12 63 20 42 17 6 43 95 79 5 18 34 96 60 31 44 64 63 62 98 56 63 31 49 15 32 30 32 56 35 35 56 65 40 32 80 98 26 95 60 50 33 73 29 30 1 34 77 42 4 36 97 24 68 28 57 15 45 29 30 4 56 78 74 24 24 82 89 65 0 97 43 4 21 21 0 85 78 77 48 57 93 27 86 21 12 7 73 56 36 29 57 51 69 24 72 93 50 44 9 19 76 44 64
5 52 26 27 50 33 44 70 26 28 88 54 72 84 28 28 86 22 8 85 52 22 19 24 70 44 58 48 66 16 36 35 87 55 92 13 9 89 11 99 20 62 17 10 82 76 88 50 1 52 70 55 35 21 6 66 0 45 73 61 40 5 30 61 59 6 86 22 59 20 33 24 40 85 95 32 4 82 100 3 26 69 6 37 2 30 94 76 59 23 85 39 100 22 16 76 27 11 81 89 52 46 18 21 79 100 6 1 65 77 86 97 0 45 79 30 3 68 29 38 38 56 32 6 2 83 60 22 37 1 60 48 82 85 52 54 40 70 24 6 66 68 48 94 59 65
31 17 54 0 7 30 1 30 2 27 40 93 64 100 25 34 92 0 32 53 62 70 70 64 26 78 3 86 93 81 22 61 38 68 46 46 13 59 49 93 60 61 3 30 9 19 42 72 11 70 21 41 95 78 90 24 79 83 93 47 76 3 15 73 80 73 83 9 66 35 97 20 33 34 30 33 98 57 52 75 25 17 60 14 37 49 90 69 40 18 17 71 71 46 16 19 99 59 63 94 100 31 43 78 48 79 91 27 81 4 32 43 45 0 54 95 9 64 19 1 44 65 28 91 53 43 11 41 29 57 60 4 50 80 8 85 63 88 86 74 39 86 55 26 96 40
91 60 54 30 73 47 46 70 34 61 12 29 13 46 98 21 84 58 87 2 32 77 27 36 89 17 22 19 37 25 100 52 8 91 32 19 16 45 75 85 54 36 44 93 85 42 95 36 60 15 7 54 18 95 62 68 39 19 71 68 76 29 48 41 46 70 5 60 6 61 58 56 22 19 75 62 3 46 59 77 20 96 47 33 68 32 23 64 51 78 13 36 42 75 26 91 49 25 51 99 50 77 97 53 63 27 58 68 46 40 91 4 79 54 0 11 39 63 5 46 85 16 71 40 53 13 42 88 97 64 67 59 18 23 7 35 53 23 72 16 4 89 0 70 71 35
1 54 91 70 50 42 32 71 82 90 62 66 35 18 12 84 9 89 93 29 25 44 62 32 55 85 52 85 29 84 39 90 84 13 66 97 66 84 42 92 20 29 2 49 50 52 56 48 81 6 6 47 68 24 57 58 79 2 38 46 77 23 63 94 0 68 19 39 97 70 13 17 59 60 26 14 27 91 22 56 56 49 4 11 75 10 53 34 64 80 52 40 96 47 45 2 58 88 100 69 64 17 0 4 36 11 88 74 72 32 62 21 30 95 11 0 15 90 97 50 89 84 78 92 6 17 28 10 50 79 90 15 62 57 76 2 60 65 95 64 84 40 54 31 94 55
26 62 66 92 58 96 68 84 80 82 18 31 75 77 71 6 30 71 27 93 50 6 61 37 69 23 38 23 35 19 27 76 19 92 94 99 98 13 79 35 3 96 92 59 34 23 2 31 85 43 41 14 96 6 10 38 5 100 21 4 70 86 40 20 57 54 28 41 41 70 15 13 20 59 46 56 64 98 14 67 24 16 9 62 48 77 97 42 20 35 3 61 41 16 36 56 81 14 55 20 57 26 33 15 98 7 99 43 40 48 94 21 3 9 39 15 0 17 66 8 60 67 73 17 24 0 64 4 89 60 93 3 89 23 99 87 57 5 35 5 72 5 62 56 5 48
15 84 92 27 39 93 15 73 95 41 30 7 62 67 94 82 56 33 66 56 46 78 56 73 75 78 12 56 0 31 28 27 66 97 89 93 63 59 36 4 88 44 71 61 76 36 76 16 23 71 59 46 34 43 99 57 19 29 73 20 50 46 30 32 81 1 28 11 31 23 18 88 22 28 16 41 67 40 69 28 67 28 45 51 17 42 21 55 52 85 47 57 54 16 76 30 91 91 58 78 21 68 70 83 30 21 15 64 85 30 79 0 68 64 63 90 17 0 11 95 18 57 98 7 99 24 76 1 100 10 12 1 0 83 66 30 31 88 85 38 91 32 77 80 52 23
53 38 100 19 60 66 22 70 84 18 68 100 22 29 17 61 51 66 75 39 23 61 11 66 68 68 12 25 98 60 3 67 88 95 86 61 22 40 34 3 58 64 69 97 34 92 60 3 51 33 64 7 13 20 40 2 23 87 10 12 17 64 55 80 56 60 76 90 87 84 75 5 24 58 35 50 22 71 62 66 34 19 36 48 29 64 21 99 12 45 85 100 6 35 46 47 9 36 90 27 22 64 26 93 35 52 20 1 76 53 6 85 29 19 5 97 66 11 0 93 20 87 29 66 57 69 9 95 90 39 9 82 56 59 60 66 28 44 47 72 56 17 65 26 78 27
90 43 21 10 76 40 85 60 13 82 33 88 28 2 30 63 12 82 5 48 9 38 47 78 39 42 37 86 43 14 69 55 31 51 54 67 50 64 92 56 3 68 67 82 91 40 62 85 79 68 77 1 45 3 47 98 85 68 91 94 75 18 72 71 93 12 4 15 88 52 50 73 76 2 67 21 1 82 15 98 69 26 65 53 98 61 96 60 75 41 56 75 86 75 95 11 47 68 82 21 8 100 48 18 24 78 13 69 56 54 92 78 38 1 46 50 8 95 93 0 14 28 92 70 17 96 37 0 22 12 62 82 57 43 30 45 32 12 39 87 89 7 33 49 2 0
64 74 35 73 34 85 89 14 77 8 72 75 42 71 30 15 36 0 17 58 41 84 96 16 55 9 93 24 82 62 78 43 70 93 11 87 74 7 45 6 6 67 43 17 82 86 10 61 59 63 20 31 80 88 88 47 56 47 60 78 72 99 60 35 41 51 30 26 82 38 29 90 83 42 51 46 50 73 99 24 17 50 76 59 17 56 97 19 87 30 29 35 55 52 69 49 74 6 8 52 85 93 20 48 18 14 37 33 67 70 5 77 38 44 85 89 60 18 20 14 0 71 29 60 73 89 76 62 35 40 79 24 5 35 77 49 98 42 71 42 95 26 63 69 54 46
97 86 65 79 96 30 64 86 78 33 33 55 11 64 38 36 3 16 54 42 30 88 46 72 64 95 21 49 25 76 75 75 68 41 83 90 45 96 96 80 12 76 92 70 29 100 39 80 52 100 10 7 46 47 8 77 79 42 58 9 40 50 2 77 67 52 85 92 80 37 83 32 80 11 34 50 87 90 64 85 33 76 98 61 92 59 33 93 69 26 41 70 59 16 83 64 36 81 80 51 93 60 44 4 48 79 88 43 8 28 99 48 56 65 16 84 67 57 87 28 71 0 1 68 0 0 13 10 83 43 19 48 38 6 61 29 8 41 81 84 4 31 30 91 94 97
82 64 27 17 20 23 81 25 9 75 2 77 83 27 78 92 3 66 13 81 43 26 22 56 19 17 44 18 60 53 52 63 20 3 83 98 17 25 95 13 29 40 27 2 2 71 94 36 66 18 15 17 16 13 91 38 55 29 80 48 45 5 73 93 26 55 24 15 25 42 3 7 44 33 83 92 9 26 17 60 84 52 49 3 60 24 31 98 43 25 14 15 0 64 11 34 75 40 91 48 59 91 33 86 9 3 43 7 69 54 93 57 32 28 71 78 73 98 29 92 29 1 0 19 49 78 35 3 99 21 63 89 72 87 6 9 24 39 72 67 62 54 33 0 75 75
16 78 10 19 95 29 0 53 50 67 50 17 20 43 36 85 86 91 62 37 55 27 40 39 51 79 37 65 98 85 32 69 39 28 77 24 14 81 13 78 50 67 23 5 61 68 27 78 80 72 13 69 0 45 55 34 89 55 58 69 91 51 88 1 76 78 95 4 48 84 79 74 36 76 100 76 26 99 54 66 65 47 40 5 90 55 64 12 58 85 5 76 81 32 17 11 2 33 79 38 42 87 40 47 90 50 50 78 95 93 77 93 6 91 40 92 17 7 66 70 60 68 19 0 58 11 42 47 78 87 53 38 38 87 36 12 0 28 24 67 45 89 78 82 66 12
8 32 81 98 98 23 1 79 99 34 0 95 16 70 19 32 12 100 40 35 61 72 10 13 48 39 18 66 32 54 58 79 29 11 73 84 37 4 76 83 25 51 45 13 79 0 63 41 46 38 14 78 7 40 31 71 0 51 6 30 74 97 35 0 94 5 17 0 8 40 83 65 83 95 78 45 20 85 0 60 80 86 6 56 92 21 36 95 47 69 48 23 88 49 62 24 47 48 60 77 12 68 54 57 27 85 0 61 27 62 29 27 2 53 53 6 24 99 57 17 73 0 49 58 0 71 93 0 66 30 27 40 3 91 56 58 31 4 0 6 33 83 45 45 14 32
31 16 74 75 1 56 85 7 72 49 22 6 93 81 83 42 56 99 48 48 87 70 19 94 74 56 70 41 12 39 33 98 20 90 49 2 80 45 62 92 27 80 46 17 49 16 59 50 74 32 7 52 26 66 99 59 25 31 52 67 80 78 70 51 75 43 24 69 74 30 8 58 74 6 18 17 37 4 91 2 26 98 9 75 98 21 52 41 90 60 63 95 60 98 2 14 80 26 21 38 98 46 77 45 20 15 9 85 84 81 62 86 83 43 13 17 0 24 69 96 89 0 78 11 71 0 1 89 17 86 13 12 19 64 18 82 86 78 70 71 4 38 89 29 81 2
81 16 3 10 71 42 44 44 78 82 66 97 88 72 8 60 1 71 81 60 100 64 83 5 59 97 78 65 45 7 33 96 95 7 46 55 35 0 54 75 29 23 85 20 6 62 85 21 66 94 90 4 14 15 53 17 86 55 57 34 78 68 59 59 40 87 11 97 80 21 42 39 34 7 9 91 66 37 84 90 37 70 45 26 94 46 35 62 16 65 65 23 62 46 16 69 8 37 34 57 44 60 96 43 25 17 26 18 28 98 58 21 60 11 42 28 64 76 9 37 76 13 35 42 93 1 0 75 53 34 51 88 49 9 87 54 48 46 9 11 0 21 4 85 94 12
5 11 83 80 24 54 29 74 9 14 5 62 76 81 39 60 62 88 59 24 66 84 21 88 72 88 2 6 66 53 30 81 21 96 35 6 97 30 19 48 62 97 22 28 78 78 51 92 78 72 80 47 14 80 72 99 67 53 7 78 65 13 93 47 58 73 33 88 21 24 9 66 91 94 21 30 60 65 67 64 49 62 14 88 8 83 53 64 92 39 60 63 21 3 96 62 45 42 35 51 93 81 1 12 12 54 58 70 56 22 28 12 22 41 88 10 4 1 95 0 62 10 3 47 0 89 75 0 95 79 75 39 67 22 30 46 16 10 59 100 82 17 98 49 55 42
15 85 39 10 90 43 97 68 72 38 55 94 32 29 88 47 27 25 35 46 49 63 63 32 77 58 71 14 66 0 100 61 17 42 29 80 91 89 52 19 97 7 91 67 40 48 47 24 95 9 10 53 86 85 94 44 40 76 67 28 96 24 96 33 49 65 4 5 16 86 45 73 8 13 93 25 57 50 6 27 97 81 24 29 42 47 84 49 53 1 38 86 56 53 81 16 85 69 72 63 0 95 39 91 30 20 12 74 46 10 0 7 37 29 97 50 89 100 90 22 35 83 99 78 66 17 53 95 0 55 39 21 94 53 67 87 39 18 54 56 18 1 75 17 26 42
84 32 33 3 58 78 86 78 21 27 34 65 41 92 3 71 39 65 63 19 36 26 76 76 16 92 23 91 48 28 79 13 60 52 11 10 96 16 20 41 78 86 83 49 48 65 46 32 58 29 65 0 27 81 22 45 16 95 27 15 7 9 90 52 1 36 81 46 67 84 71 25 4 47 82 39 58 67 8 43 77 52 70 25 43 0 41 64 23 5 8 87 47 43 47 17 78 51 9 68 5 18 64 68 50 60 23 65 74 81 31 73 1 57 64 79 60 10 39 12 40 43 21 87 30 86 34 79 55 0 40 37 62 23 49 63 49 73 15 64 4 88 0 56 51 60
80 15 76 26 73 19 39 60 46 29 97 6 25 10 40 73 50 46 80 42 7 60 62 78 72 56 35 22 46 53 45 60 43 45 77 44 64 12 17 54 95 35 15 35 90 95 12 24 34 62 28 96 48 20 98 13 53 56 86 41 28 7 17 5 46 14 42 72 77 70 47 40 48 97 24 29 7 10 60 54 87 90 31 79 87 69 65 21 22 100 48 94 81 37 72 4 63 2 83 80 99 25 10 82 33 72 38 15 12 2 59 56 60 60 67 90 93 12 9 62 79 19 63 53 27 13 51 75 39 40 0 8 77 13 91 64 99 1 12 29 47 68 26 10 78 28
89 15 75 80 5 50 85 79 39 4 77 63 63 49 73 44 60 10 97 49 63 24 55 72 89 40 70 69 80 18 41 9 39 31 43 83 77 79 79 91 34 48 98 6 2 96 26 85 1 96 86 86 37 42 26 94 9 63 79 64 30 81 85 64 91 57 98 26 65 0 64 15 80 47 58 86 46 82 6 68 70 53 85 4 77 87 68 22 6 96 26 81 25 50 60 19 91 63 87 12 11 22 34 66 16 14 42 15 100 52 38 36 48 4 59 15 3 1 82 82 24 48 89 38 40 12 88 39 21 37 8 0 58 5 0 18 16 34 35 76 13 5 75 42 81 66
6 79 80 74 49 100 2 60 82 34 95 98 4 40 15 85 78 72 82 91 11 41 73 99 52 92 28 58 21 35 83 20 77 43 61 88 92 8 46 56 47 3 79 40 72 95 47 21 15 67 85 20 26 88 0 90 73 52 32 69 90 89 50 30 36 63 87 23 13 99 6 66 43 96 70 20 60 18 95 1 37 86 97 41 72 36 96 15 56 72 79 2 23 3 86 26 45 28 36 58 54 68 36 55 21 37 28 91 10 97 40 29 82 50 18 62 89 0 56 57 5 38 72 38 3 19 49 67 94 62 77 58 0 16 60 19 92 15 69 57 50 56 53 40 24 52
17 26 45 56 2 11 15 23 34 29 32 76 21 49 22 57 20 21 12 88 64 70 82 12 45 11 94 41 37 22 96 66 5 70 13 94 1 38 11 94 5 84 68 76 92 9 8 67 45 6 31 31 76 33 82 71 77 9 51 60 23 86 38 11 79 85 63 91 9 35 55 59 7 86 46 19 16 61 94 46 1 96 66 41 72 45 56 64 93 92 84 88 59 88 58 83 43 57 10 61 76 60 36 47 50 52 33 60 60 11 69 57 85 80 23 57 23 83 59 43 35 6 87 87 91 64 9 22 53 23 13 5 16 0 46 6 3 94 100 45 76 75 49 17 54 30
93 73 8 6 76 83 35 61 26 26 21 90 35 32 91 42 100 41 20 46 98 41 74 18 43 90 58 23 10 64 11 30 17 32 0 17 94 48 86 55 70 63 89 14 71 77 37 20 19 0 94 94 16 30 27 86 13 77 91 59 34 13 91 42 23 6 18 35 80 46 29 16 0 33 65 81 33 32 53 52 12 75 63 0 46 57 6 99 33 25 50 45 18 53 9 2 46 89 60 46 44 27 69 54 79 67 94 78 60 13 21 51 52 8 7 76 99 66 60 30 77 61 6 36 56 18 87 30 67 49 91 0 60 46 0 48 29 84 89 41 40 96 16 68 60 88
94 53 68 70 93 3 99 39 1 56 44 12 40 89 38 65 9 14 54 15 17 70 58 76 90 20 8 52 83 68 54 21 5 95 34 77 33 73 18 64 71 45 63 34 62 25 3 79 9 75 88 19 57 75 48 42 49 78 57 37 73 93 96 51 2 42 61 53 8 22 9 55 7 41 84 64 68 87 70 40 22 32 74 24 10 57 29 7 77 100 93 37 0 5 39 77 56 0 87 20 78 21 94 42 35 73 7 99 13 22 23 69 54 85 35 2 87 30 66 45 49 29 9 12 58 82 54 46 87 63 64 18 19 6 48 0 39 19 71 49 83 37 9 16 19 35
63 19 92 24 40 11 79 79 49 17 94 5 68 72 49 66 14 51 37 71 18 48 10 75 51 94 24 34 23 15 45 14 43 13 90 15 5 3 16 99 45 19 69 39 98 30 61 14 58 23 29 29 86 88 13 20 93 79 32 29 75 98 76 16 5 26 60 40 60 82 37 41 72 68 36 47 54 23 27 91 52 78 33 68 4 32 5 72 37 87 89 66 25 62 44 52 43 61 66 60 18 57 39 54 54 2 37 59 16 31 30 24 40 63 53 60 57 31 28 32 98 8 24 0 31 86 48 16 39 49 99 16 92 3 29 39 0 69 24 39 70 97 20 54 2 12
54 16 5 15 42 75 53 89 9 41 9 77 31 9 83 71 83 17 54 56 52 31 6 59 7 78 74 95 58 83 67 2 49 37 36 57 60 50 98 77 26 33 62 16 66 45 75 39 11 63 98 58 23 75 82 72 37 62 77 99 78 25 0 64 65 21 1 38 72 68 87 85 15 96 78 34 51 35 67 62 74 12 46 99 19 20 46 11 84 69 75 24 45 9 90 60 99 45 13 11 17 84 19 73 19 69 33 38 84 42 7 72 70 88 23 65 5 88 44 12 42 41 39 28 4 78 46 10 18 73 1 34 15 94 84 19 69 0 25 22 33 71 25 71 83 38
34 70 40 36 61 11 17 26 50 50 28 32 8 38 31 9 5 70 44 81 21 44 94 85 58 20 1 62 53 95 93 87 76 63 50 71 34 76 84 48 33 31 6 46 72 6 52 61 57 12 82 25 36 32 14 82 75 90 30 82 0 57 96 3 14 100 98 15 49 94 63 35 16 10 15 91 32 45 57 35 52 29 54 73 78 34 10 43 98 1 33 65 38 46 26 23 52 44 46 97 73 80 54 4 69 14 5 75 56 14 45 93 24 86 72 95 35 85 47 39 71 81 72 24 0 70 9 59 54 15 12 35 69 100 89 71 24 25 0 46 52 87 35 90 40 17
79 66 80 78 89 25 32 65 91 61 75 35 95 3 18 27 81 16 86 23 76 40 32 14 71 55 11 2 9 87 68 94 39 96 59 18 82 27 71 26 48 62 79 90 32 90 99 91 92 16 42 79 99 37 21 51 76 97 46 78 87 6 79 51 30 49 47 4 93 25 46 88 10 82 49 76 76 55 76 30 27 58 70 48 86 67 5 87 20 89 74 8 16 58 14 90 55 54 25 97 39 13 71 98 36 66 54 88 65 46 29 50 6 74 16 64 5 38 72 87 42 84 67 67 6 71 11 100 56 64 29 76 57 45 41 49 39 22 46 0 76 45 49 69 71 24
75 62 8 19 88 15 13 15 8 96 1 65 56 23 42 15 75 51 73 90 66 34 43 20 8 13 98 86 26 95 45 57 16 8 95 42 58 94 23 77 1 23 44 48 29 5 44 19 1 92 30 52 71 100 16 6 68 41 69 66 70 2 49 80 7 23 65 13 80 82 48 66 4 62 10 18 70 40 74 37 65 78 49 70 29 84 100 87 55 7 91 59 92 81 45 96 65 27 20 2 17 74 35 52 17 30 9 25 55 14 22 44 66 39 4 84 72 91 56 89 95 4 62 45 33 4 0 82 18 4 47 13 50 76 40 83 70 33 52 76 0 51 79 5 13 13
23 37 91 46 10 57 23 66 58 79 19 79 69 30 55 27 46 11 21 94 50 10 68 19 23 37 24 13 37 37 91 19 59 88 9 90 95 67 71 62 80 50 86 19 67 20 62 7 71 34 52 3 53 53 100 44 83 92 58 76 97 67 18 0 10 28 7 87 7 20 23 8 69 42 93 36 96 52 57 33 5 22 73 79 68 88 13 86 84 99 19 27 86 15 12 5 5 14 33 60 31 93 94 63 10 99 62 91 58 14 41 9 68 86 89 40 5 32 17 7 26 31 54 89 83 38 21 17 1 88 68 5 56 75 96 37 97 71 87 45 51 0 95 56 19 23
19 73 90 52 9 3 33 24 23 76 5 47 32 89 13 40 97 63 87 11 50 89 94 31 30 53 39 66 87 94 98 62 88 77 69 70 53 59 81 20 20 17 37 42 47 42 38 11 54 86 89 55 52 0 65 85 67 4 77 34 99 8 18 87 99 46 46 90 85 71 20 23 41 84 5 19 10 86 28 25 46 86 21 1 70 40 0 78 43 19 44 92 86 27 59 63 50 82 28 19 34 77 56 55 94 66 30 21 61 17 83 19 48 55 0 54 62 77 65 33 63 30 33 78 45 89 4 98 75 0 26 75 53 49 16 9 20 25 35 49 79 95 0 34 23 43
63 100 86 91 45 87 89 59 80 3 55 53 27 100 16 93 36 62 84 68 79 98 41 42 13 50 88 5 43 6 82 11 27 95 28 69 75 96 59 4 4 5 97 49 34 6 26 0 80 68 70 32 36 32 38 94 62 89 33 62 59 36 78 10 27 85 18 45 5 62 14 55 95 49 47 12 89 55 30 96 49 89 95 54 69 39 82 41 49 27 98 68 9 82 87 16 67 2 63 73 79 26 52 2 97 20 25 52 2 1 44 76 94 26 70 31 56 80 26 49 69 91 0 82 45 29 85 49 17 56 10 42 40 17 68 16 54 71 90 69 5 56 34 0 17 34
84 59 36 63 15 25 66 73 80 83 62 25 34 18 39 95 43 52 22 70 82 71 53 66 30 77 23 39 79 12 94 23 51 25 74 20 46 66 31 84 35 8 13 42 28 96 71 3 8 85 9 61 5 91 13 18 46 53 35 75 93 83 28 62 13 86 97 66 56 2 24 25 47 84 12 59 2 14 9 38 70 32 95 39 77 64 69 29 94 36 57 45 31 6 1 45 59 56 4 60 81 22 37 81 51 25 48 31 7 50 61 44 59 96 71 94 5 52 78 2 54 94 75 66 14 81 94 55 26 51 78 81 24 54 60 19 2 83 40 71 13 19 23 17 0 74
40 31 74 92 98 51 41 96 43 42 53 71 9 99 67 69 9 14 38 80 5 72 50 61 34 93 66 17 85 99 96 83 76 18 1 72 13 86 83 80 69 1 14 62 54 80 82 76 18 70 91 30 69 25 77 31 72 64 58 63 44 22 0 63 6 58 57 46 68 8 27 6 74 71 12 47 0 19 3 90 58 3 3 53 72 50 95 74 1 79 93 63 7 9 8 73 15 79 22 86 34 69 22 52 30 32 31 61 3 81 73 64 65 40 35 55 48 23 27 0 46 97 75 12 32 2 12 42 42 60 28 66 52 30 88 35 12 38 17 24 13 23 43 34 74 0
