150 8
2 1 92 87 71 9 66 48 24 4 96 7 25 45 3 83 39 13 62 78 30 7 91 12 21 2 84 64 0 36 34 65 9 68 5 83 74 59 38 57 56 94 32 49 28 52 3 99 55 69 86 24 2 55 13 86 46 83 87 85 78 46 45 50 54 32 2 87 40 37 69 57 75 85 30 67 25 30 80 7 86 16 58 23 41 75 35 17 9 60 73 21 7 64 94 64 56 47 90 20 67 22 16 36 47 14 33 85 90 45 77 21 74 41 36 35 6 13 13 48 42 34 8 79 89 64 0 34 36 33 0 19 71 54 43 74 90 37 77 6 66 98 67 9 63 24 12 70 40 72
0 90 52 94 25 58 46 12 96 1 99 69 55 82 82 37 53 68 43 53 30 0 43 100 22 5 75 43 79 94 70 96 61 50 47 72 47 43 34 31 40 57 30 38 66 11 32 67 45 68 0 3 31 19 30 35 55 2 29 0 49 16 40 53 1 29 44 50 82 12 3 66 92 31 11 62 56 89 22 32 25 99 92 28 5 94 14 52 87 42 39 12 78 28 71 58 16 73 94 80 63 56 83 90 93 99 94 14 26 35 1 64 9 73 0 47 72 54 53 77 74 22 38 97 96 75 94 70 86 1 23 39 100 90 85 82 58 43 64 27 27 63 83 87 1 73 48 30 98 42 36
90 0 60 69 51 71 5 50 33 5 91 98 8 33 49 56 87 94 49 53 52 57 51 84 8 54 15 24 27 55 30 38 16 99 11 19 12 23 55 60 53 56 89 87 22 38 75 53 75 14 74 68 51 73 53 94 35 79 74 4 82 41 86 72 45 26 8 96 8 49 50 51 71 92 18 45 24 79 32 80 28 44 95 26 62 42 95 68 45 76 20 75 56 97 2 5 80 16 2 91 25 43 0 98 19 3 75 88 19 6 4 30 67 4 86 85 17 11 59 15 14 19 66 21 81 59 54 32 45 100 5 24 68 85 4 56 69 8 5 47 28 18 67 57 28 25 45 47 80 55 23
52 60 0 11 66 34 55 54 22 24 75 18 70 99 28 17 50 1 0 14 94 16 38 68 23 19 56 61 75 64 85 21 70 4 0 77 13 9 100 18 79 79 86 49 100 63 56 45 67 31 41 15 54 52 38 19 98 35 92 28 37 97 28 38 98 31 19 97 9 12 4 73 25 69 24 24 68 34 71 35 93 8 83 73 59 38 17 19 63 52 53 58 16 13 95 63 66 56 94 98 56 17 95 95 90 1 70 47 30 19 15 60 10 30 57 32 63 72 75 52 40 24 12 14 63 85 41 93 19 69 87 9 66 96 58 8 4 0 43 81 24 12 62 17 38 8 55 6 4 32 12
94 69 11 0 53 31 42 43 48 5 68 3 1 38 48 38 26 58 96 46 43 15 43 96 69 34 30 20 72 34 42 27 3 28 13 86 24 2 92 74 60 52 80 14 53 54 0 31 81 72 16 7 78 9 11 53 69 5 85 75 70 37 35 22 36 12 80 70 52 40 1 39 77 62 39 5 77 2 67 12 63 34 93 55 22 47 76 63 7 25 16 92 16 36 76 3 52 87 21 65 94 33 5 19 9 55 45 62 62 40 29 20 70 25 33 98 52 60 64 25 95 39 46 55 52 47 24 27 100 27 19 11 100 45 94 61 39 10 64 99 53 70 83 47 27 79 3 27 63 74 68
25 51 66 53 0 75 62 94 66 37 84 91 42 100 14 14 76 0 38 43 60 99 10 73 52 87 77 92 60 100 58 2 96 90 79 12 84 32 71 70 65 73 62 81 68 98 14 66 11 75 11 27 46 81 17 63 87 32 100 66 6 32 48 20 74 53 62 85 66 70 94 88 61 48 95 16 78 37 49 7 60 91 53 28 40 65 95 87 100 55 10 85 59 40 55 20 92 25 100 41 32 79 91 40 51 3 55 35 83 59 59 35 82 47 60 99 78 46 82 42 5 34 40 21 98 29 26 4 71 71 100 27 7 36 48 23 75 73 57 15 70 7 58 53 97 57 98 10 81 17 22
58 71 34 31 75 0 98 7 25 100 32 63 5 5 1 61 74 81 52 83 35 5 1 76 96 93 61 15 81 29 96 65 25 17 64 7 33 55 24 88 93 59 67 20 15 77 29 54 33 71 89 6 10 71 18 100 12 80 92 69 75 96 29 57 1 72 70 65 40 7 12 23 83 49 67 19 75 72 28 63 16 56 72 29 91 100 1 16 13 99 62 10 2 64 85 61 92 72 4 71 63 58 65 46 73 31 44 77 37 43 27 49 73 7 28 88 53 100 7 59 78 82 23 60 16 80 9 97 77 54 13 5 6 81 55 57 22 72 20 59 23 48 67 49 19 92 58 23 58 97 39
46 5 55 42 62 98 0 92 41 97 23 64 35 77 75 86 37 62 18 22 94 97 74 59 65 28 31 77 86 9 64 43 54 11 65 98 37 6 10 22 93 8 26 49 49 30 84 53 47 63 71 46 2 17 82 81 9 49 68 30 1 87 8 23 89 93 71 61 26 5 82 20 8 48 60 69 63 1 97 8 57 30 13 23 29 3 4 57 70 74 32 79 7 0 54 56 4 32 46 21 62 62 67 60 45 63 64 34 38 23 99 36 77 99 55 38 12 94 47 52 38 10 81 81 64 3 59 80 10 56 70 53 89 42 81 5 81 84 24 22 83 36 23 30 18 16 57 50 9 57 51
12 50 54 43 94 7 92 0 41 82 26 94 3 19 94 61 73 15 65 27 74 59 59 30 8 38 24 25 75 63 84 61 84 75 64 96 9 73 0 67 58 18 22 32 90 78 8 4 98 14 5 71 90 98 3 84 58 15 94 33 1 93 21 78 48 88 74 41 9 63 75 32 61 78 50 99 60 23 33 96 96 64 45 5 14 74 82 22 23 1 9 16 53 58 88 75 64 67 68 47 92 62 54 37 28 76 93 14 9 40 26 64 35 14 42 99 83 2 25 76 43 5 32 20 68 78 95 52 91 76 86 21 3 13 60 52 2 66 65 68 46 95 25 80 19 38 70 27 40 89 30
96 33 22 48 66 25 41 41 0 52 61 56 42 42 81 19 41 16 85 49 16 37 41 98 29 70 7 45 61 26 19 90 100 54 13 75 93 71 52 33 86 27 69 97 9 99 70 39 45 43 44 60 5 22 76 8 29 69 16 57 63 29 29 9 44 21 74 62 4 57 44 66 2 59 29 94 97 7 57 7 12 14 12 88 30 84 49 15 76 74 16 84 3 56 42 99 84 14 83 23 35 43 91 51 98 37 76 79 10 54 99 84 71 10 91 29 33 4 55 24 70 47 6 75 63 20 87 38 12 83 79 93 3 56 54 88 25 17 53 77 56 9 31 50 11 75 15 25 5 39 82
1 5 24 5 37 100 97 82 52 0 11 92 34 19 12 5 97 27 98 51 64 18 69 94 55 85 66 76 58 53 52 42 64 66 1 67 50 57 21 98 81 99 76 5 21 67 80 29 99 14 32 2 13 86 75 34 57 51 37 28 38 4 11 73 75 42 71 0 78 2 55 67 38 89 20 65 10 27 34 29 17 95 82 51 62 65 61 94 94 81 29 16 35 96 78 57 55 51 30 40 26 22 70 64 30 11 38 12 13 36 4 95 18 34 70 69 94 84 46 43 42 64 68 25 65 76 74 17 96 5 34 63 14 83 92 72 16 81 57 71 24 98 15 95 63 9 72 4 29 21 80
99 91 75 68 84 32 23 26 61 11 0 5 48 62 82 13 60 30 20 15 48 93 21 28 17 16 7 82 40 43 62 55 54 86 52 16 69 56 50 85 74 22 17 34 78 65 3 23 16 13 39 19 63 76 16 92 86 56 13 56 19 74 10 74 33 85 54 22 53 91 63 54 30 16 12 98 40 2 4 74 27 93 25 97 27 92 2 47 45 23 72 75 86 98 90 92 85 44 57 9 45 98 36 16 48 55 6 76 36 52 28 7 49 92 30 82 99 25 99 97 20 45 45 80 50 55 16 38 88 91 98 50 13 65 79 84 76 81 100 58 78 87 27 5 27 83 11 4 7 56 25
69 98 18 3 91 63 64 94 56 92 5 0 97 85 34 53 3 38 86 49 36 30 7 43 14 73 4 79 5 26 73 65 4 84 41 25 28 82 94 68 99 70 98 30 45 91 20 8 44 23 63 99 67 86 91 4 50 82 88 87 17 10 35 16 20 3 51 61 81 91 28 34 90 91 68 94 89 71 58 51 18 12 6 30 92 23 80 39 51 86 86 79 80 23 89 19 2 46 76 4 100 74 74 42 48 100 28 61 44 35 15 99 1 26 5 63 15 12 50 30 12 86 62 78 64 91 51 24 30 79 37 19 39 94 13 92 23 88 47 31 3 30 81 78 41 86 32 97 74 11 56
55 8 70 1 42 5 35 3 42 34 48 97 0 89 93 56 85 14 55 55 94 100 42 59 0 80 26 35 72 25 38 8 37 51 56 10 24 82 31 94 92 6 33 4 26 68 99 72 42 88 72 63 75 54 86 15 47 38 45 25 77 43 62 0 63 88 98 67 34 5 27 28 21 12 28 7 3 80 25 11 65 76 45 31 61 3 81 27 39 8 100 36 32 95 85 24 73 14 73 45 29 6 65 13 80 54 71 62 2 74 57 11 41 96 9 34 74 7 92 11 3 36 71 93 30 82 22 20 21 96 28 19 100 46 15 18 11 15 62 98 83 14 14 71 53 98 29 51 74 10 7
82 33 99 38 100 5 77 19 42 19 62 85 89 0 63 32 17 29 86 94 68 29 54 73 8 5 80 22 18 88 28 2 41 53 42 51 28 59 55 43 82 58 56 19 13 19 23 24 42 90 100 25 43 42 75 74 48 40 21 28 30 64 98 41 20 31 33 72 29 1 24 81 84 85 51 4 44 13 14 63 8 88 92 84 0 12 42 52 55 59 51 13 63 79 64 23 32 66 74 6 92 65 46 44 25 3 86 1 53 59 60 2 69 81 62 65 0 0 17 3 44 45 42 4 50 72 55 10 64 37 18 44 72 57 33 95 96 12 69 26 78 8 0 88 92 80 15 32 16 4 97
82 49 28 48 14 1 75 94 81 12 82 34 93 63 0 63 38 6 55 69 50 54 26 11 24 26 7 54 67 35 83 82 86 94 84 42 93 48 50 52 82 15 63 45 32 74 100 4 41 11 0 6 99 48 10 78 45 15 86 63 69 85 14 32 3 100 63 71 21 55 98 32 15 89 74 22 22 51 2 6 11 33 51 85 100 85 39 17 82 39 44 88 57 19 10 33 33 60 51 2 97 81 84 40 54 82 39 63 45 74 67 73 60 21 53 7 54 67 16 75 66 10 27 18 83 83 85 38 89 96 95 45 56 7 15 35 37 12 9 91 43 15 3 98 98 19 68 47 67 30 6
37 56 17 38 14 61 86 61 19 5 13 53 56 32 63 0 57 22 44 14 48 30 69 93 83 33 22 57 20 5 10 0 83 63 63 73 18 68 81 95 6 34 68 27 18 59 95 51 39 53 34 25 42 17 1 59 46 77 4 100 17 24 76 5 37 64 53 79 18 1 35 18 46 100 55 19 65 16 52 54 92 67 25 85 94 71 39 23 81 4 92 33 21 99 100 41 100 17 60 25 75 56 89 7 43 87 54 13 48 37 19 42 55 99 85 54 40 11 66 13 71 55 61 69 21 50 82 66 26 59 85 72 87 40 81 16 68 20 83 94 17 72 14 10 92 16 92 62 71 80 78
53 87 50 26 76 74 37 73 41 97 60 3 85 17 38 57 0 19 35 28 1 78 95 28 0 60 56 84 47 65 74 53 56 62 61 87 68 57 6 77 2 43 100 61 65 86 34 42 67 47 30 34 59 19 74 22 45 93 52 67 20 67 56 98 59 65 56 16 7 64 10 54 53 3 0 85 80 57 50 84 83 97 65 9 68 53 42 30 18 16 98 71 20 75 89 83 31 78 98 12 97 93 33 83 16 99 88 88 97 82 51 18 28 86 71 76 0 38 86 39 10 74 78 51 49 36 52 91 74 3 42 3 45 24 74 49 47 1 27 37 97 58 23 89 16 15 23 46 58 55 47
68 94 1 58 0 81 62 15 16 27 30 38 14 29 6 22 19 0 34 62 9 31 26 60 22 46 63 95 26 76 4 6 55 84 47 62 52 30 66 23 62 22 3 1 28 54 60 53 4 47 38 12 51 48 34 43 77 96 21 26 43 87 9 98 83 95 4 26 30 87 98 83 20 2 47 35 20 8 49 29 63 26 7 71 97 82 28 42 41 70 90 66 59 85 100 75 35 61 52 61 67 6 19 78 13 86 90 93 63 37 62 48 72 81 16 88 19 75 63 67 40 47 7 68 56 5 11 32 14 9 31 4 9 20 75 29 84 3 89 48 45 95 96 17 89 86 1 28 25 70 83
43 49 0 96 38 52 18 65 85 98 20 86 55 86 55 44 35 34 0 77 56 12 61 46 93 1 1 53 42 66 59 88 46 41 97 25 87 97 35 61 46 4 92 70 31 76 88 51 88 81 59 33 44 88 72 59 88 67 34 1 67 36 1 87 24 9 84 21 77 8 50 20 71 52 33 59 48 6 70 85 13 88 55 61 91 95 33 24 8 99 50 20 22 37 29 82 18 38 14 51 63 24 20 94 56 20 77 70 16 76 67 69 22 92 58 18 97 87 33 92 24 66 49 78 30 46 49 42 76 35 92 31 86 0 50 90 10 85 98 89 5 62 73 94 69 82 37 81 17 81 8
53 53 14 46 43 83 22 27 49 51 15 49 55 94 69 14 28 62 77 0 51 96 39 55 24 68 33 12 91 86 90 5 30 10 82 39 63 6 2 44 85 17 63 57 93 63 15 10 84 57 84 95 27 99 44 47 64 34 5 64 100 22 33 29 58 87 57 46 23 52 63 97 23 96 92 81 45 45 93 14 78 97 73 14 53 52 100 55 64 81 44 37 18 74 74 92 62 13 75 92 14 51 54 63 45 51 25 43 49 27 42 94 65 13 90 23 64 1 1 63 93 7 11 74 36 78 92 9 61 96 57 85 32 32 54 72 37 40 93 70 18 99 13 67 26 20 69 45 31 95 79
30 52 94 43 60 35 94 74 16 64 48 36 94 68 50 48 1 9 56 51 0 22 48 92 49 97 84 69 71 41 47 6 79 87 75 39 68 55 9 45 32 100 57 49 39 6 65 13 47 66 80 67 84 27 49 95 69 4 52 58 39 49 67 40 52 66 53 56 5 23 10 3 91 86 20 67 38 14 61 94 52 67 7 87 34 77 29 94 86 94 91 95 94 93 88 62 43 98 42 41 81 22 44 76 95 82 74 70 88 7 9 86 10 48 91 6 43 72 39 54 88 57 23 26 95 93 81 51 50 40 79 63 23 47 67 19 85 24 63 76 72 77 99 21 51 88 29 7 50 80 81
0 57 16 15 99 5 97 59 37 18 93 30 100 29 54 30 78 31 12 96 22 0 56 63 2 78 55 98 92 64 32 22 8 89 44 75 30 92 50 18 84 81 13 19 89 3 3 94 44 6 77 62 5 39 17 3 54 3 95 30 4 86 70 15 61 40 8 6 79 48 3 62 98 23 99 40 52 50 13 67 100 72 30 31 10 99 83 79 62 10 78 9 46 73 48 26 33 99 64 96 88 97 62 7 62 97 19 21 43 41 83 59 2 59 9 55 40 49 16 24 77 30 89 3 76 51 52 33 97 17 32 82 43 78 92 78 81 28 78 50 55 97 21 34 26 4 78 93 14 55 17
43 51 38 43 10 1 74 59 41 69 21 7 42 54 26 69 95 26 61 39 48 56 0 21 3 13 99 6 64 23 17 39 32 43 50 13 35 40 13 79 49 22 5 7 10 83 74 17 31 50 19 29 62 72 81 22 61 87 46 93 100 44 7 23 4 48 48 100 69 68 98 40 98 17 82 88 12 20 71 75 76 7 33 80 55 96 92 33 51 44 94 76 77 68 86 6 94 28 48 84 68 77 14 26 76 27 91 66 66 41 0 19 25 17 20 33 40 40 67 97 55 10 16 83 91 100 9 51 54 47 16 45 58 53 58 39 66 93 34 40 94 64 41 34 91 20 2 57 51 90 4
100 84 68 96 73 76 59 30 98 94 28 43 59 73 11 93 28 60 46 55 92 63 21 0 66 12 32 49 56 99 32 98 65 67 89 3 3 40 38 5 83 78 35 35 66 80 67 66 43 44 36 56 35 46 56 69 81 71 92 28 68 1 35 100 28 33 85 74 77 37 11 90 92 58 84 98 51 78 46 69 70 80 90 18 35 48 66 60 54 7 50 43 62 71 58 86 70 82 50 72 78 69 73 31 80 95 63 16 63 24 89 82 55 56 81 99 19 24 89 51 24 35 4 82 97 24 18 76 95 31 100 40 24 81 15 82 57 62 92 43 40 45 34 15 5 73 64 75 45 40 4
22 8 23 69 52 96 65 8 29 55 17 14 0 8 24 83 0 22 93 24 49 2 3 66 0 26 60 72 3 0 53 4 8 90 42 0 3 31 92 1 88 63 63 82 72 27 2 16 19 7 78 15 72 76 42 13 15 48 43 10 71 52 89 23 67 19 48 4 63 10 5 57 13 69 43 69 47 36 92 69 34 93 53 60 5 6 31 8 81 79 36 77 91 81 58 67 55 90 48 9 0 70 72 3 100 0 10 77 42 3 50 42 34 85 87 79 31 78 94 1 85 97 35 84 83 79 38 58 75 60 96 79 45 91 14 15 66 53 16 0 97 46 2 58 22 27 28 46 19 20 61
5 54 19 34 87 93 28 38 70 85 16 73 80 5 26 33 60 46 1 68 97 78 13 12 26 0 7 75 2 77 0 17 27 24 56 16 78 57 74 94 28 7 25 59 69 25 84 56 62 72 73 76 99 28 67 7 52 47 97 30 70 69 67 81 65 82 94 24 100 80 51 59 91 10 79 45 21 88 9 23 100 1 79 52 86 89 19 3 2 0 34 40 0 31 0 22 11 48 41 57 16 96 48 76 34 18 9 63 80 23 41 94 61 22 36 71 31 30 75 47 73 73 30 20 65 26 20 73 12 88 46 28 94 1 74 2 15 100 13 100 10 94 41 32 59 54 62 4 30 21 79
75 15 56 30 77 61 31 24 7 66 7 4 26 80 7 22 56 63 1 33 84 55 99 32 60 7 0 26 4 3 61 81 29 11 9 54 96 70 93 47 70 26 77 37 2 79 80 75 21 91 75 79 26 62 33 7 17 91 58 30 73 1 91 25 77 11 92 87 98 67 25 26 32 14 32 70 31 60 90 41 98 92 18 36 48 69 76 46 75 50 2 55 42 36 38 44 47 13 12 1 99 51 45 87 79 18 15 90 58 29 2 21 1 29 43 70 62 11 36 15 71 51 88 46 27 74 13 63 26 96 11 43 13 66 20 42 11 100 67 40 77 35 94 54 32 60 88 55 48 46 72
43 24 61 20 92 15 77 25 45 76 82 79 35 22 54 57 84 95 53 12 69 98 6 49 72 75 26 0 29 81 18 92 53 24 70 13 97 40 70 82 4 34 48 62 51 4 66 99 91 83 64 25 63 24 51 55 31 74 85 49 14 86 55 88 85 100 88 44 5 83 30 98 11 72 21 67 11 58 66 67 55 22 94 46 61 95 18 5 66 54 4 18 36 87 30 77 12 98 73 61 74 19 15 59 65 19 85 13 2 76 92 18 67 44 37 17 8 75 96 40 93 6 2 24 52 35 21 97 85 26 5 24 44 21 64 83 18 38 6 78 73 65 74 17 78 58 49 27 48 27 3
79 27 75 72 60 81 86 75 61 58 40 5 72 18 67 20 47 26 42 91 71 92 64 56 3 2 4 29 0 84 53 13 98 18 35 65 85 47 0 77 77 15 34 3 55 15 11 63 51 78 74 54 88 5 7 84 67 91 33 32 91 38 86 74 74 30 18 80 43 5 24 39 100 37 95 56 35 92 43 75 11 69 96 70 15 48 91 82 41 7 59 2 47 9 58 25 67 30 78 40 2 11 79 95 36 44 60 75 1 43 20 1 94 86 1 36 0 45 54 49 72 50 52 47 62 54 3 51 55 25 70 91 67 25 9 38 17 100 48 5 4 66 15 41 100 11 38 75 98 9 79
94 55 64 34 100 29 9 63 26 53 43 26 25 88 35 5 65 76 66 86 41 64 23 99 0 77 3 81 84 0 20 35 41 30 59 46 86 86 92 66 35 67 15 92 80 99 45 87 2 42 97 6 71 73 37 45 100 56 11 34 55 3 44 1 86 33 23 65 0 55 49 66 85 58 37 35 7 78 62 76 53 32 80 67 53 14 79 15 21 78 69 69 65 40 21 27 39 97 59 92 35 49 81 81 12 27 37 26 57 89 61 84 79 56 65 51 74 66 71 39 49 72 62 21 45 38 46 19 20 21 49 65 58 50 99 47 68 19 3 13 35 52 11 57 65 19 75 99 87 70 67
70 30 85 42 58 96 64 84 19 52 62 73 38 28 83 10 74 4 59 90 47 32 17 32 53 0 61 18 53 20 0 92 40 100 1 84 62 33 48 77 94 2 94 33 14 28 77 47 93 59 13 55 42 49 75 34 57 24 77 66 81 61 77 59 34 96 44 2 62 92 53 39 33 82 37 73 87 64 16 57 72 10 35 19 13 99 79 2 29 52 99 47 97 17 69 29 68 50 92 12 49 22 65 76 86 43 87 19 44 15 31 73 1 21 1 2 58 68 20 88 58 30 29 64 21 43 15 94 39 27 16 60 58 42 19 17 5 72 13 46 59 95 1 88 9 12 74 59 58 2 35
96 38 21 27 2 65 43 61 90 42 55 65 8 2 82 0 53 6 88 5 6 22 39 98 4 17 81 92 13 35 92 0 80 65 92 66 66 81 38 11 82 51 61 99 63 91 1 59 89 31 55 24 75 50 100 47 54 9 29 29 83 14 29 49 1 47 87 17 18 72 3 18 64 100 44 51 38 11 43 97 22 34 91 9 54 14 99 72 56 23 71 18 77 39 14 79 96 39 26 52 15 42 68 11 0 20 84 70 51 14 30 7 89 16 93 32 9 4 18 77 100 33 87 82 70 35 36 70 78 9 42 11 39 78 41 2 90 99 2 81 87 77 63 9 80 24 96 15 55 42 90
61 16 70 3 96 25 54 84 100 64 54 4 37 41 86 83 56 55 46 30 79 8 32 65 8 27 29 53 98 41 40 80 0 76 74 98 94 89 10 33 25 33 62 18 90 0 34 61 26 46 46 92 87 37 23 14 60 40 45 79 50 2 16 48 82 51 15 84 53 65 82 10 25 67 93 64 81 13 83 75 16 50 28 97 45 55 56 58 71 92 53 78 35 38 65 45 21 22 61 54 80 16 48 45 90 8 2 89 47 9 92 88 56 93 24 55 100 72 62 90 47 62 28 52 17 18 91 31 82 75 16 6 91 47 63 86 22 96 87 46 0 63 39 9 68 21 86 63 91 92 45
50 99 4 28 90 17 11 75 54 66 86 84 51 53 94 63 62 84 41 10 87 89 43 67 90 24 11 24 18 30 100 65 76 0 17 75 58 7 45 0 70 87 62 83 76 64 94 19 52 98 2 69 32 88 88 90 34 89 24 46 50 89 3 76 55 82 64 88 20 80 73 24 19 51 82 41 73 56 6 90 27 25 17 5 66 96 47 48 41 86 98 40 1 63 69 52 95 81 26 86 0 48 74 93 9 100 95 69 93 21 7 14 39 8 71 1 29 0 57 81 42 22 65 52 58 47 47 23 41 29 29 60 46 37 23 41 14 92 2 13 51 12 5 79 79 94 90 84 57 17 13
47 11 0 13 79 64 65 64 13 1 52 41 56 42 84 63 61 47 97 82 75 44 50 89 42 56 9 70 35 59 1 92 74 17 0 77 11 18 75 27 0 93 30 43 32 61 40 61 37 78 56 49 46 84 7 79 64 15 19 79 20 95 75 37 29 14 47 75 82 48 99 70 11 69 31 68 66 30 85 60 63 0 89 31 2 31 94 90 51 16 46 82 75 81 29 95 1 56 65 83 95 94 10 0 18 93 90 50 51 62 61 48 43 59 51 34 3 25 58 45 22 80 50 30 14 63 43 19 91 55 11 49 4 26 25 48 22 1 61 55 9 31 20 67 50 0 38 47 81 53 70
72 19 77 86 12 7 98 96 75 67 16 25 10 51 42 73 87 62 25 39 39 75 13 3 0 16 54 13 65 46 84 66 98 75 77 0 19 86 94 87 12 1 80 90 7 0 95 27 67 41 44 82 32 52 29 71 62 37 7 77 1 3 1 25 14 50 65 53 90 74 15 44 31 41 39 78 95 16 83 2 42 63 76 15 87 78 39 64 0 70 60 21 71 28 27 77 12 49 91 68 58 13 1 74 35 29 81 83 48 40 8 22 88 62 21 82 97 93 65 25 97 22 45 15 14 29 79 88 6 37 94 31 17 35 92 3 81 10 53 12 80 74 10 74 43 79 70 77 99 14 83
47 12 13 24 84 33 37 9 93 50 69 28 24 28 93 18 68 52 87 63 68 30 35 3 3 78 96 97 85 86 62 66 94 58 11 19 0 25 97 17 62 72 25 61 86 70 9 15 89 72 51 25 86 58 84 5 13 68 7 70 94 55 8 0 51 98 41 36 71 86 54 29 86 47 60 87 78 9 57 60 42 93 44 67 21 67 84 74 65 77 67 4 89 29 70 51 49 45 74 21 70 0 32 46 45 23 62 61 63 16 64 80 94 20 92 27 59 39 35 99 65 91 28 27 43 52 43 97 95 15 18 55 36 95 28 33 95 96 75 84 54 73 16 61 82 33 94 2 86 70 56
43 23 9 2 32 55 6 73 71 57 56 82 82 59 48 68 57 30 97 6 55 92 40 40 31 57 70 40 47 86 33 81 89 7 18 86 25 0 39 3 62 31 23 82 78 28 72 95 54 0 69 23 8 19 24 26 17 80 19 43 9 6 33 54 31 11 73 30 69 36 66 55 86 67 69 59 82 26 96 98 12 77 50 78 34 90 100 74 9 51 80 74 4 21 64 63 28 42 100 9 59 69 23 82 79 17 0 97 59 19 83 19 75 1 17 48 85 99 80 19 92 70 9 21 34 27 54 10 57 99 70 65 98 58 8 0 78 100 73 1 22 74 17 32 77 48 78 47 57 31 88
34 55 100 92 71 24 10 0 52 21 50 94 31 55 50 81 6 66 35 2 9 50 13 38 92 74 93 70 0 92 48 38 10 45 75 94 97 39 0 75 19 96 1 74 96 63 4 89 68 47 50 32 47 30 26 82 31 50 99 80 11 4 57 45 35 34 17 95 74 18 24 48 94 34 91 5 55 31 14 89 86 36 28 61 28 86 27 93 98 80 43 37 13 52 79 91 40 53 4 46 39 99 58 4 34 77 69 65 56 50 63 53 12 68 10 0 95 79 90 50 81 44 30 83 57 22 100 28 14 11 65 96 89 68 9 17 93 52 36 5 30 24 8 13 2 29 7 56 87 38 49
31 60 18 74 70 88 22 67 33 98 85 68 94 43 52 95 77 23 61 44 45 18 79 5 1 94 47 82 77 66 77 11 33 0 27 87 17 3 75 0 93 30 61 7 48 38 65 39 81 24 79 39 50 78 78 64 72 18 58 53 84 9 2 58 92 82 48 84 40 6 82 69 51 26 98 72 37 95 29 37 88 79 34 35 66 84 35 91 35 44 32 12 30 26 81 21 1 64 67 81 31 38 94 14 70 26 28 71 35 49 22 60 99 16 82 75 91 14 77 2 94 62 28 88 53 47 23 49 0 35 2 57 73 10 89 12 18 31 24 42 81 26 100 49 34 67 85 94 61 19 76
40 53 79 60 65 93 93 58 86 81 74 99 92 82 82 6 2 62 46 85 32 84 49 83 88 28 70 4 77 35 94 82 25 70 0 12 62 62 19 93 0 0 79 38 29 0 98 22 84 31 43 57 62 74 76 35 20 25 50 29 64 36 21 33 55 29 16 73 57 68 51 57 14 99 79 52 28 15 46 19 43 88 98 20 90 65 47 90 56 91 93 30 33 49 20 86 40 54 81 61 1 70 58 0 79 93 2 60 82 20 66 31 67 44 64 12 16 53 40 78 38 93 14 26 39 7 40 87 41 23 88 85 17 85 82 13 83 37 45 88 79 3 63 26 92 89 57 93 0 66 65
57 56 79 52 73 59 8 18 27 99 22 70 6 58 15 34 43 22 4 17 100 81 22 78 63 7 26 34 15 67 2 51 33 87 93 1 72 31 96 30 0 0 33 85 41 33 61 85 96 16 1 12 33 91 33 27 95 76 64 32 55 91 8 55 55 14 90 17 15 64 96 64 68 39 37 72 34 1 57 4 80 92 16 57 94 47 30 48 23 74 11 49 74 100 31 82 4 86 51 38 11 29 81 21 13 20 14 87 48 18 86 15 88 81 31 59 75 61 6 72 35 82 53 27 48 35 96 14 12 42 27 7 94 17 36 34 59 8 3 25 18 5 19 83 96 7 58 17 95 59 99
30 89 86 80 62 67 26 22 69 76 17 98 33 56 63 68 100 3 92 63 57 13 5 35 63 25 77 48 34 15 94 61 62 62 30 80 25 23 1 61 79 33 0 41 65 32 16 23 79 15 33 98 68 7 3 36 39 35 17 2 81 45 66 42 56 27 22 61 54 83 85 79 46 28 13 52 82 83 96 82 45 74 21 42 6 91 56 22 11 30 45 31 83 17 33 30 14 5 27 98 26 40 93 81 29 29 84 46 51 50 65 3 3 95 68 79 92 50 25 81 36 72 17 43 13 50 45 93 92 97 38 65 91 72 37 30 77 72 67 65 26 45 45 33 66 86 82 0 5 19 38
38 87 49 14 81 20 49 32 97 5 34 30 4 19 45 27 61 1 70 57 49 19 7 35 82 59 37 62 3 92 33 99 18 83 43 90 61 82 74 7 38 85 41 0 13 76 21 46 25 91 41 93 18 5 18 76 26 39 88 19 74 82 13 84 12 41 51 52 69 70 0 42 99 77 74 10 35 73 15 78 84 15 72 51 61 0 2 82 77 66 47 28 14 21 5 86 33 67 98 53 36 7 12 44 60 52 91 79 62 16 64 63 81 64 97 25 77 21 46 38 5 67 97 43 78 55 10 73 33 37 70 56 32 9 24 93 76 41 92 10 38 39 46 3 50 68 96 68 55 31 26
66 22 100 53 68 15 49 90 9 21 78 45 26 13 32 18 65 28 31 93 39 89 10 66 72 69 2 51 55 80 14 63 90 76 32 7 86 78 96 48 29 41 65 13 0 79 88 8 27 3 17 87 61 17 27 84 42 94 48 3 4 37 10 34 25 72 7 2 33 7 54 51 13 60 93 10 63 98 17 78 33 10 83 48 100 69 85 23 41 99 9 92 93 68 82 29 62 56 85 62 49 64 68 29 73 84 2 0 63 55 62 16 89 27 53 37 44 29 30 87 22 17 46 92 12 68 29 91 62 7 50 62 14 52 30 62 71 86 37 27 78 50 13 81 26 65 0 34 47 74 46
11 38 63 54 98 77 30 78 99 67 65 91 68 19 74 59 86 54 76 63 6 3 83 80 27 25 79 4 15 99 28 91 0 64 61 0 70 28 63 38 0 33 32 76 79 0 69 34 71 12 50 32 48 21 61 13 25 20 91 40 46 80 35 14 52 83 33 91 38 76 96 23 68 30 6 3 87 97 82 37 52 68 1 99 70 74 89 52 63 40 71 11 11 66 43 57 45 5 23 85 51 99 43 50 4 7 86 100 84 41 24 6 76 92 65 58 18 21 2 90 90 22 51 90 58 21 34 64 68 96 84 83 90 46 46 29 70 67 37 89 19 74 74 59 90 53 57 51 18 40 76
32 75 56 0 14 29 84 8 70 80 3 20 99 23 100 95 34 60 88 15 65 3 74 67 2 84 80 66 11 45 77 1 34 94 40 95 9 72 4 65 98 61 16 21 88 69 0 47 25 95 61 57 99 40 86 56 54 77 63 73 79 7 50 73 9 19 73 43 92 44 76 89 72 66 76 74 96 13 47 14 47 76 21 16 8 28 91 85 36 34 25 45 97 82 13 99 79 94 11 63 59 55 99 22 79 2 16 73 3 18 84 69 16 86 47 13 87 94 11 85 3 41 93 21 58 40 22 57 30 33 61 39 99 11 33 37 60 84 21 87 9 83 47 34 8 91 65 93 21 13 37
67 53 45 31 66 54 53 4 39 29 23 8 72 24 4 51 42 53 51 10 13 94 17 66 16 56 75 99 63 87 47 59 61 19 61 27 15 95 89 39 22 85 23 46 8 34 47 0 20 84 56 52 30 10 59 54 39 13 86 5 13 85 1 97 44 11 11 24 24 39 90 7 17 34 75 35 98 85 13 49 85 64 83 5 14 41 100 47 20 59 78 25 13 53 63 8 96 87 55 10 14 32 43 96 65 93 65 91 31 63 75 61 40 96 27 4 5 93 95 13 64 78 82 33 12 30 21 91 40 59 25 89 10 75 80 41 7 92 80 21 63 54 83 57 68 68 59 56 0 4 58
45 75 67 81 11 33 47 98 45 99 16 44 42 42 41 39 67 4 88 84 47 44 31 43 19 62 21 91 51 2 93 89 26 52 37 67 89 54 68 81 84 96 79 25 27 71 25 20 0 48 54 35 23 6 87 24 74 28 48 16 63 18 81 48 49 68 69 9 64 99 27 89 30 41 70 83 17 13 45 21 93 48 18 75 86 46 21 86 33 65 74 35 29 89 6 23 70 27 21 75 16 33 82 86 24 28 100 40 49 47 61 88 25 20 28 23 18 15 11 55 13 78 75 28 83 42 77 43 30 86 14 1 71 4 71 60 0 32 54 70 17 63 100 87 21 93 55 11 87 99 75
68 14 31 72 75 71 63 14 43 14 13 23 88 90 11 53 47 47 81 57 66 6 50 44 7 72 91 83 78 42 59 31 46 98 78 41 72 0 47 24 31 16 15 91 3 12 95 84 48 0 39 53 56 98 3 84 32 77 6 25 96 6 35 0 53 95 53 43 73 2 2 6 57 53 5 34 16 57 33 84 46 66 47 30 72 47 80 54 25 29 42 77 99 85 93 11 24 21 56 39 48 47 87 26 36 92 11 73 82 79 64 11 79 96 75 7 10 52 62 78 27 91 33 77 39 14 38 32 53 61 96 28 74 44 98 17 15 7 68 73 68 25 5 7 80 67 97 86 44 39 35
0 74 41 16 11 89 71 5 44 32 39 63 72 100 0 34 30 38 59 84 80 77 19 36 78 73 75 64 74 97 13 55 46 2 56 44 51 69 50 79 43 1 33 41 17 50 61 56 54 39 0 88 21 37 90 80 10 63 8 0 21 68 17 91 49 53 16 32 2 80 79 38 79 94 77 99 38 57 10 7 29 55 19 97 61 30 27 59 58 73 75 93 38 42 24 89 59 70 46 92 100 99 28 46 26 85 43 27 91 26 93 75 38 45 19 52 51 29 93 73 71 7 59 25 94 38 58 36 20 75 91 80 24 8 45 61 58 66 50 86 86 2 79 25 43 39 95 38 42 7 27
3 68 15 7 27 6 46 71 60 2 19 99 63 25 6 25 34 12 33 95 67 62 29 56 15 76 79 25 54 6 55 24 92 69 49 82 25 23 32 39 57 12 98 93 87 32 57 52 35 53 88 0 15 31 65 11 8 13 18 91 32 47 72 26 50 87 52 86 81 16 91 2 2 36 86 78 9 26 36 42 97 49 13 1 22 96 87 12 28 86 59 44 93 38 92 43 3 100 57 38 95 26 16 85 58 19 57 95 30 1 60 72 25 59 68 96 87 97 25 71 83 83 74 24 7 35 52 31 66 43 3 72 26 11 12 55 54 40 36 1 60 32 96 40 36 86 74 11 88 100 53
31 51 54 78 46 10 2 90 5 13 63 67 75 43 99 42 59 51 44 27 84 5 62 35 72 99 26 63 88 71 42 75 87 32 46 32 86 8 47 50 62 33 68 18 61 48 99 30 23 56 21 15 0 80 99 54 60 31 20 97 8 79 97 92 13 70 51 86 52 41 84 86 89 13 33 74 93 98 22 69 73 40 51 18 29 84 7 91 99 27 81 29 47 28 37 39 39 43 33 94 70 6 63 5 2 59 18 52 90 18 49 85 34 20 68 41 37 55 43 55 76 92 51 2 74 80 73 47 32 27 100 98 56 58 100 19 78 90 32 34 96 57 23 54 6 30 65 57 63 42 9
19 73 52 9 81 71 17 98 22 86 76 86 54 42 48 17 19 48 88 99 27 39 72 46 76 28 62 24 5 73 49 50 37 88 84 52 58 19 30 78 74 91 7 5 17 21 40 10 6 98 37 31 80 0 94 46 82 98 36 4 65 28 2 93 10 75 3 80 85 98 52 71 18 53 12 98 55 83 17 87 4 99 40 41 46 77 54 6 91 73 82 67 95 93 77 14 27 51 25 88 59 21 28 86 32 62 93 19 8 5 96 23 72 53 52 80 97 69 77 42 28 54 44 77 72 96 100 2 18 5 70 26 25 12 54 49 19 35 34 93 77 28 95 87 52 99 36 76 52 67 63
30 53 38 11 17 18 82 3 76 75 16 91 86 75 10 1 74 34 72 44 49 17 81 56 42 67 33 51 7 37 75 100 23 88 7 29 84 24 26 78 76 33 3 18 27 61 86 59 87 3 90 65 99 94 0 64 18 51 98 25 52 32 67 11 43 95 51 55 73 31 55 39 41 35 3 1 72 97 52 54 91 26 66 54 81 32 79 25 49 18 58 83 47 3 92 100 100 90 7 53 24 29 68 86 58 94 44 87 19 17 100 25 80 70 52 25 94 84 80 69 98 36 83 91 48 8 63 55 2 8 68 85 64 78 42 79 25 31 7 41 26 8 91 94 95 36 5 52 68 45 94
35 94 19 53 63 100 81 84 8 34 92 4 15 74 78 59 22 43 59 47 95 3 22 69 13 7 7 55 84 45 34 47 14 90 79 71 5 26 82 64 35 27 36 76 84 13 56 54 24 84 80 11 54 46 64 0 1 56 40 74 37 14 98 73 58 44 30 56 29 35 82 58 38 82 64 47 77 7 64 45 22 29 48 53 3 38 7 95 13 18 16 20 62 48 10 90 84 54 42 73 80 87 48 89 57 31 100 58 37 92 6 33 65 2 77 87 94 24 44 72 27 63 14 1 91 19 74 32 83 95 68 49 19 55 75 78 6 41 53 36 64 88 24 68 47 31 16 25 68 69 20
55 35 98 69 87 12 9 58 29 57 86 50 47 48 45 46 45 77 88 64 69 54 61 81 15 52 17 31 67 100 57 54 60 34 64 62 13 17 31 72 20 95 39 26 42 25 54 39 74 32 10 8 60 82 18 1 0 30 54 23 12 64 67 29 4 91 77 77 69 21 95 59 1 83 81 60 88 61 52 76 89 22 78 58 47 36 87 14 21 56 65 39 54 31 56 34 86 83 78 15 46 56 92 98 36 52 36 26 5 17 15 91 72 29 42 35 66 95 40 3 13 99 70 38 54 36 49 13 36 60 54 19 41 94 45 36 79 12 32 96 98 0 84 50 62 75 11 69 64 16 83
2 79 35 5 32 80 49 15 69 51 56 82 38 40 15 77 93 96 67 34 4 3 87 71 48 47 91 74 91 56 24 9 40 89 15 37 68 80 50 18 25 76 35 39 94 20 77 13 28 77 63 13 31 98 51 56 30 0 2 52 63 56 35 87 51 20 30 84 55 7 21 22 19 89 18 45 19 58 4 31 31 1 5 62 94 84 90 100 5 38 55 13 15 22 62 9 79 1 37 0 5 62 90 63 83 59 87 64 9 64 71 44 24 48 65 46 6 71 80 96 87 41 64 52 19 82 69 80 53 31 40 0 0 28 18 2 8 50 57 86 60 99 4 29 94 34 88 8 51 79 73
29 74 92 85 100 92 68 94 16 37 13 88 45 21 86 4 52 21 34 5 52 95 46 92 43 97 58 85 33 11 77 29 45 24 19 7 7 19 99 58 50 64 17 88 48 91 63 86 48 6 8 18 20 36 98 40 54 2 0 52 63 99 7 89 57 21 42 65 32 71 51 46 52 86 66 11 9 50 32 77 18 72 67 85 67 91 35 77 29 36 18 59 97 73 7 78 20 81 41 5 82 16 94 98 14 13 65 5 92 43 59 51 68 42 2 41 94 40 23 44 8 26 6 86 63 75 67 5 54 70 45 74 63 7 28 18 1 36 99 13 43 3 86 30 91 97 81 36 72 16 9
0 4 28 75 66 69 30 33 57 28 56 87 25 28 63 100 67 26 1 64 58 30 93 28 10 30 30 49 32 34 66 29 79 46 79 77 70 43 80 53 29 32 2 19 3 40 73 5 16 25 0 91 97 4 25 74 23 52 52 0 35 28 47 71 60 6 49 19 13 63 86 1 0 68 70 8 17 95 60 12 64 68 52 97 93 48 73 52 95 45 10 90 13 95 37 9 45 85 36 15 85 100 80 71 20 22 33 95 93 60 76 30 47 26 91 3 95 85 19 35 31 83 78 84 93 94 17 4 21 53 79 76 29 15 39 12 52 64 30 61 59 18 57 45 23 11 56 87 3 32 87
49 82 37 70 6 75 1 1 63 38 19 17 77 30 69 17 20 43 67 100 39 4 100 68 71 70 73 14 91 55 81 83 50 50 20 1 94 9 11 84 64 55 81 74 4 46 79 13 63 96 21 32 8 65 52 37 12 63 63 35 0 26 0 14 45 99 54 84 44 38 11 55 50 87 34 54 22 75 11 67 82 57 33 20 69 92 18 11 69 9 87 28 57 64 40 56 6 29 38 40 76 85 82 58 41 97 1 8 89 54 67 57 83 43 32 58 38 95 27 28 44 65 81 33 11 35 57 61 59 90 1 50 21 39 21 32 44 27 34 32 14 70 43 33 19 30 33 20 29 8 87
16 41 97 37 32 96 87 93 29 4 74 10 43 64 85 24 67 87 36 22 49 86 44 1 52 69 1 86 38 3 61 14 2 89 95 3 55 6 4 9 36 91 45 82 37 80 7 85 18 6 68 47 79 28 32 14 64 56 99 28 26 0 81 65 47 76 70 76 49 10 17 74 70 16 88 58 62 24 53 95 59 56 62 47 75 74 7 60 79 49 67 50 39 48 29 57 83 77 98 78 100 5 72 46 79 13 35 18 1 51 29 43 12 32 16 16 39 3 77 25 52 49 95 72 31 62 93 39 14 13 98 74 62 8 4 13 91 55 55 57 28 97 42 100 25 28 4 2 71 69 76
40 86 28 35 48 29 8 21 29 11 10 35 62 98 14 76 56 9 1 33 67 70 7 35 89 67 91 55 86 44 77 29 16 3 75 1 8 33 57 2 21 8 66 13 10 35 50 1 81 35 17 72 97 2 67 98 67 35 7 47 0 81 0 71 33 48 65 64 83 90 36 92 87 92 10 60 100 45 15 4 14 92 77 4 35 71 54 46 22 26 73 68 33 3 4 61 23 75 19 79 14 99 71 0 93 35 46 95 45 51 97 89 39 56 52 23 77 9 17 3 42 1 46 0 57 97 82 16 78 38 43 78 69 20 75 8 26 19 17 61 56 7 97 51 87 27 30 46 90 92 31
53 72 38 22 20 57 23 78 9 73 74 16 0 41 32 5 98 98 87 29 40 15 23 100 23 81 25 88 74 1 59 49 48 76 37 25 0 54 45 58 33 55 42 84 34 14 73 97 48 0 91 26 92 93 11 73 29 87 89 71 14 65 71 0 90 100 55 22 57 51 19 33 26 88 81 64 81 64 16 27 71 90 35 90 26 60 2 17 33 0 27 65 52 87 10 85 70 3 38 56 54 62 61 23 62 67 43 3 75 60 27 1 55 49 91 98 44 49 52 25 61 99 30 46 26 84 48 39 85 84 13 65 66 66 54 25 87 26 10 9 13 68 37 97 6 54 88 61 38 14 12
1 45 98 36 74 1 89 48 44 75 33 20 63 20 3 37 59 83 24 58 52 61 4 28 67 65 77 85 74 86 34 1 82 55 29 14 51 31 35 92 55 55 56 12 25 52 9 44 49 53 49 50 13 10 43 58 4 51 57 60 45 47 33 90 0 95 93 99 66 92 71 20 42 18 63 70 94 31 1 21 89 74 63 19 22 71 35 95 20 16 29 79 58 10 1 9 66 50 10 15 99 19 56 59 50 22 86 28 12 35 91 49 35 96 24 88 10 71 56 23 89 5 48 51 91 58 5 60 67 40 49 58 78 84 1 73 74 32 50 6 39 11 51 17 48 61 89 34 29 100 58
29 26 31 12 53 72 93 88 21 42 85 3 88 31 100 64 65 95 9 87 66 40 48 33 19 82 11 100 30 33 96 47 51 82 14 50 98 11 34 82 29 14 27 41 72 83 19 11 68 95 53 87 70 75 95 44 91 20 21 6 99 76 48 100 95 0 49 14 98 93 55 22 93 91 96 35 31 47 49 85 12 82 56 80 33 17 73 17 3 3 99 10 22 90 71 19 80 70 47 64 26 24 43 14 32 20 28 85 51 71 26 51 17 18 80 15 15 53 93 12 62 29 41 58 91 11 44 93 50 19 55 29 22 11 86 49 95 66 96 61 84 39 9 1 72 100 61 8 31 29 85
44 8 19 80 62 70 71 74 74 71 54 51 98 33 63 53 56 4 84 57 53 8 48 85 48 94 92 88 18 23 44 87 15 64 47 65 41 73 17 48 16 90 22 51 7 33 73 11 69 53 16 52 51 3 51 30 77 30 42 49 54 70 65 55 93 49 0 33 19 51 52 85 55 89 49 41 95 65 36 43 3 83 28 24 11 35 51 69 88 64 11 59 5 76 66 20 98 13 60 95 39 96 92 56 94 95 71 99 60 43 42 32 45 95 26 57 64 43 24 25 24 83 91 50 90 19 49 3 63 60 94 85 31 8 97 94 9 99 9 12 18 85 40 70 69 3 91 94 27 17 49
50 96 97 70 85 65 61 41 62 0 22 61 67 72 71 79 16 26 21 46 56 6 100 74 4 24 87 44 80 65 2 17 84 88 75 53 36 30 95 84 73 17 61 52 2 91 43 24 9 43 32 86 86 80 55 56 77 84 65 19 84 76 64 22 99 14 33 0 77 96 100 6 72 18 82 27 63 43 26 71 1 75 94 67 70 18 53 29 16 43 26 71 45 73 59 19 84 13 70 14 1 9 10 27 5 5 2 93 45 19 28 33 8 47 100 64 57 12 59 91 19 30 18 13 48 18 48 54 98 74 81 92 47 68 75 63 57 31 64 5 90 66 59 42 44 16 64 22 45 65 19
82 8 9 52 66 40 26 9 4 78 53 81 34 29 21 18 7 30 77 23 5 79 69 77 63 100 98 5 43 0 62 18 53 20 82 90 71 69 74 40 57 15 54 69 33 38 92 24 64 73 2 81 52 85 73 29 69 55 32 13 44 49 83 57 66 98 19 77 0 44 33 63 1 95 35 37 71 97 94 83 61 1 83 44 98 80 41 83 4 25 37 68 9 31 37 19 94 40 49 30 85 44 27 52 55 10 42 78 30 21 34 84 88 67 49 35 86 80 50 86 25 55 91 37 36 75 81 96 5 7 92 100 42 54 100 29 75 11 56 92 95 86 61 97 18 23 54 40 78 47 85
12 49 12 40 70 7 5 63 57 2 91 91 5 1 55 1 64 87 8 52 23 48 68 37 10 80 67 83 5 55 92 72 65 80 48 74 86 36 18 6 68 64 83 70 7 76 44 39 99 2 80 16 41 98 31 35 21 7 71 63 38 10 90 51 92 93 51 96 44 0 40 85 91 9 26 81 46 92 42 78 81 10 81 52 37 21 33 39 19 39 41 39 38 99 47 70 6 54 44 71 8 53 96 48 64 23 68 29 46 51 100 92 12 83 59 86 81 76 60 31 37 32 11 49 29 26 87 24 75 72 25 71 71 29 67 39 6 7 9 10 96 82 85 8 84 25 81 27 14 6 67
3 50 4 1 94 12 82 75 44 55 63 28 27 24 98 35 10 98 50 63 10 3 98 11 5 51 25 30 24 49 53 3 82 73 99 15 54 66 24 82 51 96 85 0 54 96 76 90 27 2 79 91 84 52 55 82 95 21 51 86 11 17 36 19 71 55 52 100 33 40 0 74 69 17 1 28 80 42 88 36 96 74 36 47 68 53 14 80 44 57 59 15 85 24 0 31 89 21 61 4 72 22 34 51 68 97 93 48 31 7 55 49 2 79 22 41 90 26 22 56 1 63 47 51 12 44 63 43 24 13 35 76 41 1 0 80 7 4 83 62 63 87 78 52 32 82 70 3 27 11 14
66 51 73 39 88 23 20 32 66 67 54 34 28 81 32 18 54 83 20 97 3 62 40 90 57 59 26 98 39 66 39 18 10 24 70 44 29 55 48 69 57 64 79 42 51 23 89 7 89 6 38 2 86 71 39 58 59 22 46 1 55 74 92 33 20 22 85 6 63 85 74 0 82 10 8 7 31 43 44 15 33 17 35 66 18 71 3 100 95 46 11 5 80 38 45 27 95 68 44 84 90 96 94 17 54 58 6 87 59 48 90 82 85 9 35 80 50 97 5 12 83 84 8 47 40 5 87 81 47 71 77 69 31 88 98 69 65 93 48 20 23 54 80 8 75 18 29 99 34 91 11
92 71 25 77 61 83 8 61 2 38 30 90 21 84 15 46 53 20 71 23 91 98 98 92 13 91 32 11 100 85 33 64 25 19 11 31 86 86 94 51 14 68 46 99 13 68 72 17 30 57 79 2 89 18 41 38 1 19 52 0 50 70 87 26 42 93 55 72 1 91 69 82 0 38 27 62 54 58 24 85 20 64 16 65 21 46 84 69 76 0 75 62 29 30 26 88 75 45 18 41 35 88 84 42 61 3 99 94 71 14 71 78 3 0 94 36 98 42 15 9 11 69 76 76 50 45 98 65 7 92 15 37 61 64 79 53 12 66 26 4 75 29 51 96 80 74 19 58 54 78 100
31 92 69 62 48 49 48 78 59 89 16 91 12 85 89 100 3 2 52 96 86 23 17 58 69 10 14 72 37 58 82 100 67 51 69 41 47 67 34 26 99 39 28 77 60 30 66 34 41 53 94 36 13 53 35 82 83 89 86 68 87 16 92 88 18 91 89 18 95 9 17 10 38 0 59 5 95 8 62 98 19 76 56 9 10 14 39 91 22 47 0 24 1 53 53 33 38 86 54 37 92 76 67 67 37 32 67 6 60 7 81 55 87 53 54 7 50 2 99 40 44 27 54 95 66 12 97 45 1 66 54 73 74 80 0 36 91 44 47 80 1 7 10 89 55 17 8 19 33 18 72
11 18 24 39 95 67 60 50 29 20 12 68 28 51 74 55 0 47 33 92 20 99 82 84 43 79 32 21 95 37 37 44 93 82 31 39 60 69 91 98 79 37 13 74 93 6 76 75 70 5 77 86 33 12 3 64 81 18 66 70 34 88 10 81 63 96 49 82 35 26 1 8 27 59 0 40 1 79 35 60 97 36 63 69 12 88 25 34 56 6 26 97 17 43 66 10 29 13 14 39 34 66 17 7 60 65 80 26 69 36 97 45 57 60 31 10 1 73 59 85 46 90 74 17 4 38 52 57 62 43 45 15 24 92 41 40 24 11 4 28 89 54 7 85 28 84 84 53 87 81 49
62 45 24 5 16 19 69 99 94 65 98 94 7 4 22 19 85 35 59 81 67 40 88 98 69 45 70 67 56 35 73 51 64 41 68 78 87 59 5 72 52 72 52 10 10 3 74 35 83 34 99 78 74 98 1 47 60 45 11 8 54 58 60 64 70 35 41 27 37 81 28 7 62 5 40 0 83 88 52 71 68 34 78 40 100 91 79 96 15 48 38 28 3 81 62 25 93 28 6 6 43 32 82 99 74 58 97 63 43 28 5 77 24 51 59 21 44 64 19 64 70 25 68 78 79 94 27 42 100 86 35 90 54 89 69 23 88 69 2 30 100 55 78 45 54 25 50 92 15 29 82
56 24 68 77 78 75 63 60 97 10 40 89 3 44 22 65 80 20 48 45 38 52 12 51 47 21 31 11 35 7 87 38 81 73 66 95 78 82 55 37 28 34 82 35 63 87 96 98 17 16 38 9 93 55 72 77 88 19 9 17 22 62 100 81 94 31 95 63 71 46 80 31 54 95 1 83 0 39 5 50 83 44 81 75 19 91 11 57 92 23 20 0 8 46 87 73 33 84 9 70 81 3 37 50 10 60 50 64 85 91 68 57 74 32 53 64 99 1 70 84 47 63 97 10 99 58 21 15 51 59 20 10 42 46 0 22 85 94 21 85 71 39 49 25 45 13 5 53 36 19 38
89 79 34 2 37 72 1 23 7 27 2 71 80 13 51 16 57 8 6 45 14 50 20 78 36 88 60 58 92 78 64 11 13 56 30 16 9 26 31 95 15 1 83 73 98 97 13 85 13 57 57 26 98 83 97 7 61 58 50 95 75 24 45 64 31 47 65 43 97 92 42 43 58 8 79 88 39 0 50 20 15 20 55 50 3 53 55 46 27 89 25 45 55 80 60 1 83 91 61 91 42 80 29 72 38 42 58 10 66 58 42 95 31 38 40 0 57 30 73 45 33 4 36 77 62 9 66 42 33 11 30 5 37 63 63 61 69 42 90 59 82 88 36 5 59 28 18 6 42 26 11
22 32 71 67 49 28 97 33 57 34 4 58 25 14 2 52 50 49 70 93 61 13 71 46 92 9 90 66 43 62 16 43 83 6 85 83 57 96 14 29 46 57 96 15 17 82 47 13 45 33 10 36 22 17 52 64 52 4 32 60 11 53 15 16 1 49 36 26 94 42 88 44 24 62 35 52 5 50 0 32 42 70 14 6 54 19 83 51 79 79 88 52 0 44 58 8 19 78 70 76 4 10 23 23 3 24 76 68 7 74 11 46 44 41 1 44 88 4 94 85 22 81 87 41 14 27 52 39 57 27 45 9 84 81 65 89 74 83 3 100 29 43 47 90 14 73 97 5 45 22 88
32 80 35 12 7 63 8 96 7 29 74 51 11 63 6 54 84 29 85 14 94 67 75 69 69 23 41 67 75 76 57 97 75 90 60 2 60 98 89 37 19 4 82 78 78 37 14 49 21 84 7 42 69 87 54 45 76 31 77 12 67 95 4 27 21 85 43 71 83 78 36 15 85 98 60 71 50 20 32 0 8 21 39 26 79 7 21 67 49 39 51 66 40 57 37 48 24 71 45 8 87 53 10 15 31 6 10 18 27 66 37 25 78 100 59 2 90 32 6 14 40 63 70 47 38 21 9 52 97 66 53 46 28 64 63 62 15 9 30 67 78 60 63 36 39 62 100 44 35 93 52
25 28 93 63 60 16 57 96 12 17 27 18 65 8 11 92 83 63 13 78 52 100 76 70 34 100 98 55 11 53 72 22 16 27 63 42 42 12 86 88 43 80 45 84 33 52 47 85 93 46 29 97 73 4 91 22 89 31 18 64 82 59 14 71 89 12 3 1 61 81 96 33 20 19 97 68 83 15 42 8 0 30 26 54 94 95 23 97 65 76 73 87 1 86 81 47 55 28 92 99 37 73 86 71 78 14 6 97 93 54 56 3 19 75 75 33 85 0 65 13 83 47 80 43 98 36 64 10 41 85 19 60 11 83 58 33 71 84 74 48 95 39 19 57 41 98 59 57 36 29 21
99 44 8 34 91 56 30 64 14 95 93 12 76 88 33 67 97 26 88 97 67 72 7 80 93 1 92 22 69 32 10 34 50 25 0 63 93 77 36 79 88 92 74 15 10 68 76 64 48 66 55 49 40 99 26 29 22 1 72 68 57 56 92 90 74 82 83 75 1 10 74 17 64 76 36 34 44 20 70 21 30 0 68 90 75 98 1 42 73 92 38 1 81 43 33 38 12 76 70 14 39 42 3 76 80 91 81 19 87 22 34 66 11 51 54 51 84 16 68 2 19 33 61 9 52 5 61 100 33 47 59 15 24 29 62 68 39 33 89 83 32 22 11 71 29 4 10 82 26 8 33
92 95 83 93 53 72 13 45 12 82 25 6 45 92 51 25 65 7 55 73 7 30 33 90 53 79 18 94 96 80 35 91 28 17 89 76 44 50 28 34 98 16 21 72 83 1 21 83 18 47 19 13 51 40 66 48 78 5 67 52 33 62 77 35 63 56 28 94 83 81 36 35 16 56 63 78 81 55 14 39 26 68 0 25 1 54 28 50 100 15 16 27 5 76 98 33 20 49 92 66 64 44 70 20 32 25 13 47 7 5 79 56 21 71 79 51 99 88 37 98 80 59 97 20 4 38 32 99 23 55 38 11 48 41 46 65 31 45 31 28 38 96 54 82 85 46 71 47 40 79 30
28 26 73 55 28 29 23 5 88 51 97 30 31 84 85 85 9 71 61 14 87 31 80 18 60 52 36 46 70 67 19 9 97 5 31 15 67 78 61 35 20 57 42 51 48 99 16 5 75 30 97 1 18 41 54 53 58 62 85 97 20 47 4 90 19 80 24 67 44 52 47 66 65 9 69 40 75 50 6 26 54 90 25 0 63 28 88 63 59 31 76 75 22 24 7 54 49 17 99 36 67 21 49 96 79 71 48 83 35 66 96 95 12 96 95 39 68 10 2 34 85 86 97 15 73 28 64 22 29 100 28 13 76 61 33 1 82 98 14 59 32 50 83 14 28 24 75 72 71 1 48
5 62 59 22 40 91 29 14 30 62 27 92 61 0 100 94 68 97 91 53 34 10 55 35 5 86 48 61 15 53 13 54 45 66 2 87 21 34 28 66 90 94 6 61 100 70 8 14 86 72 61 22 29 46 81 3 47 94 67 93 69 75 35 26 22 33 11 70 98 37 68 18 21 10 12 100 19 3 54 79 94 75 1 63 0 99 28 72 40 8 45 3 53 98 41 25 75 59 43 96 93 99 32 5 88 54 87 15 43 68 48 86 32 86 77 28 26 95 100 3 30 67 85 73 93 4 53 98 50 64 41 18 25 56 98 8 54 76 66 38 3 13 38 68 20 79 16 87 8 1 9
94 42 38 47 65 100 3 74 84 65 92 23 3 12 85 71 53 82 95 52 77 99 96 48 6 89 69 95 48 14 99 14 55 96 31 78 67 90 86 84 65 47 91 0 69 74 28 41 46 47 30 96 84 77 32 38 36 84 91 48 92 74 71 60 71 17 35 18 80 21 53 71 46 14 88 91 91 53 19 7 95 98 54 28 99 0 91 8 17 40 99 12 31 18 86 98 15 86 26 71 40 10 48 37 20 64 96 83 18 28 11 86 67 85 86 70 6 3 57 42 99 80 65 2 32 7 21 41 69 8 38 15 57 97 65 44 76 64 58 28 65 63 9 96 19 92 1 91 45 5 16
14 95 17 76 95 1 4 82 49 61 2 80 81 42 39 39 42 28 33 100 29 83 92 66 31 19 76 18 91 79 79 99 56 47 94 39 84 100 27 35 47 30 56 2 85 89 91 100 21 80 27 87 7 54 79 7 87 90 35 73 18 7 54 2 35 73 51 53 41 33 14 3 84 39 25 79 11 55 83 21 23 1 28 88 28 91 0 89 47 84 63 20 26 11 33 54 2 39 36 49 44 83 49 89 91 56 15 56 22 91 2 97 58 13 42 17 19 64 21 81 15 19 41 49 76 15 28 95 70 84 59 33 94 72 18 42 75 69 14 32 82 32 85 93 17 60 73 27 48 14 66
52 68 19 63 87 16 57 22 15 94 47 39 27 52 17 23 30 42 24 55 94 79 33 60 8 3 46 5 82 15 2 72 58 48 90 64 74 74 93 91 90 48 22 82 23 52 85 47 86 54 59 12 91 6 25 95 14 100 77 52 11 60 46 17 95 17 69 29 83 39 80 100 69 91 34 96 57 46 51 67 97 42 50 63 72 8 89 0 19 67 79 59 23 91 60 31 32 23 13 89 86 52 51 71 46 54 20 71 90 78 21 56 17 5 54 98 22 15 32 13 52 12 44 51 61 92 83 64 93 69 88 91 73 90 97 66 58 73 3 53 58 51 24 52 22 55 90 26 72 71 29
87 45 63 7 100 13 70 23 76 94 45 51 39 55 82 81 18 41 8 64 86 62 51 54 81 2 75 66 41 21 29 56 71 41 51 0 65 9 98 35 56 23 11 77 41 63 36 20 33 25 58 28 99 91 49 13 21 5 29 95 69 79 22 33 20 3 88 16 4 19 44 95 76 22 56 15 92 27 79 49 65 73 100 59 40 17 47 19 0 21 48 96 45 58 3 85 61 91 56 10 11 100 60 7 46 98 30 9 60 55 81 83 55 100 66 64 30 8 100 77 76 44 85 9 22 80 57 27 99 52 22 88 95 23 22 83 48 7 74 62 72 94 43 97 55 14 16 76 57 2 79
42 76 52 25 55 99 74 1 74 81 23 86 8 59 39 4 16 70 99 81 94 10 44 7 79 0 50 54 7 78 52 23 92 86 16 70 77 51 80 44 91 74 30 66 99 40 34 59 65 29 73 86 27 73 18 18 56 38 36 45 9 49 26 0 16 3 64 43 25 39 57 46 0 47 6 48 23 89 79 39 76 92 15 31 8 40 84 67 21 0 14 47 50 86 99 79 92 96 63 87 9 88 63 23 51 96 60 64 84 48 36 43 35 27 84 34 5 6 77 87 43 55 91 91 40 100 6 68 66 80 45 31 40 23 54 16 70 96 85 34 7 53 50 58 78 28 26 79 57 28 44
39 20 53 16 10 62 32 9 16 29 72 86 100 51 44 92 98 90 50 44 91 78 94 50 36 34 2 4 59 69 99 71 53 98 46 60 67 80 43 32 93 11 45 47 9 71 25 78 74 42 75 59 81 82 58 16 65 55 18 10 87 67 73 27 29 99 11 26 37 41 59 11 75 0 26 38 20 25 88 51 73 38 16 76 45 99 63 79 48 14 0 40 90 89 49 72 14 38 7 7 76 79 96 98 85 8 36 66 22 23 48 43 75 35 98 79 56 59 58 68 93 22 49 80 37 51 31 76 9 38 60 16 42 59 84 56 20 85 28 65 0 50 33 27 62 32 72 84 36 58 29
12 75 58 92 85 10 79 16 84 16 75 79 36 13 88 33 71 66 20 37 95 9 76 43 77 40 55 18 2 69 47 18 78 40 82 21 4 74 37 12 30 49 31 28 92 11 45 25 35 77 93 44 29 67 83 20 39 13 59 90 28 50 68 65 79 10 59 71 68 39 15 5 62 24 97 28 0 45 52 66 87 1 27 75 3 12 20 59 96 47 40 0 44 13 84 71 49 74 78 25 39 82 33 98 36 77 33 7 40 3 30 69 100 31 44 63 76 85 39 77 62 88 52 58 79 57 71 51 70 61 15 12 33 75 26 36 52 13 96 10 56 7 34 59 97 36 97 30 47 95 52
78 56 16 16 59 2 7 53 3 35 86 80 32 63 57 21 20 59 22 18 94 46 77 62 91 0 42 36 47 65 97 77 35 1 75 71 89 4 13 30 33 74 83 14 93 11 97 13 29 99 38 93 47 95 47 62 54 15 97 13 57 39 33 52 58 22 5 45 9 38 85 80 29 1 17 3 8 55 0 40 1 81 5 22 53 31 26 23 45 50 90 44 0 7 86 19 11 32 25 52 18 38 88 20 65 32 84 68 22 6 63 17 62 44 42 79 80 87 82 43 73 84 74 96 72 48 43 79 81 21 54 27 51 91 77 51 74 92 28 75 86 93 51 59 53 26 85 63 35 88 45
28 97 13 36 40 64 0 58 56 96 98 23 95 79 19 99 75 85 37 74 93 73 68 71 81 31 36 87 9 40 17 39 38 63 81 28 29 21 52 26 49 100 17 21 68 66 82 53 89 85 42 38 28 93 3 48 31 22 73 95 64 48 3 87 10 90 76 73 31 99 24 38 30 53 43 81 46 80 44 57 86 43 76 24 98 18 11 91 58 86 89 13 7 0 88 38 27 16 97 100 91 38 49 78 70 6 19 95 14 63 100 31 34 18 17 36 91 100 41 64 38 87 90 62 41 0 62 46 72 74 2 55 88 96 79 15 54 26 59 8 29 33 64 58 79 56 0 43 47 30 57
71 2 95 76 55 85 54 88 42 78 90 89 85 64 10 100 89 100 29 74 88 48 86 58 58 0 38 30 58 21 69 14 65 69 29 27 70 64 79 81 20 31 33 5 82 43 13 63 6 93 24 92 37 77 92 10 56 62 7 37 40 29 4 10 1 71 66 59 37 47 0 45 26 53 66 62 87 60 58 37 81 33 98 7 41 86 33 60 3 99 49 84 86 88 0 33 20 5 56 73 93 73 64 10 4 27 4 37 21 54 25 89 31 9 84 92 53 26 61 4 43 88 23 3 78 44 12 46 15 22 15 10 33 3 35 6 73 40 71 24 37 4 24 14 30 84 13 26 75 37 49
58 5 63 3 20 61 56 75 99 57 92 19 24 23 33 41 83 75 82 92 62 26 6 86 67 22 44 77 25 27 29 79 45 52 95 77 51 63 91 21 86 82 30 86 29 57 99 8 23 11 89 43 39 14 100 90 34 9 78 9 56 57 61 85 9 19 20 19 19 70 31 27 88 33 10 25 73 1 8 48 47 38 33 54 25 98 54 31 85 79 72 71 19 38 33 0 13 57 40 76 26 65 79 18 75 71 75 96 39 13 48 12 20 21 75 5 86 54 85 38 83 21 82 30 30 10 68 5 27 61 60 91 30 77 44 57 5 32 67 91 100 71 97 58 62 46 49 55 52 24 30
16 80 66 52 92 92 4 64 84 55 85 2 73 32 33 100 31 35 18 62 43 33 94 70 55 11 47 12 67 39 68 96 21 95 1 12 49 28 40 1 40 4 14 33 62 45 79 96 70 24 59 3 39 27 100 84 86 79 20 45 6 83 23 70 66 80 98 84 94 6 89 95 75 38 29 93 33 83 19 24 55 12 20 49 75 15 2 32 61 92 14 49 11 27 20 13 0 43 39 12 15 35 37 30 100 82 21 21 73 46 69 81 78 58 7 59 31 22 5 50 10 20 69 58 69 65 16 80 12 71 44 0 64 6 98 96 78 79 88 16 36 24 33 16 24 29 31 53 66 26 28
73 16 56 87 25 72 32 67 14 51 44 46 14 66 60 17 78 61 38 13 98 99 28 82 90 48 13 98 30 97 50 39 22 81 56 49 45 42 53 64 54 86 5 67 56 5 94 87 27 21 70 100 43 51 90 54 83 1 81 85 29 77 75 3 50 70 13 13 40 54 21 68 45 86 13 28 84 91 78 71 28 76 49 17 59 86 39 23 91 96 38 74 32 16 5 57 43 0 45 31 78 86 41 77 12 20 88 37 67 43 93 66 51 54 3 4 15 22 45 16 91 76 25 58 88 22 24 16 38 97 45 90 57 43 45 65 23 100 17 38 49 9 85 10 24 90 58 55 29 100 65
94 2 94 21 100 4 46 68 83 30 57 76 73 74 51 60 98 52 14 75 42 64 48 50 48 41 12 73 78 59 92 26 61 26 65 91 74 100 4 67 81 51 27 98 85 23 11 55 21 56 46 57 33 25 7 42 78 37 41 36 38 98 19 38 10 47 60 70 49 44 61 44 18 54 14 6 9 61 70 45 92 70 92 99 43 26 36 13 56 63 7 78 25 97 56 40 39 45 0 79 98 32 97 35 51 21 32 38 82 60 49 30 61 80 6 19 19 24 90 32 12 48 5 0 49 92 87 91 52 48 40 10 69 76 68 80 27 98 25 27 23 52 27 5 2 79 64 69 54 37 41
80 91 98 65 41 71 21 47 23 40 9 4 45 6 2 25 12 61 51 92 41 96 84 72 9 57 1 61 40 92 12 52 54 86 83 68 21 9 46 81 61 38 98 53 62 85 63 10 75 39 92 38 94 88 53 73 15 0 5 15 40 78 79 56 15 64 95 14 30 71 4 84 41 37 39 6 70 91 76 8 99 14 66 36 96 71 49 89 10 87 7 25 52 100 73 76 12 31 79 0 62 49 15 94 54 46 42 8 14 54 99 49 41 40 20 19 68 33 33 52 84 35 65 23 51 62 3 9 65 34 2 65 65 3 18 33 2 7 38 28 44 30 27 88 81 43 85 36 61 82 82
63 25 56 94 32 63 62 92 35 26 45 100 29 92 97 75 97 67 63 14 81 88 68 78 0 16 99 74 2 35 49 15 80 0 95 58 70 59 39 31 1 11 26 36 49 51 59 14 16 48 100 95 70 59 24 80 46 5 82 85 76 100 14 54 99 26 39 1 85 8 72 90 35 92 34 43 81 42 4 87 37 39 64 67 93 40 44 86 11 9 76 39 18 91 93 26 15 78 98 62 0 4 66 66 20 46 6 69 23 28 78 25 82 62 80 42 56 66 44 6 83 72 78 15 3 56 87 60 9 46 0 40 19 8 63 13 75 59 26 59 19 69 46 93 16 80 16 91 14 24 69
56 43 17 33 79 58 62 62 43 22 98 74 6 65 81 56 93 6 24 51 22 97 77 69 70 96 51 19 11 49 22 42 16 48 94 13 0 69 99 38 70 29 40 7 64 99 55 32 33 47 99 26 6 21 29 87 56 62 16 100 85 5 99 62 19 24 96 9 44 53 22 96 88 76 66 32 3 80 10 53 73 42 44 21 99 10 83 52 100 88 79 82 38 38 73 65 35 86 32 49 4 0 32 33 66 97 73 36 73 73 73 52 80 23 54 87 42 84 86 61 99 92 54 38 36 19 13 99 25 91 19 18 69 44 89 8 87 39 21 42 11 13 45 61 61 67 77 32 58 64 35
83 0 95 5 91 65 67 54 91 70 36 74 65 46 84 89 33 19 20 54 44 62 14 73 72 48 45 15 79 81 65 68 48 74 10 1 32 23 58 94 58 81 93 12 68 43 99 43 82 87 28 16 63 28 68 48 92 90 94 80 82 72 71 61 56 43 92 10 27 96 34 94 84 67 17 82 37 29 23 10 86 3 70 49 32 48 49 51 60 63 96 33 88 49 64 79 37 41 97 15 66 32 0 69 50 16 84 12 64 40 54 69 77 76 3 29 89 88 7 26 31 94 34 70 0 60 54 31 53 41 80 98 38 87 62 62 19 89 41 55 67 62 54 43 71 69 7 11 7 20 86
90 98 95 19 40 46 60 37 51 64 16 42 13 44 40 7 83 78 94 63 76 7 26 31 3 76 87 59 95 81 76 11 45 93 0 74 46 82 4 14 0 21 81 44 29 50 22 96 86 26 46 85 5 86 86 89 98 63 98 71 58 46 0 23 59 14 56 27 52 48 51 17 42 67 7 99 50 72 23 15 71 76 20 96 5 37 89 71 7 23 98 98 20 78 10 18 30 77 35 94 66 33 69 0 94 5 19 21 25 50 56 82 7 97 80 11 53 97 87 73 5 14 55 63 79 67 25 80 70 20 92 47 15 27 69 60 12 87 27 26 69 35 34 58 88 98 52 62 35 29 0
93 19 90 9 51 73 45 28 98 30 48 48 80 25 54 43 16 13 56 45 95 62 76 80 100 34 79 65 36 12 86 0 90 9 18 35 45 79 34 70 79 13 29 60 73 4 79 65 24 36 26 58 2 32 58 57 36 83 14 20 41 79 93 62 50 32 94 5 55 64 68 54 61 37 60 74 10 38 3 31 78 80 32 79 88 20 91 46 46 51 85 36 65 70 4 75 100 12 51 54 20 66 50 94 0 97 51 79 16 12 13 75 50 46 55 31 91 64 61 94 70 75 42 91 11 25 38 13 30 64 53 90 44 62 47 14 94 90 7 84 31 86 18 7 19 60 61 48 83 67 99
99 3 1 55 3 31 63 76 37 11 55 100 54 3 82 87 99 86 20 51 82 97 27 95 0 18 18 19 44 27 43 20 8 100 93 29 23 17 77 26 93 20 29 52 84 7 2 93 28 92 85 19 59 62 94 31 52 59 13 22 97 13 35 67 22 20 95 5 10 23 97 58 3 32 65 58 60 42 24 6 14 91 25 71 54 64 56 54 98 96 8 77 32 6 27 71 82 20 21 46 46 97 16 5 97 0 23 59 62 3 55 99 67 29 99 1 57 73 84 59 90 80 45 24 58 11 93 15 33 36 26 80 61 44 77 14 93 32 64 75 42 37 55 86 41 4 62 39 98 77 40
94 75 70 45 55 44 64 93 76 38 6 28 71 86 39 54 88 90 77 25 74 19 91 63 10 9 15 85 60 37 87 84 2 95 90 81 62 0 69 28 2 14 84 91 2 86 16 65 100 11 43 57 18 93 44 100 36 87 65 33 1 35 46 43 86 28 71 2 42 68 93 6 99 67 80 97 50 58 76 10 6 81 13 48 87 96 15 20 30 60 36 33 84 19 4 75 21 88 32 42 6 73 84 19 51 23 0 27 16 26 25 52 26 75 30 62 79 26 8 3 30 15 11 42 62 0 13 93 5 74 19 60 66 27 84 48 45 70 63 34 2 13 26 82 43 54 18 4 37 10 69
14 88 47 62 35 77 34 14 79 12 76 61 62 1 63 13 88 93 70 43 70 21 66 16 77 63 90 13 75 26 19 70 89 69 50 83 61 97 65 71 60 87 46 79 0 100 73 91 40 73 27 95 52 19 87 58 26 64 5 95 8 18 95 3 28 85 99 93 78 29 48 87 94 6 26 63 64 10 68 18 97 19 47 83 15 83 56 71 9 64 66 7 68 95 37 96 21 37 38 8 69 36 12 21 79 59 27 0 42 15 76 55 73 30 23 89 62 81 65 2 78 39 64 18 91 62 80 100 99 59 63 93 31 45 1 45 51 69 93 27 23 44 76 80 41 66 18 59 84 13 56
26 19 30 62 83 37 38 9 10 13 36 44 2 53 45 48 97 63 16 49 88 43 66 63 42 80 58 2 1 57 44 51 47 93 51 48 63 59 56 35 82 48 51 62 63 84 3 31 49 82 91 30 90 8 19 37 5 9 92 93 89 1 45 75 12 51 60 45 30 46 31 59 71 60 69 43 85 66 7 27 93 87 7 35 43 18 22 90 60 84 22 40 22 14 21 39 73 67 82 14 23 73 64 25 16 62 16 42 0 90 49 3 63 34 96 32 11 67 10 64 18 26 2 30 14 9 61 89 60 72 80 88 96 87 6 23 34 19 68 82 4 83 17 26 65 11 23 35 38 93 48
35 6 19 40 59 43 23 40 54 36 52 35 74 59 74 37 82 37 76 27 7 41 41 24 3 23 29 76 43 89 15 14 9 21 62 40 16 19 50 49 20 18 50 16 55 41 18 63 47 79 26 1 18 5 17 92 17 64 43 60 54 51 51 60 35 71 43 19 21 51 7 48 14 7 36 28 91 58 74 66 54 22 5 66 68 28 91 78 55 48 23 3 6 63 54 13 46 43 60 54 28 73 40 50 12 3 26 15 90 0 35 79 18 26 87 3 46 7 86 66 82 71 11 97 8 4 27 99 11 93 51 55 21 1 45 86 23 100 68 68 97 77 59 75 82 17 77 68 70 90 47
1 4 15 29 59 27 99 26 99 4 28 15 57 60 67 19 51 62 67 42 9 83 0 89 50 41 2 92 20 61 31 30 92 7 61 8 64 83 63 22 66 86 65 64 62 24 84 75 61 64 93 60 49 96 100 6 15 71 59 76 67 29 97 27 91 26 42 28 34 100 55 90 71 81 97 5 68 42 11 37 56 34 79 96 48 11 2 21 81 36 48 30 63 100 25 48 69 93 49 99 78 73 54 56 13 55 25 76 49 35 0 23 90 29 98 46 33 96 90 72 78 67 6 98 91 73 44 0 24 97 96 71 39 26 30 54 36 33 86 71 67 91 81 29 59 65 68 0 59 92 93
64 30 60 20 35 49 36 64 84 95 7 99 11 2 73 42 18 48 69 94 86 59 19 82 42 94 21 18 1 84 73 7 88 14 48 22 80 19 53 60 31 15 3 63 16 6 69 61 88 11 75 72 85 23 25 33 91 44 51 30 57 43 89 1 49 51 32 33 84 92 49 82 78 55 45 77 57 95 46 25 3 66 56 95 86 86 97 56 83 43 43 69 17 31 89 12 81 66 30 49 25 52 69 82 75 99 52 55 3 79 23 0 82 55 69 19 8 91 15 87 43 16 5 83 21 71 41 62 100 25 89 12 41 37 91 35 45 97 29 10 56 8 66 40 1 23 54 47 40 32 99
9 67 10 70 82 73 77 35 71 18 49 1 41 69 60 55 28 72 22 65 10 2 25 55 34 61 1 67 94 79 1 89 56 39 43 88 94 75 12 99 67 88 3 81 89 76 16 40 25 79 38 25 34 72 80 65 72 24 68 47 83 12 39 55 35 17 45 8 88 12 2 85 3 87 57 24 74 31 44 78 19 11 21 12 32 67 58 17 55 35 75 100 62 34 31 20 78 51 61 41 82 80 77 7 50 67 26 73 63 18 90 82 0 85 55 95 72 67 67 56 73 49 20 67 37 92 70 48 81 47 5 65 98 2 83 12 39 26 25 71 54 97 33 40 17 61 60 66 18 74 34
73 4 30 25 47 7 99 14 10 34 92 26 96 81 21 99 86 81 92 13 48 59 17 56 85 22 29 44 86 56 21 16 93 8 59 62 20 1 68 16 44 81 95 64 27 92 86 96 20 96 45 59 20 53 70 2 29 48 42 26 43 32 56 49 96 18 95 47 67 83 79 9 0 53 60 51 32 38 41 100 75 51 71 96 86 85 13 5 100 27 35 31 44 18 9 21 58 54 80 40 62 23 76 97 46 29 75 30 34 26 29 55 85 0 24 22 77 10 6 23 7 95 90 5 15 52 8 87 55 73 22 73 88 39 43 30 50 15 3 59 56 13 37 79 60 1 36 32 68 44 2
0 86 57 33 60 28 55 42 91 70 30 5 9 62 53 85 71 16 58 90 91 9 20 81 87 36 43 37 1 65 1 93 24 71 51 21 92 17 10 82 64 31 68 97 53 65 47 27 28 75 19 68 68 52 52 77 42 65 2 91 32 16 52 91 24 80 26 100 49 59 22 35 94 54 31 59 53 40 1 59 75 54 79 95 77 86 42 54 66 84 98 44 42 17 84 75 7 3 6 20 80 54 3 80 55 99 30 23 96 87 98 69 55 24 0 67 26 25 72 92 11 30 36 7 77 65 50 40 35 55 68 73 97 33 84 91 24 55 34 27 41 70 2 33 26 24 65 50 75 18 1
47 85 32 98 99 88 38 99 29 69 82 63 34 65 7 54 76 88 18 23 6 55 33 99 79 71 70 17 36 51 2 32 55 1 34 82 27 48 0 75 12 59 79 25 37 58 13 4 23 7 52 96 41 80 25 87 35 46 41 3 58 16 23 98 88 15 57 64 35 86 41 80 36 7 10 21 64 0 44 2 33 51 51 39 28 70 17 98 64 34 79 63 79 36 92 5 59 4 19 19 42 87 29 11 31 1 62 89 32 3 46 19 95 22 67 0 74 51 88 66 86 42 52 95 75 56 24 72 31 89 21 40 55 46 14 93 10 0 85 6 81 53 1 43 93 32 33 72 79 18 76
72 17 63 52 78 53 12 83 33 94 99 15 74 0 54 40 0 19 97 64 43 40 40 19 31 31 62 8 0 74 58 9 100 29 3 97 59 85 95 91 16 75 92 77 44 18 87 5 18 10 51 87 37 97 94 94 66 6 94 95 38 39 77 44 10 15 64 57 86 81 90 50 98 50 1 44 99 57 88 90 85 84 99 68 26 6 19 22 30 5 56 76 80 91 53 86 31 15 19 68 56 42 89 53 91 57 79 62 11 46 33 8 72 77 26 74 0 68 38 45 22 36 50 52 98 40 16 100 79 34 8 83 13 16 75 50 8 81 48 72 81 80 1 16 54 50 62 54 90 43 56
54 11 72 60 46 100 94 2 4 84 25 12 7 0 67 11 38 75 87 1 72 49 40 24 78 30 11 75 45 66 68 4 72 0 25 93 39 99 79 14 53 61 50 21 29 21 94 93 15 52 29 97 55 69 84 24 95 71 40 85 95 3 9 49 71 53 43 12 80 76 26 97 42 2 73 64 1 30 4 32 0 16 88 10 95 3 64 15 8 6 59 85 87 100 26 54 22 22 24 33 66 84 88 97 64 73 26 81 67 7 96 91 67 10 25 51 68 0 86 59 20 85 54 95 45 39 54 54 49 71 46 5 16 75 26 15 56 46 43 18 97 16 94 63 28 51 61 93 81 53 12
53 59 75 64 82 7 47 25 55 46 99 50 92 17 16 66 86 63 33 1 39 16 67 89 94 75 36 96 54 71 20 18 62 57 58 65 35 80 90 77 40 6 25 46 30 2 11 95 11 62 93 25 43 77 80 44 40 80 23 19 27 77 17 52 56 93 24 59 50 60 22 5 15 99 59 19 70 73 94 6 65 68 37 2 100 57 21 32 100 77 58 39 82 41 61 85 5 45 90 33 44 86 7 87 61 84 8 65 10 86 90 15 67 6 72 88 38 86 0 99 31 26 28 40 52 73 42 8 99 24 27 2 51 59 72 20 81 4 20 72 16 8 35 41 89 12 93 42 31 90 90
77 15 52 25 42 59 52 76 24 43 97 30 11 3 75 13 39 67 92 63 54 24 97 51 1 47 15 40 49 39 88 77 90 81 45 25 99 19 50 2 78 72 81 38 87 90 85 13 55 78 73 71 55 42 69 72 3 96 44 35 28 25 3 25 23 12 25 91 86 31 56 12 9 40 85 64 84 45 85 14 13 2 98 34 3 42 81 13 77 87 68 77 43 64 4 38 50 16 32 52 6 61 26 73 94 59 3 2 64 66 72 87 56 23 92 66 45 59 99 0 79 85 29 21 28 83 90 94 12 32 58 22 0 32 86 68 7 91 54 82 93 30 90 7 37 46 96 65 35 37 3
74 14 40 95 5 78 38 43 70 42 20 12 3 44 66 71 10 40 24 93 88 77 55 24 85 73 71 93 72 49 58 100 47 42 22 97 65 92 81 94 38 35 36 5 22 90 3 64 13 27 71 83 76 28 98 27 13 87 8 31 44 52 42 61 89 62 24 19 25 37 1 83 11 44 46 70 47 33 22 40 83 19 80 85 30 99 15 52 76 43 93 62 73 38 43 83 10 91 12 84 83 99 31 5 70 90 30 78 18 82 78 43 73 7 11 86 22 20 31 79 0 28 38 81 76 78 18 88 22 0 55 26 95 61 76 33 78 8 19 80 76 47 24 30 75 76 41 36 32 74 78
22 19 24 39 34 82 10 5 47 64 45 86 36 45 10 55 74 47 66 7 57 30 10 35 97 73 51 6 50 72 30 33 62 22 80 22 91 70 44 62 93 82 72 67 17 22 41 78 78 91 7 83 92 54 36 63 99 41 26 83 65 49 1 99 5 29 83 30 55 32 63 84 69 27 90 25 63 4 81 63 47 33 59 86 67 80 19 12 44 55 22 88 84 87 88 21 20 76 48 35 72 92 94 14 75 80 15 39 26 71 67 16 49 95 30 42 36 85 26 85 28 0 57 52 67 41 63 2 69 54 35 54 87 14 42 49 62 6 68 65 33 79 82 65 85 20 68 52 90 55 93
38 66 12 46 40 23 81 32 6 68 45 62 71 42 27 61 78 7 49 11 23 89 16 4 35 30 88 2 52 62 29 87 28 65 50 45 28 9 30 28 14 53 17 97 46 51 93 82 75 33 59 74 51 44 83 14 70 64 6 78 81 95 46 30 48 41 91 18 91 11 47 8 76 54 74 68 97 36 87 70 80 61 97 97 85 65 41 44 85 91 49 52 74 90 23 82 69 25 5 65 78 54 34 55 42 45 11 64 2 11 6 5 20 90 36 52 50 54 28 29 38 57 0 42 6 73 47 58 47 94 95 38 11 54 86 83 76 58 32 45 52 54 32 94 59 20 36 41 52 40 63
97 21 14 55 21 60 81 20 75 25 80 78 93 4 18 69 51 68 78 74 26 3 83 82 84 20 46 24 47 21 64 82 52 52 30 15 27 21 83 88 26 27 43 43 92 90 21 33 28 77 25 24 2 77 91 1 38 52 86 84 33 72 0 46 51 58 50 13 37 49 51 47 76 95 17 78 10 77 41 47 43 9 20 15 73 2 49 51 9 91 80 58 96 62 3 30 58 58 0 23 15 38 70 63 91 24 42 18 30 97 98 83 67 5 7 95 52 95 40 21 81 52 42 0 28 76 59 61 57 51 10 31 52 18 61 74 42 34 74 68 44 3 22 36 40 54 86 15 50 15 97
96 81 63 52 98 16 64 68 63 65 50 64 30 50 83 21 49 56 30 36 95 76 91 97 83 65 27 52 62 45 21 70 17 58 14 14 43 34 57 53 39 48 13 78 12 58 58 12 83 39 94 7 74 72 48 91 54 19 63 93 11 31 57 26 91 91 90 48 36 29 12 40 50 66 4 79 99 62 14 38 98 52 4 73 93 32 76 61 22 40 37 79 72 41 78 30 69 88 49 51 3 36 0 79 11 58 62 91 14 8 91 21 37 15 77 75 98 45 52 28 76 67 6 28 0 100 14 26 0 54 14 33 18 3 60 85 61 1 84 4 30 77 51 76 28 3 77 89 91 0 81
75 59 85 47 29 80 3 78 20 76 55 91 82 72 83 50 36 5 46 78 93 51 100 24 79 26 74 35 54 38 43 35 18 47 63 29 52 27 22 47 7 35 50 55 68 21 40 30 42 14 38 35 80 96 8 19 36 82 75 94 35 62 97 84 58 11 19 18 75 26 44 5 45 12 38 94 58 9 27 21 36 5 38 28 4 7 15 92 80 100 51 57 48 0 44 10 65 22 92 62 56 19 60 67 25 11 0 62 9 4 73 71 92 52 65 56 40 39 73 83 78 41 73 76 100 0 68 30 72 14 86 46 18 38 61 88 89 64 87 89 6 95 31 35 41 9 1 72 30 20 63
94 54 41 24 26 9 59 95 87 74 16 51 22 55 85 82 52 11 49 92 81 52 9 18 38 20 13 21 3 46 15 36 91 47 43 79 43 54 100 23 40 96 45 10 29 34 22 21 77 38 58 52 73 100 63 74 49 69 67 17 57 93 82 48 5 44 49 48 81 87 63 87 98 97 52 27 21 66 52 9 64 61 32 64 53 21 28 83 57 6 31 71 43 62 12 68 16 24 87 3 87 13 54 25 38 93 13 80 61 27 44 41 70 8 50 24 16 54 42 90 18 63 47 59 14 68 0 53 81 74 88 48 27 12 24 40 100 50 29 77 49 35 90 88 0 50 64 96 80 62 3
70 32 93 27 4 97 80 52 38 17 38 24 20 10 38 66 91 32 42 9 51 33 51 76 58 73 63 97 51 19 94 70 31 23 19 88 97 10 28 49 87 14 93 73 91 64 57 91 43 32 36 31 47 2 55 32 13 80 5 4 61 39 16 39 60 93 3 54 96 24 43 81 65 45 57 42 15 42 39 52 10 100 99 22 98 41 95 64 27 68 76 51 79 46 46 5 80 16 91 9 60 99 31 80 13 15 93 100 89 99 0 62 48 87 40 72 100 54 8 94 88 2 58 61 26 30 53 0 11 75 69 19 50 62 11 29 41 96 86 72 16 80 63 26 36 58 13 42 90 79 54
86 45 19 100 71 77 10 91 12 96 88 30 21 64 89 26 74 14 76 61 50 97 54 95 75 12 26 85 55 20 39 78 82 41 91 6 95 57 14 0 41 12 92 33 62 68 30 40 30 53 20 66 32 18 2 83 36 53 54 21 59 14 78 85 67 50 63 98 5 75 24 47 7 1 62 100 51 33 57 97 41 33 23 29 50 69 70 93 99 66 9 70 81 72 15 27 12 38 52 65 9 25 53 70 30 33 5 99 60 11 24 100 81 55 35 31 79 49 99 12 22 69 47 57 0 72 81 11 0 5 33 28 6 59 72 68 67 58 48 82 93 61 93 91 88 7 62 71 34 27 95
1 100 69 27 71 54 56 76 83 5 91 79 96 37 96 59 3 9 35 96 40 17 47 31 60 88 96 26 25 21 27 9 75 29 55 37 15 99 11 35 23 42 97 37 7 96 33 59 86 61 75 43 27 5 8 95 60 31 70 53 90 13 38 84 40 19 60 74 7 72 13 71 92 66 43 86 59 11 27 66 85 47 55 100 64 8 84 69 52 80 38 61 21 74 22 61 71 97 48 34 46 91 41 20 64 36 74 59 72 93 97 25 47 73 55 89 34 71 24 32 0 54 94 51 54 14 74 75 5 0 51 64 93 87 14 93 86 52 9 74 64 15 54 98 84 43 38 52 95 47 90
23 5 87 19 100 13 70 86 79 34 98 37 28 18 95 85 42 31 92 57 79 32 16 100 96 46 11 5 70 49 16 42 16 29 11 94 18 70 65 2 88 27 38 70 50 84 61 25 14 96 91 3 100 70 68 68 54 40 45 79 1 98 43 13 49 55 94 81 92 25 35 77 15 54 45 35 20 30 45 53 19 59 38 28 41 38 59 88 22 45 60 15 54 2 15 60 44 45 40 2 0 19 80 92 53 26 19 63 80 51 96 89 5 22 68 21 8 46 27 58 55 35 95 10 14 86 88 69 33 51 0 18 42 6 71 60 25 0 59 47 1 35 60 42 25 73 4 13 36 47 74
39 24 9 11 27 5 53 21 93 63 50 19 19 44 45 72 3 4 31 85 63 82 45 40 79 28 43 24 91 65 60 11 6 60 49 31 55 65 96 57 85 7 65 56 62 83 39 89 1 28 80 72 98 26 85 49 19 0 74 76 50 74 78 65 58 29 85 92 100 71 76 69 37 73 15 90 10 5 9 46 60 15 11 13 18 15 33 91 88 31 16 12 27 55 10 91 0 90 10 65 40 18 98 47 90 80 60 93 88 55 71 12 65 73 73 40 83 5 2 22 26 54 38 31 33 46 48 19 28 64 18 0 55 26 41 57 42 11 35 15 6 71 6 41 79 90 86 20 81 43 99
100 68 66 100 7 6 89 3 3 14 13 39 100 72 56 87 45 9 86 32 23 43 58 24 45 94 13 44 67 58 58 39 91 46 4 17 36 98 89 73 17 94 91 32 14 90 99 10 71 74 24 26 56 25 64 19 41 0 63 29 21 62 69 66 78 22 31 47 42 71 41 31 61 74 24 54 42 37 84 28 11 24 48 76 25 57 94 73 95 40 42 33 51 88 33 30 64 57 69 65 19 69 38 15 44 61 66 31 96 21 39 41 98 88 97 55 13 16 51 0 95 87 11 52 18 18 27 50 6 93 42 55 0 4 80 10 12 94 19 22 51 4 33 72 53 6 73 61 56 77 35
90 85 96 45 36 81 42 13 56 83 65 94 46 57 7 40 24 20 0 32 47 78 53 81 91 1 66 21 25 50 42 78 47 37 26 35 95 58 68 10 85 17 72 9 52 46 11 75 4 44 8 11 58 12 78 55 94 28 7 15 39 8 20 66 84 11 8 68 54 29 1 88 64 80 92 89 46 63 81 64 83 29 41 61 56 97 72 90 23 23 59 75 91 96 3 77 6 43 76 3 8 44 87 27 62 44 27 45 87 1 26 37 2 39 33 46 16 75 59 32 61 14 54 18 3 38 12 62 59 87 6 26 4 0 65 92 81 30 46 46 95 88 4 93 23 33 58 58 58 100 82
85 4 58 94 48 55 81 60 54 92 79 13 15 33 15 81 74 75 50 54 67 92 58 15 14 74 20 64 9 99 19 41 63 23 25 92 28 8 9 89 82 36 37 24 30 46 33 80 71 98 45 12 100 54 42 75 45 18 28 39 21 4 75 54 1 86 97 75 100 67 0 98 79 0 41 69 0 63 65 63 58 62 46 33 98 65 18 97 22 54 84 26 77 79 35 44 98 45 68 18 63 89 62 69 47 77 84 1 6 45 30 91 83 43 84 14 75 26 72 86 76 42 86 61 60 61 24 11 72 14 71 41 80 65 0 51 28 38 43 75 68 37 60 58 66 42 97 100 4 45 44
82 56 8 61 23 57 5 52 88 72 84 92 18 95 35 16 49 29 90 72 19 78 39 82 15 2 42 83 38 47 17 2 86 41 48 3 33 0 17 12 13 34 30 93 62 29 37 41 60 17 61 55 19 49 79 78 36 2 18 12 32 13 8 25 73 49 94 63 29 39 80 69 53 36 40 23 22 61 89 62 33 68 65 1 8 44 42 66 83 16 56 36 51 15 6 57 96 65 80 33 13 8 62 60 14 14 48 45 23 86 54 35 12 30 91 93 50 15 20 68 33 49 83 74 85 88 40 29 68 93 60 57 10 92 51 0 100 21 93 10 52 8 23 59 25 51 73 30 38 38 46
58 69 4 39 75 22 81 2 25 16 76 23 11 96 37 68 47 84 10 37 85 81 66 57 66 15 11 18 17 68 5 90 22 14 22 81 95 78 93 18 83 59 77 76 71 70 60 7 0 15 58 54 78 19 25 6 79 8 1 52 44 91 26 87 74 95 9 57 75 6 7 65 12 91 24 88 85 69 74 15 71 39 31 82 54 76 75 58 48 70 20 52 74 54 73 5 78 23 27 2 75 87 19 12 94 93 45 51 34 23 36 45 39 50 24 10 8 56 81 7 78 62 76 42 61 89 100 41 67 86 25 42 12 81 28 100 0 16 71 52 40 56 46 6 51 49 81 42 12 1 42
43 8 0 10 73 72 84 66 17 81 81 88 15 12 12 20 1 3 85 40 24 28 93 62 53 100 100 38 100 19 72 99 96 92 1 10 96 100 52 31 37 8 72 41 86 67 84 92 32 7 66 40 90 35 31 41 12 50 36 64 27 55 19 26 32 66 99 31 11 7 4 93 66 44 11 69 94 42 83 9 84 33 45 98 76 64 69 73 7 96 85 13 92 26 40 32 79 100 98 7 59 39 89 87 90 32 70 69 19 100 33 97 26 15 55 0 81 46 4 91 8 6 58 34 1 64 50 96 58 52 0 11 94 30 38 21 16 0 18 31 65 31 66 98 17 5 29 55 91 67 91
64 5 43 64 57 20 24 65 53 57 100 47 62 69 9 83 27 89 98 93 63 78 34 92 16 13 67 6 48 3 13 2 87 2 61 53 75 73 36 24 45 3 67 92 37 37 21 80 54 68 50 36 32 34 7 53 32 57 99 30 34 55 17 10 50 96 9 64 56 9 83 48 26 47 4 2 21 90 3 30 74 89 31 14 66 58 14 3 74 85 28 96 28 59 71 67 88 17 25 38 26 21 41 27 7 64 63 93 68 68 86 29 25 3 34 85 48 43 20 54 19 68 32 74 84 87 29 86 48 9 59 35 19 46 43 93 71 18 0 13 21 78 50 4 67 7 3 44 94 89 69
27 47 81 99 15 59 22 68 77 71 58 31 98 26 91 94 37 48 89 70 76 50 40 43 0 100 40 78 5 13 46 81 46 13 55 12 84 1 5 42 88 25 65 10 27 89 87 21 70 73 86 1 34 93 41 36 96 86 13 61 32 57 61 9 6 61 12 5 92 10 62 20 4 80 28 30 85 59 100 67 48 83 28 59 38 28 32 53 62 34 65 10 75 8 24 91 16 38 27 28 59 42 55 26 84 75 34 27 82 68 71 10 71 59 27 6 72 18 72 82 80 65 45 68 4 89 77 72 82 74 47 15 22 46 75 10 52 31 13 0 24 34 95 69 44 72 99 57 67 39 64
27 28 24 53 70 23 83 46 56 24 78 3 83 78 43 17 97 45 5 18 72 55 94 40 97 10 77 73 4 35 59 87 0 51 9 80 54 22 30 81 79 18 26 38 78 19 9 63 17 68 86 60 96 77 26 64 98 60 43 59 14 28 56 13 39 84 18 90 95 96 63 23 75 1 89 100 71 82 29 78 95 32 38 32 3 65 82 58 72 7 0 56 86 29 37 100 36 49 23 44 19 11 67 69 31 42 2 23 4 97 67 56 54 56 41 81 81 97 16 93 76 33 52 44 30 6 49 16 93 64 1 6 51 95 68 52 40 65 21 24 0 9 59 29 94 73 82 58 95 0 71
63 18 12 70 7 48 36 95 9 98 87 30 14 8 15 72 58 95 62 99 77 97 64 45 46 94 35 65 66 52 95 77 63 12 31 74 73 74 24 26 3 5 45 39 50 74 83 54 63 25 2 32 57 28 8 88 0 99 3 18 70 97 7 68 11 39 85 66 86 82 87 54 29 7 54 55 39 88 43 60 39 22 96 50 13 63 32 51 94 53 50 7 93 33 4 71 24 9 52 30 69 13 62 35 86 37 13 44 83 77 91 8 97 13 70 53 80 16 8 30 47 79 54 3 77 95 35 80 61 15 35 71 4 88 37 8 56 31 78 34 9 0 31 15 85 86 60 68 72 84 99
83 67 62 83 58 67 23 25 31 15 27 81 14 0 3 14 23 96 73 13 99 21 41 34 2 41 94 74 15 11 1 63 39 5 20 10 16 17 8 100 63 19 45 46 13 74 47 83 100 5 79 96 23 95 91 24 84 4 86 57 43 42 97 37 51 9 40 59 61 85 78 80 51 10 7 78 49 36 47 63 19 11 54 83 38 9 85 24 43 50 33 34 51 64 24 97 33 85 27 27 46 45 54 34 18 55 26 76 17 59 81 66 33 37 2 1 1 94 35 90 24 82 32 22 51 31 90 63 93 54 60 6 33 4 60 23 46 66 50 95 59 31 0 78 17 15 95 35 15 15 34
87 57 17 47 53 49 30 80 50 95 5 78 71 88 98 10 89 17 94 67 21 34 34 15 58 32 54 17 41 57 88 9 9 79 67 74 61 32 13 49 26 83 33 3 81 59 34 57 87 7 25 40 54 87 94 68 50 29 30 45 33 100 51 97 17 1 70 42 97 8 52 8 96 89 85 45 25 5 90 36 57 71 82 14 68 96 93 52 97 58 27 59 59 58 14 58 16 10 5 88 93 61 43 58 7 86 82 80 26 75 29 40 40 79 33 43 16 63 41 7 30 65 94 36 76 35 88 26 91 98 42 41 72 93 58 59 6 98 4 69 29 15 78 0 82 80 10 44 87 51 12
1 28 38 27 97 19 18 19 11 63 27 41 53 92 98 92 16 89 69 26 51 26 91 5 22 59 32 78 100 65 9 80 68 79 50 43 82 77 2 34 92 96 66 50 26 90 8 68 21 80 43 36 6 52 95 47 62 94 91 23 19 25 87 6 48 72 69 44 18 84 32 75 80 55 28 54 45 59 14 39 41 29 85 28 20 19 17 22 55 78 62 97 53 79 30 62 24 24 2 81 16 61 71 88 19 41 43 41 65 82 59 1 17 60 26 93 54 28 89 37 75 85 59 40 28 41 0 36 88 84 25 79 53 23 66 25 51 17 67 44 94 85 17 82 0 53 50 53 20 6 47
73 25 8 79 57 92 16 38 75 9 83 86 98 80 19 16 15 86 82 20 88 4 20 73 27 54 60 58 11 19 12 24 21 94 0 79 33 48 29 67 89 7 86 68 65 53 91 68 93 67 39 86 30 99 36 31 75 34 97 11 30 28 27 54 61 100 3 16 23 25 82 18 74 17 84 25 13 28 73 62 98 4 46 24 79 92 60 55 14 28 32 36 26 56 84 46 29 90 79 43 80 67 69 98 60 4 54 66 11 17 65 23 61 1 24 32 50 51 12 46 76 20 20 54 3 9 50 58 7 43 73 90 6 33 42 51 49 5 7 72 73 86 15 80 53 0 84 19 80 64 47
48 45 55 3 98 58 57 70 15 72 11 32 29 15 68 92 23 1 37 69 29 78 2 64 28 62 88 49 38 75 74 96 86 90 38 70 94 78 7 85 57 58 82 96 0 57 65 59 55 97 95 74 65 36 5 16 11 88 81 56 33 4 30 88 89 61 91 64 54 81 70 29 19 8 84 50 5 18 97 100 59 10 71 75 16 1 73 90 16 26 72 97 85 0 13 49 31 58 64 85 16 77 7 52 61 62 18 18 23 77 68 54 60 36 65 33 62 61 93 96 41 68 36 86 77 1 64 13 62 38 4 86 73 58 97 73 81 29 3 99 82 60 95 10 50 84 0 48 20 16 68
30 47 6 27 10 23 50 27 25 4 4 97 51 32 47 62 46 28 81 45 7 93 57 75 46 4 55 27 75 99 59 15 63 84 47 77 2 47 56 94 93 17 0 68 34 51 93 56 11 86 38 11 57 76 52 25 69 8 36 87 20 2 46 61 34 8 94 22 40 27 3 99 58 19 53 92 53 6 5 44 57 82 47 72 87 91 27 26 76 79 84 30 63 43 26 55 53 55 69 36 91 32 11 62 48 39 4 59 35 68 0 47 66 32 50 72 54 93 42 65 36 52 41 15 89 72 96 42 71 52 13 20 61 58 100 30 42 55 44 57 58 68 35 44 53 19 48 0 57 43 97
98 80 4 63 81 58 9 40 5 29 7 74 74 16 67 71 58 25 17 31 50 14 51 45 19 30 48 48 98 87 58 55 91 57 81 99 86 57 87 61 0 95 5 55 47 18 21 0 87 44 42 88 63 52 68 68 64 51 72 3 29 71 90 38 29 31 27 45 78 14 27 34 54 33 87 15 36 42 45 35 36 26 40 71 8 45 48 72 57 57 36 47 35 47 75 52 66 29 54 61 14 58 7 35 83 98 37 84 38 70 59 40 18 68 75 79 90 81 31 35 32 90 52 50 91 30 80 90 34 95 36 81 56 58 4 38 12 91 94 67 95 72 15 87 20 80 20 57 0 59 39
42 55 32 74 17 97 57 89 39 21 56 11 10 4 30 80 55 70 81 95 80 55 90 40 20 21 46 27 9 70 2 42 92 17 53 14 70 31 38 19 66 59 19 31 74 40 13 4 99 39 7 100 42 67 45 69 16 79 16 32 8 69 92 14 100 29 17 65 47 6 11 91 78 18 81 29 19 26 22 93 29 8 79 1 1 5 14 71 2 28 58 95 88 30 37 24 26 100 37 82 24 64 20 29 67 77 10 13 93 90 92 32 74 44 18 18 43 53 90 37 74 55 40 15 0 20 62 79 27 47 47 43 77 100 45 38 1 67 89 39 0 84 15 51 6 64 16 43 59 0 86
36 23 12 68 22 39 51 30 82 80 25 56 7 97 6 78 47 83 8 79 81 17 4 4 61 79 72 3 79 67 35 90 45 13 70 83 56 88 49 76 65 99 38 26 46 76 37 58 75 35 27 53 9 63 94 20 83 73 9 87 87 76 31 12 58 85 49 19 85 67 14 11 100 72 49 82 38 11 88 52 21 33 30 48 9 16 66 29 79 44 29 52 45 57 49 30 28 65 41 82 69 35 86 0 99 40 69 56 48 47 93 99 34 2 1 76 56 12 90 3 78 93 63 97 81 63 3 54 95 90 74 99 35 82 44 46 42 91 69 64 71 99 34 12 47 47 68 97 39 86 0
