155 8
24 77 25 26 60 7 1 11 88 77 72 67 32 33 19 91 98 36 36 86 79 35 4 29 30 62 9 67 16 26 38 65 82 53 65 85 93 62 63 14 98 27 88 46 53 25 32 87 66 33 70 69 84 22 53 54 54 86 100 89 76 23 76 62 100 19 35 24 27 3 68 96 20 47 45 25 2 59 97 38 87 89 58 90 28 29 53 68 22 85 100 100 29 88 88 22 39 73 21 98 40 97 40 92 12 66 18 13 52 37 20 41 42 47 25 45 23 24 71 88 14 41 11 1 55 53 66 80 21 56 42 99 41 97 42 34 14 66 59 40 77 95 8 13 93 96 11 18 9 42 85 23 5 50 86
0 54 54 19 32 50 19 26 80 96 78 32 36 26 25 37 79 87 39 37 60 43 57 39 99 36 29 46 67 17 6 10 16 14 51 47 58 58 75 14 14 36 38 74 18 72 89 54 0 73 3 1 28 27 73 93 44 21 60 27 46 35 9 71 92 34 92 6 55 96 6 73 77 48 12 81 6 88 75 31 56 36 25 14 71 19 33 54 59 23 85 81 85 57 4 78 1 60 13 59 82 71 76 81 88 34 81 96 57 23 87 58 3 81 29 71 20 68 54 97 43 51 35 45 3 83 96 77 79 33 40 42 21 6 18 93 94 67 63 60 21 70 9 94 43 65 73 71 25 62 90 77 84 9 84 100
54 0 94 88 75 44 20 83 48 63 16 89 25 87 24 0 94 25 86 91 23 11 44 52 6 26 99 81 46 32 81 12 50 52 37 13 46 71 13 30 39 73 16 93 39 51 3 88 64 77 84 80 71 67 78 59 12 64 44 93 33 73 20 83 98 63 42 24 100 8 75 25 63 86 18 8 49 13 24 100 37 43 9 66 56 62 36 38 86 83 85 53 68 84 25 35 80 48 85 3 28 26 47 10 44 22 74 27 38 83 56 40 42 93 65 40 11 90 40 99 4 62 66 81 58 0 38 97 69 81 31 68 82 47 74 3 75 45 32 27 37 18 16 100 58 72 24 93 50 10 36 36 49 62 2 14
54 94 0 62 98 8 6 60 10 45 66 100 38 64 46 6 42 88 94 2 83 41 43 44 39 24 94 41 41 3 24 33 78 86 55 47 33 20 45 45 88 73 21 17 90 59 60 52 31 58 33 51 53 17 27 11 51 23 6 89 13 59 26 97 90 90 90 85 23 34 12 10 60 87 7 64 3 5 12 15 32 66 99 42 82 72 63 72 74 38 18 66 92 9 65 33 74 13 91 69 6 27 1 50 88 91 93 91 41 60 10 73 91 22 42 2 14 76 91 31 10 3 90 88 83 60 29 28 37 40 55 66 62 44 75 90 16 30 29 23 62 2 2 70 67 78 85 50 56 43 64 29 96 75 64 19
19 88 62 0 7 21 2 28 8 93 6 14 5 18 30 18 54 70 99 43 23 81 21 34 61 81 62 24 15 45 67 2 97 61 36 3 74 98 10 80 64 53 86 54 3 61 72 64 76 37 18 89 54 22 0 92 60 34 6 87 85 13 84 80 15 99 34 26 100 88 54 71 64 84 58 44 76 19 29 1 69 64 96 66 67 31 85 85 13 36 19 63 56 6 20 19 37 46 88 96 6 52 3 73 62 39 3 72 87 1 24 7 12 77 67 70 58 15 84 83 64 42 87 97 56 50 37 69 69 3 63 36 6 82 51 19 59 37 90 62 49 5 6 98 87 97 33 42 48 47 68 1 21 67 9 81
32 75 98 7 0 63 54 49 50 59 90 22 10 5 17 19 97 0 13 78 67 15 91 21 58 28 90 44 71 21 37 70 100 16 18 3 83 71 1 45 17 7 80 59 66 34 79 71 82 48 29 56 31 71 16 96 33 68 39 37 77 96 39 70 45 38 89 17 30 3 45 31 97 68 68 22 49 59 45 54 18 10 91 51 62 41 42 90 39 2 80 92 29 3 41 43 7 79 49 21 52 81 24 68 17 58 32 45 71 85 70 26 99 35 48 85 4 91 27 56 38 50 59 85 32 89 32 65 99 72 59 59 26 36 56 55 11 78 90 14 17 35 38 83 54 76 42 2 57 32 3 92 100 4 0 19
50 44 8 21 63 0 81 93 37 33 53 13 68 48 25 89 15 7 45 90 30 93 58 73 19 2 84 10 20 79 83 59 99 92 18 8 68 27 89 14 98 58 76 13 47 61 5 46 82 81 7 71 99 39 41 65 67 91 98 7 48 72 86 81 88 88 9 92 37 68 93 52 63 20 95 56 39 98 21 21 58 94 89 40 65 78 85 59 49 27 40 53 23 30 14 12 5 97 51 59 15 99 14 17 93 27 45 8 15 79 80 78 28 85 96 98 6 52 30 10 57 80 7 89 56 19 57 62 60 23 41 48 89 53 60 50 45 99 0 2 8 85 36 10 57 17 10 74 85 76 4 23 64 82 59 70
19 20 6 2 54 81 0 5 50 33 49 48 45 54 10 18 74 30 34 78 88 88 63 60 52 1 35 67 15 0 69 6 71 88 64 45 65 96 12 99 96 59 29 98 13 87 80 95 39 26 34 12 37 31 71 87 96 38 64 11 44 62 31 48 41 29 15 98 66 21 25 0 95 75 80 61 59 57 87 17 15 87 64 42 68 40 18 66 93 29 96 32 57 19 66 33 57 22 64 26 5 40 78 21 40 82 85 42 73 87 99 19 43 91 27 96 62 75 82 83 96 92 75 44 88 48 24 3 11 46 77 57 6 93 22 27 88 24 0 70 38 81 87 73 56 89 55 73 26 68 82 61 90 8 53 52
26 83 60 28 49 93 5 0 90 40 1 94 21 75 70 30 8 31 25 99 16 99 35 91 35 87 99 56 52 39 82 92 33 49 10 77 83 63 38 41 33 64 65 51 70 90 51 100 6 3 76 0 33 80 82 78 98 92 82 69 99 70 68 85 91 83 65 96 5 60 51 41 11 10 95 25 30 32 55 8 34 52 70 65 72 9 94 38 63 48 14 28 66 21 79 91 88 9 20 43 84 53 34 4 13 88 5 83 87 62 58 51 99 78 7 79 41 35 86 78 78 21 36 61 10 51 25 38 93 89 41 19 58 71 61 46 98 57 61 11 30 91 5 58 88 28 0 7 42 56 45 46 9 3 17 27
80 48 10 8 50 37 50 90 0 81 10 63 41 74 37 69 42 91 71 52 8 22 72 67 72 99 19 94 5 40 40 12 44 81 50 98 64 62 18 5 84 38 20 14 67 16 87 60 89 51 44 98 90 71 63 34 99 37 5 82 61 59 12 83 71 6 70 82 58 38 91 69 42 79 3 86 87 37 28 34 90 54 89 25 96 43 37 68 70 84 34 20 9 58 25 5 24 6 88 29 13 76 14 14 34 24 30 26 38 31 50 21 5 80 60 12 93 68 71 41 1 99 0 33 17 16 89 88 50 35 72 56 23 66 7 75 51 74 78 74 19 61 86 44 17 21 95 56 23 32 80 34 14 100 89 66
96 63 45 93 59 33 33 40 81 0 48 91 40 72 38 20 65 71 58 65 52 20 100 7 9 39 94 38 34 58 69 57 16 81 73 40 35 0 43 34 82 54 55 55 77 8 86 35 42 95 98 61 7 44 8 5 47 32 18 90 89 83 85 40 41 12 16 94 4 1 4 75 86 62 31 26 83 31 95 55 0 12 73 35 10 51 91 44 100 70 85 25 70 0 95 37 63 12 79 3 53 47 31 62 71 71 20 58 29 45 98 72 89 54 30 67 70 85 51 19 40 92 73 96 21 9 5 75 95 41 53 99 20 25 54 3 91 73 89 20 14 92 71 66 48 91 4 11 32 78 76 97 22 24 54 29
78 16 66 6 90 53 49 1 10 48 0 34 85 40 72 87 33 62 78 49 45 19 99 45 99 3 55 22 53 59 1 81 54 76 39 88 44 67 11 100 3 42 73 92 26 81 91 93 47 39 94 73 96 67 18 29 80 5 16 68 64 40 74 87 15 13 74 38 4 77 41 51 0 30 91 87 99 90 95 18 68 20 94 59 3 100 95 43 33 55 90 90 4 59 77 48 99 33 42 72 86 71 83 24 28 16 12 88 76 89 24 95 21 22 93 71 30 26 15 92 7 45 1 98 68 2 30 100 83 31 41 29 62 49 42 76 26 63 33 30 89 44 90 82 13 93 96 75 19 25 2 80 41 32 7 80
32 89 100 14 22 13 48 94 63 91 34 0 92 87 68 46 74 83 56 11 27 64 59 73 12 34 16 55 69 59 25 38 69 55 11 88 76 73 20 15 7 39 20 58 66 13 30 96 95 5 18 96 42 33 35 3 38 87 1 17 46 7 41 82 68 33 41 32 21 3 50 88 88 65 63 40 37 81 60 87 87 43 96 3 55 58 1 30 67 21 15 69 64 91 36 29 45 67 83 42 69 3 28 43 92 33 71 90 0 62 32 59 66 65 13 47 66 14 51 0 87 71 2 80 19 90 45 55 18 44 52 97 77 64 40 54 16 12 70 80 15 23 15 79 31 87 39 91 34 6 18 40 75 11 69 16
36 25 38 5 10 68 45 21 41 40 85 92 0 40 66 10 64 33 74 87 48 70 24 29 26 99 1 22 28 51 94 23 56 55 15 55 23 84 36 66 42 28 15 4 31 92 11 67 30 17 3 75 19 28 46 51 79 96 63 72 68 13 91 79 5 72 91 57 67 16 98 39 33 4 85 94 13 56 66 93 95 98 14 45 7 18 78 59 7 42 84 92 74 85 26 96 29 5 33 52 51 76 46 14 15 39 96 15 34 22 50 13 55 43 53 18 94 77 25 66 99 11 41 56 35 82 59 71 39 69 51 63 20 39 13 92 10 35 74 76 14 99 55 49 43 84 94 17 88 47 8 92 40 13 23 28
26 87 64 18 5 48 54 75 74 72 40 87 40 0 0 32 62 44 83 73 75 71 100 42 36 58 85 72 40 93 88 49 74 89 1 14 85 46 73 78 9 65 40 40 55 73 84 100 67 75 17 88 45 12 88 46 79 91 91 25 79 72 23 91 10 43 3 75 53 93 68 57 81 2 84 63 19 50 75 71 48 24 16 60 75 95 85 30 12 59 70 54 8 77 3 77 71 61 61 71 20 98 37 42 90 23 2 13 14 80 84 6 18 5 53 30 37 47 26 33 99 83 84 73 68 68 11 44 91 59 12 46 57 88 51 22 12 80 18 89 72 88 1 14 53 69 72 50 97 0 79 6 67 60 34 25
25 24 46 30 17 25 10 70 37 38 72 68 66 0 0 35 82 29 77 28 51 61 87 42 50 33 64 23 52 15 47 89 59 27 19 47 98 81 33 97 82 6 12 78 99 74 80 19 56 16 41 50 69 11 77 15 18 13 78 93 27 2 29 46 36 96 1 8 6 24 63 53 35 86 43 80 65 12 94 67 12 53 84 68 3 50 39 40 94 67 95 94 80 9 41 18 34 31 42 14 53 94 64 93 49 10 74 96 58 92 72 23 39 53 89 67 57 6 88 100 82 42 42 83 40 0 14 85 15 32 38 43 47 96 94 53 2 94 0 41 78 44 65 45 74 83 8 61 88 1 31 31 63 49 53 14
37 0 6 18 19 89 18 30 69 20 87 46 10 32 35 0 41 7 69 75 62 54 85 93 14 27 15 66 30 89 30 74 22 20 17 30 44 97 88 45 8 98 37 46 90 35 99 46 58 96 27 53 59 65 82 26 88 84 73 54 79 5 88 45 64 11 78 27 10 14 24 23 39 80 48 99 92 27 94 88 86 84 16 25 63 92 27 20 42 81 12 63 89 93 22 58 83 6 44 21 33 37 5 8 14 39 57 94 60 95 84 96 12 56 14 80 93 27 90 43 2 90 19 35 79 27 56 41 51 34 99 67 30 93 19 73 94 77 66 36 77 82 5 87 95 13 93 26 83 71 65 81 13 79 94 97
79 94 42 54 97 15 74 8 42 65 33 74 64 62 82 41 0 75 3 45 14 36 71 38 24 71 13 59 37 88 69 40 34 18 91 51 53 23 80 17 64 75 52 41 87 77 0 63 15 86 27 19 73 54 3 24 72 59 1 79 87 5 75 56 61 72 90 14 89 52 25 9 79 63 13 87 20 80 40 44 34 3 37 59 88 7 41 61 97 86 84 7 12 3 85 13 88 94 15 9 92 77 30 39 66 41 36 76 48 86 16 56 97 90 75 61 45 55 46 94 85 49 10 97 24 46 25 14 86 50 71 91 50 4 35 56 48 97 60 92 47 88 98 99 40 20 38 96 9 58 56 66 21 50 86 64
87 25 88 70 0 7 30 31 91 71 62 83 33 44 29 7 75 0 47 86 97 31 42 24 59 33 93 32 52 22 84 41 1 79 43 73 45 9 84 46 38 16 19 97 15 93 64 39 64 60 58 62 48 11 19 85 37 97 76 21 42 7 56 38 72 55 55 4 87 66 14 6 96 80 47 3 67 100 52 55 22 90 65 1 14 79 90 53 4 76 15 89 87 34 53 61 83 82 71 45 98 20 86 14 51 85 8 39 2 99 87 51 68 26 39 43 96 73 17 5 24 58 35 22 68 6 29 28 73 57 16 97 69 74 6 70 20 71 48 35 15 48 72 54 14 51 13 20 15 80 49 28 17 65 9 61
39 86 94 99 13 45 34 25 71 58 78 56 74 83 77 69 3 47 0 94 42 6 2 47 34 69 5 79 25 44 96 75 31 38 67 98 18 75 63 27 71 31 6 75 57 9 86 21 88 9 89 83 3 25 47 16 49 60 76 87 32 33 67 66 81 16 42 9 27 47 12 58 64 17 26 18 28 76 39 3 87 51 51 70 81 90 88 79 27 46 68 76 48 72 94 18 80 14 3 16 90 70 57 73 62 96 90 32 56 11 66 38 54 99 49 37 46 76 1 57 79 92 52 67 26 67 11 49 22 39 59 56 77 64 46 65 39 44 41 3 15 16 3 97 57 35 90 74 45 26 15 80 74 63 92 36
37 91 2 43 78 90 78 99 52 65 49 11 87 73 28 75 45 86 94 0 22 96 85 89 68 51 42 45 13 15 11 73 98 85 37 98 36 2 50 58 77 7 95 15 31 87 47 31 15 2 86 76 66 44 20 45 25 76 59 57 15 32 25 19 85 58 34 53 65 61 13 58 25 76 89 71 23 65 31 70 95 59 45 15 13 67 23 66 71 78 97 54 68 39 48 84 38 64 49 76 88 83 55 7 46 5 60 76 67 94 38 71 71 36 17 0 79 76 57 46 58 73 25 32 12 5 47 4 59 2 76 15 90 28 75 27 47 52 20 7 16 78 84 41 73 30 13 43 84 67 85 45 92 72 76 55
60 23 83 23 67 30 88 16 8 52 45 27 48 75 51 62 14 97 42 22 0 95 33 74 21 98 74 18 99 53 72 25 56 73 7 20 61 19 74 99 31 55 88 63 93 91 49 71 12 8 80 87 97 34 21 70 74 8 24 26 96 68 13 46 84 16 27 37 55 69 64 87 91 12 88 79 60 58 26 62 1 97 25 52 6 53 22 8 89 97 97 42 94 14 39 46 48 50 85 33 5 2 68 71 4 74 21 44 76 1 8 65 29 79 26 60 62 8 16 80 18 59 13 60 22 8 27 32 67 44 8 94 37 51 18 74 48 44 87 10 82 61 81 60 20 12 38 41 13 30 46 79 53 79 75 30
43 11 41 81 15 93 88 99 22 20 19 64 70 71 61 54 36 31 6 96 95 0 80 66 3 23 11 88 100 96 75 65 64 74 39 65 51 0 68 75 50 89 55 19 16 43 73 43 48 66 5 28 8 17 74 10 46 14 97 63 15 36 41 10 68 12 79 89 82 74 37 49 59 24 51 46 85 17 17 96 22 50 94 28 47 84 64 76 37 95 55 60 18 60 15 20 15 58 48 76 3 38 63 40 74 55 80 67 36 22 34 99 71 63 61 22 96 40 12 1 14 97 88 86 73 29 91 30 22 36 34 46 85 90 17 80 93 13 2 84 17 22 76 19 29 58 68 74 89 8 59 12 32 71 18 25
57 44 43 21 91 58 63 35 72 100 99 59 24 100 87 85 71 42 2 85 33 80 0 9 26 77 67 51 80 31 15 33 40 80 18 8 19 31 67 49 15 55 97 20 4 33 58 29 25 78 41 5 2 8 17 28 2 65 57 68 3 61 27 0 3 59 84 36 52 61 38 3 67 29 5 59 48 37 15 40 67 86 46 74 32 20 5 98 69 4 2 94 34 32 20 62 21 51 56 77 17 63 37 28 53 71 15 75 33 62 32 34 67 67 31 11 36 77 16 31 71 92 78 52 43 25 77 28 76 3 10 99 96 54 68 60 19 5 89 6 87 35 12 45 64 75 32 32 59 71 71 25 91 55 63 4
39 52 44 34 21 73 60 91 67 7 45 73 29 42 42 93 38 24 47 89 74 66 9 0 51 83 98 54 41 42 99 5 88 96 90 48 78 35 44 92 83 14 68 88 56 54 59 88 95 10 3 100 38 58 79 57 51 7 71 71 6 86 39 52 85 15 77 8 91 55 75 25 94 96 25 65 5 0 30 49 61 93 23 1 52 43 5 82 79 5 45 58 37 1 6 96 78 39 20 28 89 90 80 49 35 74 62 86 97 25 52 74 57 88 56 22 40 61 27 46 32 8 74 77 27 92 3 57 91 76 13 81 4 32 4 20 17 4 45 97 55 60 14 43 62 11 98 5 21 92 18 52 6 76 48 78
99 6 39 61 58 19 52 35 72 9 99 12 26 36 50 14 24 59 34 68 21 3 26 51 0 64 90 96 73 18 88 98 70 83 87 88 99 65 93 47 69 86 74 69 51 22 3 25 48 47 42 88 39 28 57 29 26 98 15 14 74 70 91 2 70 88 93 27 93 73 68 61 34 6 17 75 8 72 92 17 20 74 17 23 82 92 78 15 40 94 97 4 20 15 44 78 14 4 9 21 14 100 64 93 85 89 41 41 40 84 63 32 14 31 43 64 67 19 25 62 9 14 82 18 34 48 15 36 27 5 52 32 38 15 29 56 22 15 26 94 47 83 10 26 39 67 35 57 100 1 0 29 42 42 16 52
36 26 24 81 28 2 1 87 99 39 3 34 99 58 33 27 71 33 69 51 98 23 77 83 64 0 75 14 81 31 79 70 9 8 12 62 26 80 43 20 13 91 72 80 16 93 33 67 3 67 26 70 76 77 0 24 13 39 60 33 63 80 71 2 43 9 51 88 33 11 44 91 15 3 80 90 32 62 71 86 2 12 90 78 66 57 91 79 94 19 69 11 72 60 64 92 15 95 55 17 68 72 60 5 46 28 80 95 18 78 90 24 41 1 73 62 93 32 88 40 84 53 57 67 60 67 10 88 47 25 66 94 100 27 49 57 31 85 31 89 18 88 14 28 2 79 89 44 76 50 85 28 66 64 36 77
29 99 94 62 90 84 35 99 19 94 55 16 1 85 64 15 13 93 5 42 74 11 67 98 90 75 0 99 99 54 50 76 32 53 65 76 5 20 47 64 13 65 49 15 74 85 22 63 66 95 4 71 2 2 41 24 84 82 14 31 3 27 24 57 54 33 77 37 88 54 95 71 34 79 55 58 48 1 97 57 52 26 86 78 65 60 43 92 31 49 24 55 34 73 67 1 49 17 37 70 28 97 11 76 60 64 41 61 86 80 29 58 37 81 95 41 40 92 76 80 71 55 60 65 49 7 53 25 28 44 96 33 27 6 29 98 21 81 84 67 81 9 54 62 3 98 77 33 34 49 66 91 4 9 100 76
46 81 41 24 44 10 67 56 94 38 22 55 22 72 23 66 59 32 79 45 18 88 51 54 96 14 99 0 27 55 63 19 4 51 10 49 16 85 54 47 82 10 2 46 26 47 15 45 11 79 1 71 54 93 7 34 21 49 96 77 34 58 27 81 56 71 92 50 5 65 3 60 11 97 22 63 0 31 6 82 99 52 98 46 35 16 6 59 14 83 39 61 2 60 84 75 48 63 95 86 1 51 70 13 31 12 68 34 91 73 41 75 77 24 83 56 28 86 5 20 43 71 44 39 24 50 27 47 42 65 56 57 28 67 39 37 0 97 85 7 50 14 63 45 82 38 85 91 1 94 79 49 76 80 51 37
67 46 41 15 71 20 15 52 5 34 53 69 28 40 52 30 37 52 25 13 99 100 80 41 73 81 99 27 0 84 47 9 83 26 77 45 92 43 8 64 53 67 93 76 70 22 19 91 25 4 85 69 85 68 72 13 80 71 68 36 71 86 24 14 16 9 56 39 62 54 59 44 22 0 33 56 36 44 34 24 74 22 51 75 84 6 99 80 99 55 64 81 4 41 10 30 49 54 66 90 61 61 29 4 72 26 56 16 80 47 6 43 76 36 66 30 78 52 86 87 61 17 43 42 37 69 99 83 100 13 39 84 50 29 92 51 62 15 96 54 15 3 8 0 1 10 32 33 36 50 57 40 53 62 4 70
17 32 3 45 21 79 0 39 40 58 59 59 51 93 15 89 88 22 44 15 53 96 31 42 18 31 54 55 84 0 43 95 53 15 52 92 75 8 18 21 21 30 0 82 61 57 99 74 5 47 37 44 72 48 79 83 82 71 60 6 74 25 27 71 60 89 78 35 15 76 45 1 78 10 51 92 69 13 41 67 86 74 2 77 7 81 25 34 33 72 93 84 30 99 51 75 81 35 11 40 59 2 4 91 16 79 78 39 76 36 99 40 78 95 58 11 47 37 15 46 47 78 61 81 74 10 62 58 16 24 7 74 60 89 23 1 75 49 66 17 98 33 86 95 69 84 77 82 22 13 97 91 12 3 88 23
6 81 24 67 37 83 69 82 40 69 1 25 94 88 47 30 69 84 96 11 72 75 15 99 88 79 50 63 47 43 0 3 83 14 57 41 85 100 80 91 41 82 59 98 97 39 18 94 45 51 55 78 8 39 12 89 94 59 68 84 53 63 52 79 36 42 19 64 94 85 20 43 9 62 46 79 63 1 55 6 54 34 90 39 11 51 40 42 29 68 46 4 26 95 72 21 100 21 33 11 11 23 75 85 39 30 67 33 63 60 25 6 74 1 36 19 50 42 87 96 43 24 30 23 38 54 70 51 46 37 24 5 97 28 32 20 81 51 15 80 48 53 87 32 0 84 55 64 53 99 82 63 14 17 69 43
10 12 33 2 70 59 6 92 12 57 81 38 23 49 89 74 40 41 75 73 25 65 33 5 98 70 76 19 9 95 3 0 73 2 10 38 42 75 96 52 6 38 12 0 86 43 17 69 75 95 7 37 84 87 63 63 72 61 28 51 48 12 50 97 53 69 61 89 2 58 64 83 83 34 37 97 26 75 15 1 38 27 62 17 82 63 54 54 23 0 89 69 6 75 38 97 35 25 0 25 66 68 32 25 65 64 2 54 66 70 4 60 95 25 0 92 7 1 68 63 24 71 56 21 13 12 15 51 71 97 40 66 83 3 21 34 32 48 33 59 94 73 95 56 68 15 52 21 72 16 32 13 50 43 89 43
16 50 78 97 100 99 71 33 44 16 54 69 56 74 59 22 34 1 31 98 56 64 40 88 70 9 32 4 83 53 83 73 0 55 54 42 80 66 79 64 91 52 59 27 49 16 82 54 83 5 29 93 24 17 16 25 77 59 86 93 74 80 94 37 15 0 3 68 53 28 5 84 34 14 38 48 43 61 60 97 74 91 4 7 43 11 32 38 63 12 20 13 46 99 29 94 57 78 12 43 90 0 51 25 56 35 1 7 57 30 89 80 60 69 98 23 66 97 70 66 80 51 14 84 67 8 16 43 87 3 62 96 76 52 88 39 53 62 55 35 59 81 31 72 79 15 26 21 3 99 73 55 78 82 81 8
14 52 86 61 16 92 88 49 81 81 76 55 55 89 27 20 18 79 38 85 73 74 80 96 83 8 53 51 26 15 14 2 55 0 93 90 67 77 52 76 89 45 34 89 1 9 7 99 25 74 78 64 62 12 42 41 69 21 17 1 31 1 19 31 6 56 45 81 95 14 51 79 40 4 96 74 73 17 90 83 67 74 29 76 72 51 52 97 81 29 66 48 1 56 7 95 56 7 84 37 51 24 37 51 20 91 9 61 90 27 6 29 93 18 28 92 35 51 53 63 35 25 7 73 68 54 24 57 36 87 65 9 60 4 15 98 26 11 64 38 74 71 47 82 37 100 99 89 11 72 89 4 76 61 17 51
51 37 55 36 18 18 64 10 50 73 39 11 15 1 19 17 91 43 67 37 7 39 18 90 87 12 65 10 77 52 57 10 54 93 0 54 11 98 73 55 72 31 21 54 89 91 87 5 3 28 22 11 44 78 65 30 50 1 63 2 6 39 70 64 64 21 30 78 58 85 79 93 38 61 68 91 79 98 32 73 87 91 84 27 35 67 95 92 100 60 77 33 85 96 60 42 90 71 50 17 15 59 8 81 54 62 93 73 51 8 98 20 25 95 92 83 15 51 59 71 0 100 83 98 47 86 32 4 64 49 50 16 57 60 92 85 17 39 26 68 15 53 18 8 13 3 47 21 54 99 75 24 31 2 93 41
47 13 47 3 3 8 45 77 98 40 88 88 55 14 47 30 51 73 98 98 20 65 8 48 88 62 76 49 45 92 41 38 42 90 54 0 23 60 61 84 74 32 61 31 97 93 4 29 57 5 95 3 98 23 20 8 12 11 11 99 25 63 62 79 80 24 8 10 30 42 100 47 82 59 65 13 62 21 74 57 80 22 51 5 9 95 29 65 11 78 2 97 29 96 93 45 68 76 3 13 29 87 100 54 99 12 46 23 20 69 50 78 15 94 51 42 86 29 57 62 1 76 37 36 86 97 98 41 87 96 4 56 93 85 67 58 9 86 92 29 13 7 70 17 72 57 56 12 90 1 18 0 73 38 95 64
58 46 33 74 83 68 65 83 64 35 44 76 23 85 98 44 53 45 18 36 61 51 19 78 99 26 5 16 92 75 85 42 80 67 11 23 0 73 35 76 72 48 21 94 17 62 14 28 99 38 47 2 82 12 34 41 71 81 96 62 65 78 23 12 6 65 19 55 72 53 63 28 85 26 91 94 55 77 22 19 38 73 52 55 99 83 61 7 0 91 65 9 4 76 16 60 79 54 48 68 99 99 87 81 31 61 34 73 66 15 56 66 81 26 68 4 74 52 97 44 49 6 37 76 98 38 92 41 28 49 23 51 53 80 2 13 49 66 75 29 53 50 12 91 52 78 18 1 80 42 62 84 23 12 11 42
58 71 20 98 71 27 96 63 62 0 67 73 84 46 81 97 23 9 75 2 19 0 31 35 65 80 20 85 43 8 100 75 66 77 98 60 73 0 97 98 65 36 55 9 6 92 85 51 37 83 80 39 21 3 75 30 14 97 75 15 90 19 38 80 29 93 52 99 25 64 70 0 94 30 69 68 77 23 77 70 35 70 14 37 55 44 70 74 64 21 37 88 8 54 97 83 62 21 56 42 63 72 32 79 86 9 69 71 99 57 60 77 92 95 7 63 77 17 24 62 55 85 70 43 86 63 47 8 21 25 0 5 67 75 92 25 65 44 13 11 23 95 89 24 95 31 77 15 74 98 3 50 8 76 94 39
75 13 45 10 1 89 12 38 18 43 11 20 36 73 33 88 80 84 63 50 74 68 67 44 93 43 47 54 8 18 80 96 79 52 73 61 35 97 0 40 44 50 13 10 78 21 53 3 42 37 34 75 27 27 77 55 94 2 47 29 94 100 15 31 5 32 100 37 37 81 14 9 67 53 31 38 29 60 33 11 75 9 47 69 16 11 51 73 7 82 70 7 93 44 43 12 9 48 6 14 76 92 11 91 85 39 27 72 65 22 63 11 50 89 13 84 30 38 20 72 92 95 50 13 66 11 31 41 9 35 47 0 54 36 51 61 61 58 25 66 26 55 50 19 25 64 70 63 36 21 5 79 79 8 79 60
14 30 45 80 45 14 99 41 5 34 100 15 66 78 97 45 17 46 27 58 99 75 49 92 47 20 64 47 64 21 91 52 64 76 55 84 76 98 40 0 69 36 85 68 15 3 66 92 44 38 81 25 95 76 51 33 98 18 97 62 25 34 46 81 83 99 47 57 8 88 98 60 54 80 77 48 77 68 39 45 70 56 53 44 36 4 56 3 56 32 92 84 31 1 26 92 95 73 39 82 6 13 63 0 69 94 60 55 30 5 26 32 65 93 77 7 80 90 33 19 61 91 86 92 27 83 81 44 74 21 84 13 9 61 64 68 7 40 96 42 19 40 85 56 55 72 0 77 87 4 93 55 33 29 94 86
14 39 88 64 17 98 96 33 84 82 3 7 42 9 82 8 64 38 71 77 31 50 15 83 69 13 13 82 53 21 41 6 91 89 72 74 72 65 44 69 0 18 64 69 5 27 32 90 14 63 77 99 33 56 66 14 82 98 13 5 92 44 50 95 66 84 88 86 61 39 9 35 9 53 52 16 48 2 47 52 52 35 50 29 8 33 53 64 16 94 13 3 8 40 39 30 60 62 38 25 86 70 31 25 33 83 12 61 52 28 15 18 94 99 52 79 2 96 13 87 54 1 34 1 21 66 98 29 46 72 27 62 21 37 8 85 40 86 17 98 91 43 16 92 41 72 58 36 78 71 61 4 25 92 44 13
36 73 73 53 7 58 59 64 38 54 42 39 28 65 6 98 75 16 31 7 55 89 55 14 86 91 65 10 67 30 82 38 52 45 31 32 48 36 50 36 18 0 65 61 13 30 80 63 30 44 87 0 24 27 58 41 87 39 9 28 62 70 97 12 90 83 61 88 68 3 85 16 9 24 100 66 18 53 72 93 43 50 96 62 99 39 94 88 81 28 53 52 84 11 60 44 62 83 33 89 3 33 61 5 66 76 95 40 78 83 78 93 85 90 49 1 66 59 51 87 56 72 40 18 100 75 69 39 38 55 74 60 80 84 71 56 60 0 54 18 48 42 73 76 88 63 100 50 32 78 85 28 36 22 55 45
38 16 21 86 80 76 29 65 20 55 73 20 15 40 12 37 52 19 6 95 88 55 97 68 74 72 49 2 93 0 59 12 59 34 21 61 21 55 13 85 64 65 0 5 25 27 82 84 39 90 4 10 32 5 26 18 59 49 20 87 39 67 63 59 20 26 51 59 26 79 44 79 47 31 42 90 78 11 99 7 94 97 91 59 93 48 92 73 67 43 68 92 80 94 91 97 67 17 95 53 0 78 25 49 71 13 84 91 57 6 7 20 98 22 24 71 56 48 2 1 65 77 49 24 69 96 25 7 36 49 28 90 87 59 37 65 23 96 22 51 24 82 38 25 11 24 20 8 38 30 59 32 78 8 37 20
74 93 17 54 59 13 98 51 14 55 92 58 4 40 78 46 41 97 75 15 63 19 20 88 69 80 15 46 76 82 98 0 27 89 54 31 94 9 10 68 69 61 5 0 33 34 74 76 13 37 88 81 54 37 42 75 84 20 16 72 59 10 69 96 84 73 43 3 23 67 93 22 57 55 72 59 75 31 39 52 57 65 51 76 93 83 98 54 57 5 65 66 83 29 12 72 40 78 18 43 100 82 39 51 67 43 77 83 20 29 16 64 23 58 1 33 68 48 41 31 32 20 18 95 88 16 27 60 99 56 36 32 24 32 28 35 63 2 83 62 30 99 95 44 73 29 71 100 38 70 94 53 10 92 76 52
18 39 90 3 66 47 13 70 67 77 26 66 31 55 99 90 87 15 57 31 93 16 4 56 51 16 74 26 70 61 97 86 49 1 89 97 17 6 78 15 5 13 25 33 0 71 47 84 42 29 44 6 43 29 23 97 15 87 62 96 68 64 12 63 5 38 13 50 40 75 12 58 29 90 57 92 8 90 83 34 39 31 58 67 60 6 69 49 59 52 49 74 26 67 19 65 91 28 47 72 4 48 87 100 56 31 3 35 44 57 71 20 83 95 80 53 68 19 49 70 75 64 77 51 72 72 65 42 26 48 64 83 20 68 79 23 45 21 65 35 86 98 92 19 48 61 9 54 85 82 30 36 10 51 28 72
72 51 59 61 34 61 87 90 16 8 81 13 92 73 74 35 77 93 9 87 91 43 33 54 22 93 85 47 22 57 39 43 16 9 91 93 62 92 21 3 27 30 27 34 71 0 41 39 17 31 80 85 19 100 78 72 10 14 2 82 23 9 70 71 98 74 20 70 26 39 11 76 84 87 41 18 60 39 54 72 68 23 11 19 59 78 29 3 85 63 54 34 20 85 80 94 52 98 7 88 12 95 54 78 67 77 21 26 4 86 28 12 25 0 33 86 0 94 63 16 76 27 6 54 73 87 50 68 29 10 5 13 99 56 62 17 92 60 19 77 74 39 49 18 71 73 100 60 61 24 95 48 97 90 83 62
89 3 60 72 79 5 80 51 87 86 91 30 11 84 80 99 0 64 86 47 49 73 58 59 3 33 22 15 19 99 18 17 82 7 87 4 14 85 53 66 32 80 82 74 47 41 0 42 29 22 3 86 64 42 0 97 68 4 25 57 31 21 86 92 75 98 93 35 53 45 8 82 1 85 29 10 18 14 21 13 83 44 8 9 65 62 19 13 97 56 82 41 21 24 89 96 13 35 50 75 73 68 56 16 32 30 86 57 100 53 55 58 97 86 89 61 0 31 59 1 92 9 4 81 49 26 56 35 82 23 16 20 74 19 46 79 42 7 61 34 4 38 9 63 39 47 79 49 24 28 53 71 29 68 44 27
54 88 52 64 71 46 95 100 60 35 93 96 67 100 19 46 63 39 21 31 71 43 29 88 25 67 63 45 91 74 94 69 54 99 5 29 28 51 3 92 90 63 84 76 84 39 42 0 95 65 70 70 100 80 13 29 5 90 13 2 21 42 90 49 58 78 4 60 81 17 23 31 47 47 63 34 72 42 41 51 46 71 100 52 99 41 71 69 82 59 86 81 60 60 70 44 59 70 99 70 23 23 44 12 63 42 33 93 81 13 86 63 87 74 57 57 36 41 68 96 27 20 63 91 17 56 71 22 56 85 47 86 29 13 33 7 84 40 43 11 15 50 96 74 39 20 94 42 2 49 71 14 20 19 46 91
0 64 31 76 82 82 39 6 89 42 47 95 30 67 56 58 15 64 88 15 12 48 25 95 48 3 66 11 25 5 45 75 83 25 3 57 99 37 42 44 14 30 39 13 42 17 29 95 0 7 36 96 54 25 83 79 79 23 82 59 53 85 57 69 34 20 12 59 33 68 82 60 71 58 82 23 33 34 83 36 55 43 27 58 17 88 78 63 31 54 70 51 42 52 94 27 61 96 36 81 54 20 76 45 67 19 81 42 41 81 97 15 74 3 61 93 48 60 66 31 25 45 52 40 66 6 71 31 36 0 71 19 82 16 92 45 24 48 18 72 15 70 25 100 6 55 84 40 12 12 24 32 6 73 63 97
73 77 58 37 48 81 26 3 51 95 39 5 17 75 16 96 86 60 9 2 8 66 78 10 47 67 95 79 4 47 51 95 5 74 28 5 38 83 37 38 63 44 90 37 29 31 22 65 7 0 68 26 60 31 72 47 26 64 48 38 48 68 50 39 43 25 51 58 86 69 86 4 90 73 63 51 66 92 36 4 71 52 84 78 51 59 54 76 43 27 55 94 100 8 34 41 30 10 34 33 92 55 44 81 27 18 37 33 59 46 62 13 89 90 77 80 49 96 43 3 95 62 67 86 52 91 33 31 83 87 12 91 73 84 83 81 89 74 96 46 38 28 40 70 25 14 46 87 31 63 75 93 78 68 75 47
3 84 33 18 29 7 34 76 44 98 94 18 3 17 41 27 27 58 89 86 80 5 41 3 42 26 4 1 85 37 55 7 29 78 22 95 47 80 34 81 77 87 4 88 44 80 3 70 36 68 0 69 36 17 25 0 14 5 55 20 77 48 65 21 5 99 67 77 22 0 78 53 32 63 47 19 7 27 57 64 92 93 17 41 97 5 32 97 90 6 44 15 99 66 17 42 91 97 12 61 41 0 23 80 50 67 1 21 19 42 10 66 2 9 15 23 78 75 20 86 19 46 81 23 17 57 98 72 8 71 2 64 5 44 27 97 82 46 7 6 6 50 91 50 96 82 8 24 37 23 45 17 46 100 45 56
1 80 51 89 56 71 12 0 98 61 73 96 75 88 50 53 19 62 83 76 87 28 5 100 88 70 71 71 69 44 78 37 93 64 11 3 2 39 75 25 99 0 10 81 6 85 86 70 96 26 69 0 22 95 55 71 93 17 73 20 80 47 70 99 27 29 99 36 25 94 92 18 48 19 63 69 85 74 75 28 50 7 54 11 94 26 94 8 93 80 77 50 31 50 44 30 47 91 58 72 67 21 83 25 68 7 50 5 64 34 57 0 46 21 8 56 60 75 72 28 60 57 64 48 51 54 85 81 83 98 20 4 28 87 34 52 80 57 2 38 29 42 57 38 20 58 36 24 59 40 29 7 57 84 57 45
28 71 53 54 31 99 37 33 90 7 96 42 19 45 69 59 73 48 3 66 97 8 2 38 39 76 2 54 85 72 8 84 24 62 44 98 82 21 27 95 33 24 32 54 43 19 64 100 54 60 36 22 0 50 91 64 32 86 86 5 1 66 9 39 83 5 71 70 29 95 28 51 7 53 69 24 71 32 29 76 16 89 71 43 30 9 65 16 25 49 45 68 53 44 43 71 66 41 23 18 9 23 100 79 91 68 45 58 41 21 90 91 38 86 66 100 80 31 65 32 68 48 90 55 11 63 27 97 82 29 70 94 59 99 18 50 28 12 81 22 1 37 87 32 100 21 64 7 5 43 50 63 40 14 68 82
27 67 17 22 71 39 31 80 71 44 67 33 28 12 11 65 54 11 25 44 34 17 8 58 28 77 2 93 68 48 39 87 17 12 78 23 12 3 27 76 56 27 5 37 29 100 42 80 25 31 17 95 50 0 31 96 66 57 20 51 46 5 46 64 54 42 11 34 98 21 10 23 28 56 100 40 45 56 48 80 30 99 24 56 8 80 44 17 3 86 22 96 35 60 71 35 58 21 65 79 81 78 52 5 75 17 18 14 22 44 82 88 59 91 65 21 8 56 69 43 82 76 57 74 22 13 88 82 82 97 33 86 35 29 9 100 3 55 96 2 52 91 44 52 25 9 19 45 78 4 18 63 14 20 25 71
73 78 27 0 16 41 71 82 63 8 18 35 46 88 77 82 3 19 47 20 21 74 17 79 57 0 41 7 72 79 12 63 16 42 65 20 34 75 77 51 66 58 26 42 23 78 0 13 83 72 25 55 91 31 0 11 5 44 41 33 4 20 34 88 20 12 49 84 34 31 100 8 22 96 18 32 4 48 33 94 83 96 78 76 79 8 43 9 81 64 88 15 42 3 83 53 36 11 37 97 50 21 37 7 99 58 73 93 73 45 59 70 52 75 51 24 62 52 4 39 44 14 63 71 0 83 14 68 65 41 50 52 12 46 60 62 57 98 77 3 14 96 33 74 92 25 38 76 44 15 43 44 7 77 4 43
93 59 11 92 96 65 87 78 34 5 29 3 51 46 15 26 24 85 16 45 70 10 28 57 29 24 24 34 13 83 89 63 25 41 30 8 41 30 55 33 14 41 18 75 97 72 97 29 79 47 0 71 64 96 11 0 1 89 24 32 98 76 91 40 49 27 44 37 48 29 13 75 21 0 29 82 1 73 97 85 73 90 75 31 85 74 65 36 46 35 95 93 72 13 77 27 100 6 55 95 8 76 16 1 58 71 62 2 97 27 59 89 3 72 49 98 37 82 43 24 57 32 68 32 65 16 51 96 61 14 67 76 48 49 21 3 30 68 22 84 88 37 67 23 53 72 5 28 53 53 98 58 8 45 57 43
44 12 51 60 33 67 96 98 99 47 80 38 79 79 18 88 72 37 49 25 74 46 2 51 26 13 84 21 80 82 94 72 77 69 50 12 71 14 94 98 82 87 59 84 15 10 68 5 79 26 14 93 32 66 5 1 0 52 12 4 85 36 33 75 48 37 13 99 26 7 55 36 85 91 96 95 90 42 40 48 1 26 30 12 35 57 86 47 44 0 25 61 5 50 52 18 79 80 70 55 0 49 54 35 25 89 29 14 31 17 45 44 71 2 8 81 18 28 23 16 26 57 98 17 27 35 79 68 44 31 76 60 61 75 41 96 88 27 65 51 45 81 99 56 93 90 77 58 56 36 47 83 9 42 13 50
21 64 23 34 68 91 38 92 37 32 5 87 96 91 13 84 59 97 60 76 8 14 65 7 98 39 82 49 71 71 59 61 59 21 1 11 81 97 2 18 98 39 49 20 87 14 4 90 23 64 5 17 86 57 44 89 52 0 13 0 66 79 70 46 58 48 19 63 23 27 77 96 87 50 70 41 100 83 100 25 9 42 11 38 98 77 48 92 68 21 99 82 84 42 0 62 15 56 73 24 84 28 49 15 76 14 79 27 36 0 39 91 83 68 3 31 14 30 49 35 48 34 3 82 89 31 1 41 10 80 84 84 48 16 79 64 53 96 54 82 40 29 61 23 74 89 8 20 8 49 68 27 43 16 14 75
60 44 6 6 39 98 64 82 5 18 16 1 63 91 78 73 1 76 76 59 24 97 57 71 15 60 14 96 68 60 68 28 86 17 63 11 96 75 47 97 13 9 20 16 62 2 25 13 82 48 55 73 86 20 41 24 12 13 0 63 72 80 16 87 88 38 83 20 35 82 26 25 97 0 33 86 17 26 19 19 1 82 35 3 23 75 61 2 50 11 70 0 92 53 57 33 54 33 2 91 71 61 69 7 85 28 15 30 76 47 78 24 94 19 10 51 83 17 88 85 88 70 50 74 62 30 57 37 76 31 21 27 48 17 7 67 39 33 64 89 9 22 29 82 62 58 43 9 90 85 44 60 36 32 60 76
27 93 89 87 37 7 11 69 82 90 68 17 72 25 93 54 79 21 87 57 26 63 68 71 14 33 31 77 36 6 84 51 93 1 2 99 62 15 29 62 5 28 87 72 96 82 57 2 59 38 20 20 5 51 33 32 4 0 63 0 56 98 58 29 85 58 71 5 35 0 43 86 51 82 7 92 64 100 67 31 18 32 15 15 47 30 43 61 33 50 15 71 20 54 79 36 64 49 72 26 73 80 40 32 78 80 14 87 25 54 70 33 37 98 30 52 33 61 71 51 51 36 26 91 93 14 73 38 97 6 18 0 88 79 86 40 66 100 35 52 93 64 68 38 39 77 41 80 75 17 97 15 64 25 58 9
46 33 13 85 77 48 44 99 61 89 64 46 68 79 27 79 87 42 32 15 96 15 3 6 74 63 3 34 71 74 53 48 74 31 6 25 65 90 94 25 92 62 39 59 68 23 31 21 53 48 77 80 1 46 4 98 85 66 72 56 0 31 4 12 3 35 32 77 3 20 28 69 14 10 93 98 90 99 1 44 12 78 63 42 86 42 33 62 28 74 35 55 71 91 44 79 33 70 59 93 52 98 15 97 94 74 7 20 96 99 81 41 44 8 94 65 53 57 67 2 59 67 73 89 24 53 42 30 93 0 85 65 39 57 76 94 31 36 66 18 26 94 32 66 63 64 0 98 64 1 73 55 22 38 62 29
35 73 59 13 96 72 62 70 59 83 40 7 13 72 2 5 5 7 33 32 68 36 61 86 70 80 27 58 86 25 63 12 80 1 39 63 78 19 100 34 44 70 67 10 64 9 21 42 85 68 48 47 66 5 20 76 36 79 80 98 31 0 51 81 27 63 66 38 51 91 21 61 61 15 69 51 17 57 19 72 100 84 71 44 33 16 95 8 37 49 35 2 94 43 52 19 93 69 58 1 64 7 30 31 17 53 12 60 31 43 88 84 74 58 90 6 53 93 50 27 59 76 8 79 32 63 5 13 37 38 15 28 42 76 13 30 45 69 68 35 18 38 93 13 68 16 21 51 99 59 36 3 23 38 98 6
9 20 26 84 39 86 31 68 12 85 74 41 91 23 29 88 75 56 67 25 13 41 27 39 91 71 24 27 24 27 52 50 94 19 70 62 23 38 15 46 50 97 63 69 12 70 86 90 57 50 65 70 9 46 34 91 33 70 16 58 4 51 0 21 49 91 53 20 2 60 62 12 14 66 57 51 8 68 79 30 28 64 47 40 87 91 1 34 44 78 64 12 50 3 45 62 21 41 76 77 91 6 74 55 53 38 54 97 89 94 7 22 44 24 56 70 26 49 31 83 22 39 34 76 89 23 92 67 46 62 7 56 30 47 77 61 45 78 1 61 15 9 40 68 65 98 52 42 73 8 37 42 31 42 75 2
71 83 97 80 70 81 48 85 83 40 87 82 79 91 46 45 56 38 66 19 46 10 0 52 2 2 57 81 14 71 79 97 37 31 64 79 12 80 31 81 95 12 59 96 63 71 92 49 69 39 21 99 39 64 88 40 75 46 87 29 12 81 21 0 22 16 10 77 20 0 39 29 87 19 94 66 79 87 88 19 98 9 49 64 24 29 56 44 27 24 91 3 87 77 43 24 55 41 74 16 22 100 65 55 60 95 53 10 16 42 59 31 1 97 97 91 31 96 35 33 58 63 46 48 7 98 17 36 25 45 74 49 8 94 12 17 33 31 98 1 29 68 68 53 56 76 72 17 90 24 6 61 69 51 49 33
92 98 90 15 45 88 41 91 71 41 15 68 5 10 36 64 61 72 81 85 84 68 3 85 70 43 54 56 16 60 36 53 15 6 64 80 6 29 5 83 66 90 20 84 5 98 75 58 34 43 5 27 83 54 20 49 48 58 88 85 3 27 49 22 0 42 15 39 68 16 100 43 97 23 10 37 72 57 33 53 70 27 21 44 10 40 64 46 94 18 82 90 24 24 45 51 84 8 31 48 16 59 75 40 64 77 10 66 8 77 2 7 100 55 65 1 79 54 77 26 92 72 60 77 19 57 8 13 1 1 68 86 62 31 37 54 17 69 33 37 1 25 42 68 47 67 26 95 65 31 64 41 22 48 53 49
34 63 90 99 38 88 29 83 6 12 13 33 72 43 96 11 72 55 16 58 16 12 59 15 88 9 33 71 9 89 42 69 0 56 21 24 65 93 32 99 84 83 26 73 38 74 98 78 20 25 99 29 5 42 12 27 37 48 38 58 35 63 91 16 42 0 28 67 42 74 40 9 86 43 61 24 94 81 82 79 18 1 92 90 53 30 0 23 88 82 6 3 48 62 57 80 31 80 91 80 31 86 49 95 84 49 50 77 33 17 8 86 15 52 16 5 75 52 9 91 43 77 41 53 70 93 37 67 96 79 71 52 72 17 79 61 27 4 55 64 0 35 23 88 59 95 64 72 30 10 97 70 24 25 80 99
92 42 90 34 89 9 15 65 70 16 74 41 91 3 1 78 90 55 42 34 27 79 84 77 93 51 77 92 56 78 19 61 3 45 30 8 19 52 100 47 88 61 51 43 13 20 93 4 12 51 67 99 71 11 49 44 13 19 83 71 32 66 53 10 15 28 0 28 91 51 83 5 52 67 31 6 14 34 27 63 69 23 25 74 47 95 48 90 14 5 77 47 87 27 66 29 19 5 54 12 55 47 79 97 20 1 58 51 79 5 67 4 25 97 98 52 9 65 78 17 22 32 42 7 76 70 33 73 53 48 14 0 4 19 13 86 67 21 62 45 50 31 89 92 35 52 73 88 74 19 0 28 31 74 56 75
6 24 85 26 17 92 98 96 82 94 38 32 57 75 8 27 14 4 9 53 37 89 36 8 27 88 37 50 39 35 64 89 68 81 78 10 55 99 37 57 86 88 59 3 50 70 35 60 59 58 77 36 70 34 84 37 99 63 20 5 77 38 20 77 39 67 28 0 10 54 23 87 95 71 47 83 84 13 72 32 76 29 70 65 3 20 20 82 9 1 68 25 56 47 19 3 48 4 17 0 87 5 13 36 7 94 94 100 30 67 87 71 72 24 56 88 51 71 28 61 47 80 87 73 56 70 66 79 86 78 25 63 42 47 71 3 72 50 45 6 57 21 92 1 53 68 19 40 87 90 96 88 68 20 76 67
55 100 23 100 30 37 66 5 58 4 4 21 67 53 6 10 89 87 27 65 55 82 52 91 93 33 88 5 62 15 94 2 53 95 58 30 72 25 37 8 61 68 26 23 40 26 53 81 33 86 22 25 29 98 34 48 26 23 35 35 3 51 2 20 68 42 91 10 0 38 36 27 14 6 53 50 72 83 100 3 21 47 36 37 31 96 72 81 10 67 61 11 87 31 89 12 7 57 11 81 59 68 9 50 86 48 3 68 96 34 8 63 80 26 14 82 22 22 54 34 20 72 91 71 31 80 55 54 66 99 53 80 93 38 48 93 22 48 77 73 35 35 22 77 61 33 95 15 98 20 32 67 16 27 48 37
96 8 34 88 3 68 21 60 38 1 77 3 16 93 24 14 52 66 47 61 69 74 61 55 73 11 54 65 54 76 85 58 28 14 85 42 53 64 81 88 39 3 79 67 75 39 45 17 68 69 0 94 95 21 31 29 7 27 82 0 20 91 60 0 16 74 51 54 38 0 59 39 36 33 72 30 5 48 54 44 90 59 26 97 18 56 10 36 80 94 53 100 47 29 80 67 37 76 2 28 89 85 90 27 84 96 84 46 88 100 45 57 77 71 44 33 52 20 22 79 40 60 47 70 63 28 54 1 64 97 39 14 58 75 27 46 88 6 50 34 57 100 92 55 67 77 28 74 83 67 3 86 37 71 26 97
6 75 12 54 45 93 25 51 91 4 41 50 98 68 63 24 25 14 12 13 64 37 38 75 68 44 95 3 59 45 20 64 5 51 79 100 63 70 14 98 9 85 44 93 12 11 8 23 82 86 78 92 28 10 100 13 55 77 26 43 28 21 62 39 100 40 83 23 36 59 0 80 14 95 92 3 12 55 55 0 31 66 5 53 13 13 9 24 65 91 51 81 88 8 30 21 79 7 92 12 54 8 99 24 15 59 17 54 55 64 60 33 32 85 26 88 30 98 87 6 32 34 24 28 17 35 75 41 33 90 44 28 54 84 18 1 42 45 18 31 2 22 16 72 36 56 10 79 92 76 41 45 61 17 22 79
73 25 10 71 31 52 0 41 69 75 51 88 39 57 53 23 9 6 58 58 87 49 3 25 61 91 71 60 44 1 43 83 84 79 93 47 28 0 9 60 35 16 79 22 58 76 82 31 60 4 53 18 51 23 8 75 36 96 25 86 69 61 12 29 43 9 5 87 27 39 80 0 17 49 6 80 1 21 7 9 54 47 25 80 16 84 67 78 32 34 84 92 16 84 40 30 98 20 48 57 88 1 1 52 74 58 50 26 81 36 78 72 91 64 0 71 40 24 72 51 86 41 48 34 64 17 0 81 97 21 40 81 89 15 65 2 50 76 0 8 94 70 33 96 49 50 80 4 85 40 55 53 38 21 12 69
77 63 60 64 97 63 95 11 42 86 0 88 33 81 35 39 79 96 64 25 91 59 67 94 34 15 34 11 22 78 9 83 34 40 38 82 85 94 67 54 9 9 47 57 29 84 1 47 71 90 32 48 7 28 22 21 85 87 97 51 14 61 14 87 97 86 52 95 14 36 14 17 0 41 19 30 98 29 61 66 38 55 7 58 32 83 78 86 95 28 12 75 9 31 14 74 82 95 99 61 70 40 70 31 55 8 39 41 16 60 54 86 31 80 72 61 12 78 13 94 92 22 28 28 33 15 92 19 96 53 30 34 93 38 23 68 24 7 11 97 37 37 74 21 26 52 34 80 58 19 15 42 97 54 54 19
48 86 87 84 68 20 75 10 79 62 30 65 4 2 86 80 63 80 17 76 12 24 29 96 6 3 79 97 0 10 62 34 14 4 61 59 26 30 53 80 53 24 31 55 90 87 85 47 58 73 63 19 53 56 96 0 91 50 0 82 10 15 66 19 23 43 67 71 6 33 95 49 41 0 24 6 59 52 80 57 13 31 74 68 9 24 6 69 0 30 53 42 55 72 23 19 64 81 48 63 79 33 60 30 58 75 40 1 29 45 56 98 80 96 5 37 74 77 42 41 9 7 37 47 10 57 96 83 3 31 16 65 63 51 20 23 69 98 39 57 89 73 67 1 27 76 95 10 86 3 65 0 70 28 44 87
12 18 7 58 68 95 80 95 3 31 91 63 85 84 43 48 13 47 26 89 88 51 5 25 17 80 55 22 33 51 46 37 38 96 68 65 91 69 31 77 52 100 42 72 57 41 29 63 82 63 47 63 69 100 18 29 96 70 33 7 93 69 57 94 10 61 31 47 53 72 92 6 19 24 0 92 12 54 42 56 1 23 8 50 86 51 51 90 17 69 46 27 36 73 5 13 49 49 79 99 75 81 68 63 84 72 86 67 83 38 60 30 36 26 17 60 85 90 46 43 13 65 79 96 40 56 4 12 88 5 77 62 70 71 96 18 76 20 76 42 91 38 14 21 55 71 12 10 74 66 82 71 43 83 87 85
81 8 64 44 22 56 61 25 86 26 87 40 94 63 80 99 87 3 18 71 79 46 59 65 75 90 58 63 56 92 79 97 48 74 91 13 94 68 38 48 16 66 90 59 92 18 10 34 23 51 19 69 24 40 32 82 95 41 86 92 98 51 51 66 37 24 6 83 50 30 3 80 30 6 92 0 40 21 88 89 29 20 37 1 27 24 47 15 28 97 23 76 32 1 26 40 13 85 76 48 7 94 93 2 76 21 4 22 66 94 56 36 91 32 17 53 67 37 45 84 95 74 47 19 80 45 95 66 12 80 10 80 37 98 97 2 49 29 40 89 4 49 34 86 65 99 68 56 97 56 90 13 72 30 66 19
6 49 3 76 49 39 59 30 87 83 99 37 13 19 65 92 20 67 28 23 60 85 48 5 8 32 48 0 36 69 63 26 43 73 79 62 55 77 29 77 48 18 78 75 8 60 18 72 33 66 7 85 71 45 4 1 90 100 17 64 90 17 8 79 72 94 14 84 72 5 12 1 98 59 12 40 0 11 10 6 32 44 67 75 89 38 62 13 60 22 43 45 57 66 72 83 2 16 80 91 84 9 47 14 45 73 79 98 2 3 39 70 53 90 41 8 23 24 70 44 12 19 93 3 34 46 26 69 69 16 49 8 48 98 52 7 86 56 22 82 45 76 40 18 55 25 5 55 77 63 61 35 50 15 37 32
88 13 5 19 59 98 57 32 37 31 90 81 56 50 12 27 80 100 76 65 58 17 37 0 72 62 1 31 44 13 1 75 61 17 98 21 77 23 60 68 2 53 11 31 90 39 14 42 34 92 27 74 32 56 48 73 42 83 26 100 99 57 68 87 57 81 34 13 83 48 55 21 29 52 54 21 11 0 90 65 29 62 34 80 100 21 74 15 13 27 27 49 59 5 85 20 52 72 13 19 8 76 41 5 96 70 4 99 58 77 71 17 23 68 96 17 25 73 18 55 52 46 28 81 95 95 1 42 61 63 14 41 18 41 100 17 18 67 11 26 5 17 26 58 36 58 6 14 45 4 20 95 71 92 7 75
75 24 12 29 45 21 87 55 28 95 95 60 66 75 94 94 40 52 39 31 26 17 15 30 92 71 97 6 34 41 55 15 60 90 32 74 22 77 33 39 47 72 99 39 83 54 21 41 83 36 57 75 29 48 33 97 40 100 19 67 1 19 79 88 33 82 27 72 100 54 55 7 61 80 42 88 10 90 0 92 0 98 15 97 92 49 53 4 75 40 85 82 33 50 14 50 77 38 19 32 42 33 25 57 47 23 92 89 84 79 67 68 76 2 57 82 78 51 15 81 82 39 59 67 99 32 80 83 41 71 63 34 19 4 40 73 99 0 52 49 94 15 22 77 47 26 39 40 92 55 62 45 81 30 35 70
31 100 15 1 54 21 17 8 34 55 18 87 93 71 67 88 44 55 3 70 62 96 40 49 17 86 57 82 24 67 6 1 97 83 73 57 19 70 11 45 52 93 7 52 34 72 13 51 36 4 64 28 76 80 94 85 48 25 19 31 44 72 30 19 53 79 63 32 3 44 0 9 66 57 56 89 6 65 92 0 17 21 22 21 50 88 70 17 1 17 64 72 85 69 22 4 95 43 37 7 59 35 20 56 80 60 21 37 55 54 36 68 61 83 80 27 38 32 0 11 71 57 43 44 90 21 28 0 35 73 96 82 45 8 31 31 60 18 58 67 58 32 60 22 9 4 13 55 25 90 30 9 37 92 53 4
56 37 32 69 18 58 15 34 90 0 68 87 95 48 12 86 34 22 87 95 1 22 67 61 20 2 52 99 74 86 54 38 74 67 87 80 38 35 75 70 52 43 94 57 39 68 83 46 55 71 92 50 16 30 83 73 1 9 1 18 12 100 28 98 70 18 69 76 21 90 31 54 38 13 1 29 32 29 0 17 0 2 36 31 44 71 99 33 91 80 3 2 26 16 24 51 13 12 2 71 95 79 76 89 44 46 61 38 12 33 54 4 11 76 40 11 50 96 94 34 27 9 82 63 89 86 2 76 14 36 84 68 51 54 80 47 71 49 40 37 13 89 81 25 6 12 53 85 77 100 94 72 0 77 69 70
36 43 66 64 10 94 87 52 54 12 20 43 98 24 53 84 3 90 51 59 97 50 86 93 74 12 26 52 22 74 34 27 91 74 91 22 73 70 9 56 35 50 97 65 31 23 44 71 43 52 93 7 89 99 96 90 26 42 82 32 78 84 64 9 27 1 23 29 47 59 66 47 55 31 23 20 44 62 98 21 2 0 0 18 11 60 56 18 93 16 60 83 71 32 98 45 77 38 93 67 57 68 71 64 15 33 48 83 7 47 4 67 34 44 55 21 78 34 41 39 72 14 36 63 52 94 82 48 0 54 91 40 16 74 24 86 30 10 87 93 82 3 36 46 47 12 66 92 62 67 31 53 42 20 72 11
25 9 99 96 91 89 64 70 89 73 94 96 14 16 84 16 37 65 51 45 25 94 46 23 17 90 86 98 51 2 90 62 4 29 84 51 52 14 47 53 50 96 91 51 58 11 8 100 27 84 17 54 71 24 78 75 30 11 35 15 63 71 47 49 21 92 25 70 36 26 5 25 7 74 8 37 67 34 15 22 36 0 0 27 48 15 58 16 11 41 38 49 39 62 8 12 81 37 99 99 3 40 65 2 11 10 54 6 10 51 25 60 75 32 25 57 14 33 41 91 93 95 2 68 38 63 56 92 100 6 45 75 42 16 6 54 42 62 69 9 49 1 52 73 55 61 69 55 12 1 94 21 10 67 15 13
14 66 42 66 51 40 42 65 25 35 59 3 45 60 68 25 59 1 70 15 52 28 74 1 23 78 78 46 75 77 39 17 7 76 27 5 55 37 69 44 29 62 59 76 67 19 9 52 58 78 41 11 43 56 76 31 12 38 3 15 42 44 40 64 44 90 74 65 37 97 53 80 58 68 50 1 75 80 97 21 31 18 27 0 45 1 12 27 3 65 81 65 84 77 71 63 88 20 95 84 71 6 0 44 84 90 72 75 89 12 98 96 82 83 6 1 72 40 98 50 72 27 60 19 83 72 42 57 25 69 34 94 96 12 56 11 98 48 56 35 65 3 48 41 0 32 2 57 65 10 87 60 12 69 52 66
71 56 82 67 62 65 68 72 96 10 3 55 7 75 3 63 88 14 81 13 6 47 32 52 82 66 65 35 84 7 11 82 43 72 35 9 99 55 16 36 8 99 93 93 60 59 65 99 17 51 97 94 30 8 79 85 35 98 23 47 86 33 87 24 10 53 47 3 31 18 13 16 32 9 86 27 89 100 92 50 44 11 48 45 0 81 34 56 24 84 76 85 71 38 63 11 83 76 56 90 23 81 55 47 2 11 34 18 64 67 57 22 94 78 14 1 76 38 81 99 0 23 27 82 7 93 42 59 51 88 35 38 52 79 14 34 45 32 56 34 24 6 81 51 20 78 8 38 32 85 62 47 85 50 54 56
19 62 72 31 41 78 40 9 43 51 100 58 18 95 50 92 7 79 90 67 53 84 20 43 92 57 60 16 6 81 51 63 11 51 67 95 83 44 11 4 33 39 48 83 6 78 62 41 88 59 5 26 9 80 8 74 57 77 75 30 42 16 91 29 40 30 95 20 96 56 13 84 83 24 51 24 38 21 49 88 71 60 15 1 81 0 14 62 76 77 95 8 54 77 73 32 16 62 5 4 90 75 63 71 92 99 81 85 82 77 8 95 89 9 57 34 76 38 32 47 88 76 19 37 77 32 13 81 20 57 58 69 46 38 8 42 51 60 53 44 76 76 100 67 92 30 42 95 64 75 23 53 84 72 44 59
33 36 63 85 42 85 18 94 37 91 95 1 78 85 39 27 41 90 88 23 22 64 5 5 78 91 43 6 99 25 40 54 32 52 95 29 61 70 51 56 53 94 92 98 69 29 19 71 78 54 32 94 65 44 43 65 86 48 61 43 33 95 1 56 64 0 48 20 72 10 9 67 78 6 51 47 62 74 53 70 99 56 58 12 34 14 0 74 57 99 38 2 91 82 79 17 38 1 83 95 86 90 22 12 10 21 4 28 69 62 65 93 33 11 100 14 56 70 68 38 49 35 61 73 70 11 47 32 81 39 49 18 6 66 75 44 71 92 100 84 84 38 62 45 61 84 7 5 7 26 7 3 41 70 62 23
54 38 72 85 90 59 66 38 68 44 43 30 59 30 40 20 61 53 79 66 8 76 98 82 15 79 92 59 80 34 42 54 38 97 92 65 7 74 73 3 64 88 73 54 49 3 13 69 63 76 97 8 16 17 9 36 47 92 2 61 62 8 34 44 46 23 90 82 81 36 24 78 86 69 90 15 13 15 4 17 33 18 16 27 56 62 74 0 51 30 49 18 60 9 86 83 50 38 45 63 19 82 100 65 35 100 63 1 0 43 25 2 37 77 94 79 38 86 41 63 65 18 70 13 76 39 27 31 41 12 72 83 58 15 72 15 83 67 52 56 48 97 77 64 26 20 86 79 95 97 20 100 99 15 86 6
59 86 74 13 39 49 93 63 70 100 33 67 7 12 94 42 97 4 27 71 89 37 69 79 40 94 31 14 99 33 29 23 63 81 100 11 0 64 7 56 16 81 67 57 59 85 97 82 31 43 90 93 25 3 81 46 44 68 50 33 28 37 44 27 94 88 14 9 10 80 65 32 95 0 17 28 60 13 75 1 91 93 11 3 24 76 57 51 0 22 82 47 91 4 20 55 20 82 86 33 86 58 84 5 99 11 35 80 1 37 100 91 85 78 53 74 6 71 57 64 65 15 32 45 54 39 22 11 97 61 50 45 29 97 94 11 90 4 17 63 85 24 74 14 18 71 87 4 99 14 67 46 58 85 2 61
23 83 38 36 2 27 29 48 84 70 55 21 42 59 67 81 86 76 46 78 97 95 4 5 94 19 49 83 55 72 68 0 12 29 60 78 91 21 82 32 94 28 43 5 52 63 56 59 54 27 6 80 49 86 64 35 0 21 11 50 74 49 78 24 18 82 5 1 67 94 91 34 28 30 69 97 22 27 40 17 80 16 41 65 84 77 99 30 22 0 6 46 34 71 51 54 53 13 22 24 98 40 13 1 53 72 98 39 19 68 16 83 47 100 51 19 77 96 86 45 77 49 69 26 76 31 48 0 34 42 13 43 91 71 36 44 90 76 35 81 46 86 14 51 87 6 45 54 10 71 26 61 23 31 95 73
85 85 18 19 80 40 96 14 34 85 90 15 84 70 95 12 84 15 68 97 97 55 2 45 97 69 24 39 64 93 46 89 20 66 77 2 65 37 70 92 13 53 68 65 49 54 82 86 70 55 44 77 45 22 88 95 25 99 70 15 35 35 64 91 82 6 77 68 61 53 51 84 12 53 46 23 43 27 85 64 3 60 38 81 76 95 38 49 82 6 0 45 71 60 17 26 73 26 37 25 80 78 48 77 69 20 8 32 75 85 54 61 22 16 10 79 80 97 67 67 64 98 53 61 58 70 100 14 1 10 7 40 37 74 22 26 62 62 82 80 86 36 7 82 87 87 6 24 5 6 2 0 83 98 40 6
81 53 66 63 92 53 32 28 20 25 90 69 92 54 94 63 7 89 76 54 42 60 94 58 4 11 55 61 81 84 4 69 13 48 33 97 9 88 7 84 3 52 92 66 74 34 41 81 51 94 15 50 68 96 15 93 61 82 0 71 55 2 12 3 90 3 47 25 11 100 81 92 75 42 27 76 45 49 82 72 2 83 49 65 85 8 2 18 47 46 45 0 96 27 85 99 17 39 52 79 1 81 38 37 60 49 64 64 46 76 76 92 78 78 22 89 83 20 34 46 5 25 64 69 27 87 39 14 49 69 68 84 48 17 21 96 21 62 78 64 27 13 79 57 1 65 10 72 95 41 99 29 88 24 73 96
85 68 92 56 29 23 57 66 9 70 4 64 74 8 80 89 12 87 48 68 94 18 34 37 20 72 34 2 4 30 26 6 46 1 85 29 4 8 93 31 8 84 80 83 26 20 21 60 42 100 99 31 53 35 42 72 5 84 92 20 71 94 50 87 24 48 87 56 87 47 88 16 9 55 36 32 57 59 33 85 26 71 39 84 71 54 91 60 91 34 71 96 0 91 32 9 25 33 98 26 79 83 95 53 57 18 97 95 78 34 66 29 0 24 87 0 43 63 34 25 5 28 67 0 30 59 79 14 52 98 60 22 75 25 46 21 98 14 71 19 6 33 8 82 75 40 81 18 25 29 38 44 69 84 10 4
57 84 9 6 3 30 19 21 58 0 59 91 85 77 9 93 3 34 72 39 14 60 32 1 15 60 73 60 41 99 95 75 99 56 96 96 76 54 44 1 40 11 94 29 67 85 24 60 52 8 66 50 44 60 3 13 50 42 53 54 91 43 3 77 24 62 27 47 31 29 8 84 31 72 73 1 66 5 50 69 16 32 62 77 38 77 82 9 4 71 60 27 91 0 8 0 2 66 81 56 46 19 28 28 74 39 58 86 26 79 53 96 30 42 83 35 24 47 92 89 63 86 40 46 5 35 100 77 4 70 26 55 98 84 33 11 62 97 21 9 56 75 58 89 61 86 87 95 65 24 47 9 5 25 53 78
4 25 65 20 41 14 66 79 25 95 77 36 26 3 41 22 85 53 94 48 39 15 20 6 44 64 67 84 10 51 72 38 29 7 60 93 16 97 43 26 39 60 91 12 19 80 89 70 94 34 17 44 43 71 83 77 52 0 57 79 44 52 45 43 45 57 66 19 89 80 30 40 14 23 5 26 72 85 14 22 24 98 8 71 63 73 79 86 20 51 17 85 32 8 0 64 48 43 53 92 14 37 19 12 76 62 48 37 27 73 64 32 7 50 28 16 60 75 54 79 40 8 36 27 59 78 40 70 32 34 100 61 67 32 57 29 50 89 33 100 20 76 90 27 64 77 66 82 20 93 21 82 48 38 95 26
78 35 33 19 43 12 33 91 5 37 48 29 96 77 18 58 13 61 18 84 46 20 62 96 78 92 1 75 30 75 21 97 94 95 42 45 60 83 12 92 30 44 97 72 65 94 96 44 27 41 42 30 71 35 53 27 18 62 33 36 79 19 62 24 51 80 29 3 12 67 21 30 74 19 13 40 83 20 50 4 51 45 12 63 11 32 17 83 55 54 26 99 9 0 64 0 44 90 81 93 19 2 72 94 98 73 88 76 3 46 32 0 42 57 37 96 39 82 97 23 77 35 32 46 99 60 18 8 39 19 47 71 20 88 19 20 58 94 79 90 97 73 94 35 70 82 53 63 22 80 57 8 58 86 16 33
1 80 74 37 7 5 57 88 24 63 99 45 29 71 34 83 88 83 80 38 48 15 21 78 14 15 49 48 49 81 100 35 57 56 90 68 79 62 9 95 60 62 67 40 91 52 13 59 61 30 91 47 66 58 36 100 79 15 54 64 33 93 21 55 84 31 19 48 7 37 79 98 82 64 49 13 2 52 77 95 13 77 81 88 83 16 38 50 20 53 73 17 25 2 48 44 0 21 93 11 14 9 52 33 6 79 58 94 32 50 65 10 6 33 48 15 78 71 13 85 92 6 42 26 29 71 97 8 25 32 35 48 30 72 63 100 55 80 79 56 89 44 54 85 22 39 69 21 69 6 22 93 31 48 67 60
60 48 13 46 79 97 22 9 6 12 33 67 5 61 31 6 94 82 14 64 50 58 51 39 4 95 17 63 54 35 21 25 78 7 71 76 54 21 48 73 62 83 17 78 28 98 35 70 96 10 97 91 41 21 11 6 80 56 33 49 70 69 41 41 8 80 5 4 57 76 7 20 95 81 49 85 16 72 38 43 12 38 37 20 76 62 1 38 82 13 26 39 33 66 43 90 21 0 78 9 73 1 17 48 52 56 34 67 70 13 68 0 78 1 81 14 71 79 30 46 49 51 39 53 20 60 24 45 49 80 57 29 27 84 39 17 71 40 63 66 16 42 63 87 20 1 39 29 53 92 79 21 60 95 59 70
13 85 91 88 49 51 64 20 88 79 42 83 33 61 42 44 15 71 3 49 85 48 56 20 9 55 37 95 66 11 33 0 12 84 50 3 48 56 6 39 38 33 95 18 47 7 50 99 36 34 12 58 23 65 37 55 70 73 2 72 59 58 76 74 31 91 54 17 11 2 92 48 99 48 79 76 80 13 19 37 2 93 99 95 56 5 83 45 86 22 37 52 98 81 53 81 93 78 0 83 61 45 87 87 20 93 14 40 31 8 35 10 91 18 45 93 85 71 40 71 43 15 94 7 45 34 24 61 12 35 80 53 57 24 11 91 88 34 69 41 63 13 17 35 21 93 68 90 12 22 96 64 77 66 0 68
59 3 69 96 21 59 26 43 29 3 72 42 52 71 14 21 9 45 16 76 33 76 77 28 21 17 70 86 90 40 11 25 43 37 17 13 68 42 14 82 25 89 53 43 72 88 75 70 81 33 61 72 18 79 97 95 55 24 91 26 93 1 77 16 48 80 12 0 81 28 12 57 61 63 99 48 91 19 32 7 71 67 99 84 90 4 95 63 33 24 25 79 26 56 92 93 11 9 83 0 61 51 17 37 11 7 30 11 52 64 85 25 12 41 16 12 2 7 35 75 83 93 27 75 80 84 94 97 30 6 99 0 37 54 51 34 9 29 43 96 52 38 30 81 87 87 11 98 47 49 23 45 60 73 27 100
82 28 6 6 52 15 5 84 13 53 86 69 51 20 53 33 92 98 90 88 5 3 17 89 14 68 28 1 61 59 11 66 90 51 15 29 99 63 76 6 86 3 0 100 4 12 73 23 54 92 41 67 9 81 50 8 0 84 71 73 52 64 91 22 16 31 55 87 59 89 54 88 70 79 75 7 84 8 42 59 95 57 3 71 23 90 86 19 86 98 80 1 79 46 14 19 14 73 61 61 0 80 27 44 55 30 17 96 100 47 26 17 79 96 50 42 78 25 78 58 67 42 7 67 82 56 98 72 78 65 69 73 87 17 14 4 68 63 37 54 71 57 94 58 7 77 1 74 95 6 89 56 88 24 67 16
71 26 27 52 81 99 40 53 76 47 71 3 76 98 94 37 77 20 70 83 2 38 63 90 100 72 97 51 61 2 23 68 0 24 59 87 99 72 92 13 70 33 78 82 48 95 68 23 20 55 0 21 23 78 21 76 49 28 61 80 98 7 6 100 59 86 47 5 68 85 8 1 40 33 81 94 9 76 33 35 79 68 40 6 81 75 90 82 58 40 78 81 83 19 37 2 9 1 45 51 80 0 55 5 70 22 36 39 98 42 25 96 4 90 30 26 78 43 64 31 7 27 43 82 51 21 15 77 9 84 28 67 37 94 71 56 94 49 74 88 62 54 49 91 43 74 12 68 76 15 80 43 0 39 46 46
76 47 1 3 24 14 78 34 14 31 83 28 46 37 64 5 30 86 57 55 68 63 37 80 64 60 11 70 29 4 75 32 51 37 8 100 87 32 11 63 31 61 25 39 87 54 56 44 76 44 23 83 100 52 37 16 54 49 69 40 15 30 74 65 75 49 79 13 9 90 99 1 70 60 68 93 47 41 25 20 76 71 65 0 55 63 22 100 84 13 48 38 95 28 19 72 52 17 87 17 27 55 0 93 35 68 28 26 30 29 82 38 69 97 1 75 0 91 3 27 46 40 77 57 19 32 28 66 0 95 91 9 64 63 80 37 77 19 14 79 95 42 19 99 73 41 57 21 20 7 12 8 99 95 74 22
81 10 50 73 68 17 21 4 14 62 24 43 14 42 93 8 39 14 73 7 71 40 28 49 93 5 76 13 4 91 85 25 25 51 81 54 81 79 91 0 25 5 49 51 100 78 16 12 45 81 80 25 79 5 7 1 35 15 7 32 97 31 55 55 40 95 97 36 50 27 24 52 31 30 63 2 14 5 57 56 89 64 2 44 47 71 12 65 5 1 77 37 53 28 12 94 33 48 87 37 44 5 93 0 54 2 8 18 100 88 17 78 2 52 93 47 94 39 26 12 90 18 23 31 42 15 55 67 91 85 83 53 4 61 76 81 37 49 2 23 78 7 22 64 38 20 96 28 8 24 68 69 84 12 49 73
88 44 88 62 17 93 40 13 34 71 28 92 15 90 49 14 66 51 62 46 4 74 53 35 85 46 60 31 72 16 39 65 56 20 54 99 31 86 85 69 33 66 71 67 56 67 32 63 67 27 50 68 91 75 99 58 25 76 85 78 94 17 53 60 64 84 20 7 86 84 15 74 55 58 84 76 45 96 47 80 44 15 11 84 2 92 10 35 99 53 69 60 57 74 76 98 6 52 20 11 55 70 35 54 0 95 26 13 26 27 31 62 11 18 84 9 28 44 95 96 94 12 88 40 35 91 28 2 51 77 48 49 74 33 74 88 53 31 47 63 90 72 83 28 12 33 7 89 47 53 99 4 26 22 72 61
34 22 91 39 58 27 82 88 24 71 16 33 39 23 10 39 41 85 96 5 74 55 71 74 89 28 64 12 26 79 30 64 35 91 62 12 61 9 39 94 83 76 13 43 31 77 30 42 19 18 67 7 68 17 58 71 89 14 28 80 74 53 38 95 77 49 1 94 48 96 59 58 8 75 72 21 73 70 23 60 46 33 10 90 11 99 21 100 11 72 20 49 18 39 62 73 79 56 93 7 30 22 68 2 95 0 23 45 59 92 71 35 88 99 93 99 37 56 8 35 36 82 4 49 81 71 93 94 59 5 19 78 14 78 16 19 82 67 51 93 80 3 85 79 62 18 84 46 32 70 0 46 51 16 0 51
81 74 93 3 32 45 85 5 30 20 12 71 96 2 74 57 36 8 90 60 21 80 15 62 41 80 41 68 56 78 67 2 1 9 93 46 34 69 27 60 12 95 84 77 3 21 86 33 81 37 1 50 45 18 73 62 29 79 15 14 7 12 54 53 10 50 58 94 3 84 17 50 39 40 86 4 79 4 92 21 61 48 54 72 34 81 4 63 35 98 8 64 97 58 48 88 58 34 14 30 17 36 28 8 26 23 0 56 14 38 70 27 51 66 34 38 7 44 58 82 15 24 39 23 36 57 66 43 0 34 37 6 80 44 96 68 23 27 20 66 40 57 75 63 75 8 36 75 62 3 86 35 23 92 80 22
96 27 91 72 45 8 42 83 26 58 88 90 15 13 96 94 76 39 32 76 44 67 75 86 41 95 61 34 16 39 33 54 7 61 73 23 73 71 72 55 61 40 91 83 35 26 57 93 42 33 21 5 58 14 93 2 14 27 30 87 20 60 97 10 66 77 51 100 68 46 54 26 41 1 67 22 98 99 89 37 38 83 6 75 18 85 28 1 80 39 32 64 95 86 37 76 94 67 40 11 96 39 26 18 13 45 56 0 71 14 23 96 60 75 41 82 18 58 55 55 53 47 30 77 83 62 48 98 77 11 96 56 31 5 51 80 29 4 46 51 20 2 21 95 74 65 28 75 35 64 55 60 3 83 76 46
57 38 41 87 71 15 73 87 38 29 76 0 34 14 58 60 48 2 56 67 76 36 33 97 40 18 86 91 80 76 63 66 57 90 51 20 66 99 65 30 52 78 57 20 44 4 100 81 41 59 19 64 41 22 73 97 31 36 76 25 96 31 89 16 8 33 79 30 96 88 55 81 16 29 83 66 2 58 84 55 12 7 10 89 64 82 69 0 1 19 75 46 78 26 27 3 32 70 31 52 100 98 30 100 26 59 14 71 0 71 90 48 42 98 58 83 73 94 81 22 92 55 99 74 85 36 30 5 40 14 2 16 73 57 23 72 45 36 99 16 65 35 44 61 51 97 63 23 98 90 91 59 6 22 86 27
23 83 60 1 85 79 87 62 31 45 89 62 22 80 92 95 86 99 11 94 1 22 62 25 84 78 80 73 47 36 60 70 30 27 8 69 15 57 22 5 28 83 6 29 57 86 53 13 81 46 42 34 21 44 45 27 17 0 47 54 99 43 94 42 77 17 5 67 34 100 64 36 60 45 38 94 3 77 79 54 33 47 51 12 67 77 62 43 37 68 85 76 34 79 73 46 50 13 8 64 47 42 29 88 27 92 38 14 71 0 42 29 46 88 21 40 55 93 67 78 93 95 17 7 0 1 67 18 79 18 58 17 98 67 36 89 21 40 33 40 37 5 94 76 84 92 52 76 60 71 97 40 94 0 10 48
87 56 10 24 70 80 99 58 50 98 24 32 50 84 72 84 16 87 66 38 8 34 32 52 63 90 29 41 6 99 25 4 89 6 98 50 56 60 63 26 15 78 7 16 71 28 55 86 97 62 10 57 90 82 59 59 45 39 78 70 81 88 7 59 2 8 67 87 8 45 60 78 54 56 60 56 39 71 67 36 54 4 25 98 57 8 65 25 100 16 54 76 66 53 64 32 65 68 35 85 26 25 82 17 31 71 70 23 90 42 0 93 74 40 60 53 31 94 29 6 33 49 51 4 0 90 64 85 61 95 71 44 93 23 48 62 81 63 92 32 4 90 68 24 43 17 29 97 36 76 11 45 47 58 59 49
58 40 73 7 26 78 19 51 21 72 95 59 13 6 23 96 56 51 38 71 65 99 34 74 32 24 58 75 43 40 6 60 80 29 20 78 66 77 11 32 18 93 20 64 20 12 58 63 15 13 66 0 91 88 70 89 44 91 24 33 41 84 22 31 7 86 4 71 63 57 33 72 86 98 30 36 70 17 68 68 4 67 60 96 22 95 93 2 91 83 61 92 29 96 32 0 10 0 10 25 17 96 38 78 62 35 27 96 48 29 93 0 14 21 78 90 1 63 69 80 79 63 56 17 61 63 23 59 32 96 17 52 90 37 61 84 56 62 21 97 16 63 9 0 47 0 42 42 47 28 63 62 14 71 6 59
3 42 91 12 99 28 43 99 5 89 21 66 55 18 39 12 97 68 54 71 29 71 67 57 14 41 37 77 76 78 74 95 60 93 25 15 81 92 50 65 94 85 98 23 83 25 97 87 74 89 2 46 38 59 52 3 71 83 94 37 44 74 44 1 100 15 25 72 80 77 32 91 31 80 36 91 53 23 76 61 11 34 75 82 94 89 33 37 85 47 22 78 0 30 7 42 6 78 91 12 79 4 69 2 11 88 51 60 42 46 74 14 0 72 98 91 50 32 67 67 46 40 41 70 62 14 28 62 94 28 7 3 69 56 11 8 53 82 17 30 46 19 70 33 58 17 84 89 47 0 15 44 93 36 91 40
81 93 22 77 35 85 91 78 80 54 22 65 43 5 53 56 90 26 99 36 79 63 67 88 31 1 81 24 36 95 1 25 69 18 95 94 26 95 89 93 99 90 22 58 95 0 86 74 3 90 9 21 86 91 75 72 2 68 19 98 8 58 24 97 55 52 97 24 26 71 85 64 80 96 26 32 90 68 2 83 76 44 32 83 78 9 11 77 78 100 16 78 24 42 50 57 33 1 18 41 96 90 97 52 18 99 66 75 98 88 40 21 72 0 70 59 13 63 58 50 47 80 30 88 79 26 6 64 99 30 10 87 52 39 29 71 16 50 14 21 42 84 55 7 47 44 77 28 57 23 66 56 40 95 93 84
29 65 42 67 48 96 27 7 60 30 93 13 53 53 89 14 75 39 49 17 26 61 31 56 43 73 95 83 66 58 36 0 98 28 92 51 68 7 13 77 52 49 24 1 80 33 89 57 61 77 15 8 66 65 51 49 8 3 10 30 94 90 56 97 65 16 98 56 14 44 26 0 72 5 17 17 41 96 57 80 40 55 25 6 14 57 100 94 53 51 10 22 87 83 28 37 48 81 45 16 50 30 1 93 84 93 34 41 58 21 60 78 98 70 0 99 90 73 21 7 7 51 99 56 92 8 37 17 63 32 98 21 48 47 66 19 19 81 64 80 95 78 7 65 59 10 73 58 38 75 0 16 30 87 72 37
71 40 2 70 85 98 96 79 12 67 71 47 18 30 67 80 61 43 37 0 60 22 11 22 64 62 41 56 30 11 19 92 23 92 83 42 4 63 84 7 79 1 71 33 53 86 61 57 93 80 23 56 100 21 24 98 81 31 51 52 65 6 70 91 1 5 52 88 82 33 88 71 61 37 60 53 8 17 82 27 11 21 57 1 1 34 14 79 74 19 79 89 0 35 16 96 15 14 93 12 42 26 75 47 9 99 38 82 83 40 53 90 91 59 99 0 23 29 16 41 96 41 55 14 81 96 78 56 99 73 92 17 81 26 32 52 35 65 70 91 49 32 35 35 68 24 11 16 96 69 67 51 19 62 52 28
20 11 14 58 4 6 62 41 93 70 30 66 94 37 57 93 45 96 46 79 62 96 36 40 67 93 40 28 78 47 50 7 66 35 15 86 74 77 30 80 2 66 56 68 68 0 0 36 48 49 78 60 80 8 62 37 18 14 83 33 53 53 26 31 79 75 9 51 22 52 30 40 12 74 85 67 23 25 78 38 50 78 14 72 76 76 56 38 6 77 80 83 43 24 60 39 78 71 85 2 78 78 0 94 28 37 7 18 73 55 31 1 50 13 90 23 0 26 49 99 21 46 21 75 86 35 68 59 95 82 84 81 22 81 6 60 49 46 37 44 2 7 59 3 56 51 13 15 15 87 38 68 57 2 71 84
68 90 76 15 91 52 75 35 68 85 26 14 77 47 6 27 55 73 76 76 8 40 77 61 19 32 92 86 52 37 42 1 97 51 51 29 52 17 38 90 96 59 48 48 19 94 31 41 60 96 75 75 31 56 52 82 28 30 17 61 57 93 49 96 54 52 65 71 22 20 98 24 78 77 90 37 24 73 51 32 96 34 33 40 38 38 70 86 71 96 97 20 63 47 75 82 71 79 71 7 25 43 91 39 44 56 44 58 94 93 94 63 32 63 73 29 26 0 19 34 10 36 18 73 41 91 56 27 64 19 48 64 55 51 100 32 86 54 83 65 40 74 31 38 36 7 8 38 71 34 19 90 5 59 78 21
54 40 91 84 27 30 82 86 71 51 15 51 25 26 88 90 46 17 1 57 16 12 16 27 25 88 76 5 86 15 87 68 70 53 59 57 97 24 20 33 13 51 2 41 49 63 59 68 66 43 20 72 65 69 4 43 23 49 88 71 67 50 31 35 77 9 78 28 54 22 87 72 13 42 46 45 70 18 15 0 94 41 41 98 81 32 68 41 57 86 67 34 34 92 54 97 13 30 40 35 78 64 3 26 95 8 58 55 81 67 29 69 67 58 21 16 49 19 0 22 46 63 44 20 13 5 64 86 1 61 41 8 3 30 55 15 69 53 43 85 20 30 90 6 96 27 22 6 35 31 90 100 63 55 9 65
97 99 31 83 56 10 83 78 41 19 92 0 66 33 100 43 94 5 57 46 80 1 31 46 62 40 80 20 87 46 96 63 66 63 71 62 44 62 72 19 87 87 1 31 70 16 1 96 31 3 86 28 32 43 39 24 16 35 85 51 2 27 83 33 26 91 17 61 34 79 6 51 94 41 43 84 44 55 81 11 34 39 91 50 99 47 38 63 64 45 67 46 25 89 79 23 85 46 71 75 58 31 27 12 96 35 82 55 22 78 6 80 67 50 7 41 99 34 22 0 6 84 61 12 73 25 49 59 51 76 60 3 62 57 59 48 12 0 31 68 72 54 33 83 53 87 5 4 85 5 32 83 42 45 6 84
43 4 10 64 38 57 96 78 1 40 7 87 99 99 82 2 85 24 79 58 18 14 71 32 9 84 71 43 61 47 43 24 80 35 0 1 49 55 92 61 54 56 65 32 75 76 92 27 25 95 19 60 68 82 44 57 26 48 88 51 59 59 22 58 92 43 22 47 20 40 32 86 92 9 13 95 12 52 82 71 27 72 93 72 0 88 49 65 65 77 64 5 5 63 40 77 92 49 43 83 67 7 46 90 94 36 15 53 92 93 33 79 46 47 7 96 21 10 46 6 0 6 64 57 11 10 43 42 53 43 61 72 35 82 10 61 46 93 31 31 81 81 91 39 3 91 45 83 4 38 45 69 100 71 66 11
51 62 3 42 50 80 92 21 99 92 45 71 11 83 42 90 49 58 92 73 59 97 92 8 14 53 55 71 17 78 24 71 51 25 100 76 6 85 95 91 1 72 77 20 64 27 9 20 45 62 46 57 48 76 14 32 57 34 70 36 67 76 39 63 72 77 32 80 72 60 34 41 22 7 65 74 19 46 39 57 9 14 95 27 23 76 35 18 15 49 98 25 28 86 8 35 6 51 15 93 42 27 40 18 12 82 24 47 55 95 49 63 40 80 51 41 46 36 63 84 6 0 98 11 90 76 56 87 52 41 90 49 10 15 10 35 43 8 35 29 4 59 8 15 63 75 34 20 60 1 70 76 5 58 67 87
35 66 90 87 59 7 75 36 0 73 1 2 41 84 42 19 10 35 52 25 13 88 78 74 82 57 60 44 43 61 30 56 14 7 83 37 37 70 50 86 34 40 49 18 77 6 4 63 52 67 81 64 90 57 63 68 98 3 50 26 73 8 34 46 60 41 42 87 91 47 24 48 28 37 79 47 93 28 59 43 82 36 2 60 27 19 61 70 32 69 53 64 67 40 36 32 42 39 94 27 7 43 77 23 88 4 39 30 99 17 51 56 41 30 99 55 21 18 44 61 64 98 0 68 63 0 41 33 91 88 99 26 2 63 64 85 46 62 8 91 0 53 8 37 74 41 17 44 84 16 7 56 62 41 33 40
45 81 88 97 85 89 44 61 33 96 98 80 56 73 83 35 97 22 67 32 60 86 52 77 18 67 65 39 42 81 23 21 84 73 98 36 76 43 13 92 1 18 24 95 51 54 81 91 40 86 23 48 55 74 71 32 17 82 74 91 89 79 76 48 77 53 7 73 71 70 28 34 28 47 96 19 3 81 67 44 63 63 68 19 82 37 73 13 45 26 61 69 0 46 27 46 26 53 7 75 67 82 57 31 40 49 23 77 74 7 4 17 70 88 56 14 75 73 20 12 57 11 68 0 87 55 46 16 26 51 45 53 83 52 91 48 4 99 76 64 27 64 24 95 91 74 82 0 13 23 70 84 94 90 88 92
3 58 83 56 32 56 88 10 17 21 68 19 35 68 40 79 24 68 26 12 22 73 43 27 34 60 49 24 37 74 38 13 67 68 47 86 98 86 66 27 21 100 69 88 72 73 49 17 66 52 17 51 11 22 0 65 27 89 62 93 24 32 89 7 19 70 76 56 31 63 17 64 33 10 40 80 34 95 99 90 89 52 38 83 7 77 70 76 54 76 58 27 30 5 59 99 29 20 45 80 82 51 19 42 35 81 36 83 85 0 0 61 62 79 92 81 86 41 13 73 11 90 63 87 0 84 50 82 48 21 44 89 70 11 88 38 3 40 60 10 59 74 99 18 91 99 69 7 60 75 15 44 56 93 26 74
83 0 60 50 89 19 48 51 16 9 2 90 82 68 0 27 46 6 67 5 8 29 25 92 48 67 7 50 69 10 54 12 8 54 86 97 38 63 11 83 66 75 96 16 72 87 26 56 6 91 57 54 63 13 83 16 35 31 30 14 53 63 23 98 57 93 70 70 80 28 35 17 15 57 56 45 46 95 32 21 86 94 63 72 93 32 11 39 39 31 70 87 59 35 78 60 71 60 34 84 56 21 32 15 91 71 57 62 36 1 90 63 14 26 8 96 35 91 5 25 10 76 0 55 84 0 7 34 26 95 57 37 98 47 82 100 100 73 91 73 45 14 11 58 80 92 92 81 60 27 49 73 30 90 98 62
96 38 29 37 32 57 24 25 89 5 30 45 59 11 14 56 25 29 11 47 27 91 77 3 15 10 53 27 99 62 70 15 16 24 32 98 92 47 31 81 98 69 25 27 65 50 56 71 71 33 98 85 27 88 14 51 79 1 57 73 42 5 92 17 8 37 33 66 55 54 75 0 92 96 4 95 26 1 80 28 2 82 56 42 42 13 47 27 22 48 100 39 79 100 40 18 97 24 24 94 98 15 28 55 28 93 66 48 30 67 64 23 28 6 37 78 68 56 64 49 43 56 41 46 50 7 0 16 31 43 79 24 23 27 82 93 77 27 19 6 7 68 28 42 67 44 16 59 42 91 35 98 29 70 11 22
77 97 28 69 65 62 3 38 88 75 100 55 71 44 85 41 14 28 49 4 32 30 28 57 36 88 25 47 83 58 51 51 43 57 4 41 41 8 41 44 29 39 7 60 42 68 35 22 31 31 72 81 97 82 68 96 68 41 37 38 30 13 67 36 13 67 73 79 54 1 41 81 19 83 12 66 69 42 83 0 76 48 92 57 59 81 32 31 11 0 14 14 14 77 70 8 8 45 61 97 72 77 66 67 2 94 43 98 5 18 85 59 62 64 17 56 59 27 86 59 42 87 33 16 82 34 16 0 7 96 60 80 76 25 26 53 13 48 16 26 91 66 74 59 38 92 37 4 76 67 95 48 97 78 30 47
79 69 37 69 99 60 11 93 50 95 83 18 39 91 15 51 86 73 22 59 67 22 76 91 27 47 28 42 100 16 46 71 87 36 64 87 28 21 9 74 46 38 36 99 26 29 82 56 36 83 8 83 82 82 65 61 44 10 76 97 93 37 46 25 1 96 53 86 66 64 33 97 96 3 88 12 69 61 41 35 14 0 100 25 51 20 81 41 97 34 1 49 52 4 32 39 25 49 12 30 78 9 0 91 51 59 0 77 40 79 61 32 94 99 63 99 95 64 1 51 53 52 91 26 48 26 31 7 0 62 42 72 20 72 5 64 30 5 81 76 7 92 45 68 43 98 45 16 91 48 85 58 45 46 14 68
33 81 40 3 72 23 46 89 35 41 31 44 69 59 32 34 50 57 39 2 44 36 3 76 5 25 44 65 13 24 37 97 3 87 49 96 49 25 35 21 72 55 49 56 48 10 23 85 0 87 71 98 29 97 41 14 31 80 31 6 0 38 62 45 1 79 48 78 99 97 90 21 53 31 5 80 16 63 71 73 36 54 6 69 88 57 39 12 61 42 10 69 98 70 34 19 32 80 35 6 65 84 95 85 77 5 34 11 14 18 95 96 28 30 32 73 82 19 61 76 43 41 88 51 21 95 43 96 62 0 93 21 63 79 62 70 52 77 90 80 27 0 77 58 70 57 61 24 35 59 33 46 54 38 64 19
40 31 55 63 59 41 77 41 72 53 41 52 51 12 38 99 71 16 59 76 8 34 10 13 52 66 96 56 39 7 24 40 62 65 50 4 23 0 47 84 27 74 28 36 64 5 16 47 71 12 2 20 70 33 50 67 76 84 21 18 85 15 7 74 68 71 14 25 53 39 44 40 30 16 77 10 49 14 63 96 84 91 45 34 35 58 49 72 50 13 7 68 60 26 100 47 35 57 80 99 69 28 91 83 48 19 37 96 2 58 71 17 7 10 98 92 84 48 41 60 61 90 99 45 44 57 79 60 42 93 0 40 8 24 81 94 66 67 22 57 85 99 35 10 50 67 7 62 65 25 73 16 9 67 61 89
42 68 66 36 59 48 57 19 56 99 29 97 63 46 43 67 91 97 56 15 94 46 99 81 32 94 33 57 84 74 5 66 96 9 16 56 51 5 0 13 62 60 90 32 83 13 20 86 19 91 64 4 94 86 52 76 60 84 27 0 65 28 56 49 86 52 0 63 80 14 28 81 34 65 62 80 8 41 34 82 68 40 75 94 38 69 18 83 45 43 40 84 22 55 61 71 48 29 53 0 73 67 9 53 49 78 6 56 16 17 44 52 3 87 21 17 81 64 8 3 72 49 26 53 89 37 24 80 72 21 40 0 8 69 31 58 60 96 95 58 83 99 47 70 11 50 61 79 44 20 3 94 20 77 55 71
21 82 62 6 26 89 6 58 23 20 62 77 20 57 47 30 50 69 77 90 37 85 96 4 38 100 27 28 50 60 97 83 76 60 57 93 53 67 54 9 21 80 87 24 20 99 74 29 82 73 5 28 59 35 12 48 61 48 48 88 39 42 30 8 62 72 4 42 93 58 54 89 93 63 70 37 48 18 19 45 51 16 42 96 52 46 6 58 29 91 37 48 75 98 67 20 30 27 57 37 87 37 64 4 74 14 80 31 73 98 93 90 69 52 48 81 22 55 3 62 35 10 2 83 70 98 23 76 20 63 8 8 0 74 80 87 59 35 16 62 74 23 68 93 80 23 36 72 52 86 21 15 83 98 27 82
6 47 44 82 36 53 93 71 66 25 49 64 39 88 96 93 4 74 64 28 51 90 54 32 15 27 6 67 29 89 28 3 52 4 60 85 80 75 36 61 37 84 59 32 68 56 19 13 16 84 44 87 99 29 46 49 75 16 17 79 57 76 47 94 31 17 19 47 38 75 84 15 38 51 71 98 98 41 4 8 54 74 16 12 79 38 66 15 97 71 74 17 25 84 32 88 72 84 24 54 17 94 63 61 33 78 44 5 57 67 23 37 56 39 47 26 81 51 30 57 82 15 63 52 11 47 27 25 72 79 24 69 74 0 53 85 92 89 87 87 36 60 10 53 24 27 89 65 27 84 93 89 58 75 83 74
18 74 75 51 56 60 22 61 7 54 42 40 13 51 94 19 35 6 46 75 18 17 68 4 29 49 29 39 92 23 32 21 88 15 92 67 2 92 51 64 8 71 37 28 79 62 46 33 92 83 27 34 18 9 60 21 41 79 7 86 76 13 77 12 37 79 13 71 48 27 18 65 23 20 96 97 52 100 40 31 80 24 6 56 14 8 75 72 94 36 22 21 46 33 57 19 63 39 11 51 14 71 80 76 74 16 96 51 23 36 48 61 11 29 66 32 6 100 55 59 10 10 64 91 88 82 82 26 5 62 81 31 80 53 0 45 96 83 45 12 89 57 74 92 94 53 41 49 79 28 52 47 90 36 20 82
93 3 90 19 55 50 27 46 75 3 76 54 92 22 53 73 56 70 65 27 74 80 60 20 56 57 98 37 51 1 20 34 39 98 85 58 13 25 61 68 85 56 65 35 23 17 79 7 45 81 97 52 50 100 62 3 96 64 67 40 94 30 61 17 54 61 86 3 93 46 1 2 68 23 18 2 7 17 73 31 47 86 54 11 34 42 44 15 11 44 26 96 21 11 29 20 100 17 91 34 4 56 37 81 88 19 68 80 72 89 62 84 8 71 19 52 60 32 15 48 61 35 85 48 38 100 93 53 64 70 94 58 87 85 45 0 53 60 8 86 59 37 62 26 6 67 30 95 1 21 22 0 45 82 1 54
94 75 16 59 11 45 88 98 51 91 26 16 10 12 2 94 48 20 39 47 48 93 19 17 22 31 21 0 62 75 81 32 53 26 17 9 49 65 61 7 40 60 23 63 45 92 42 84 24 89 82 80 28 3 57 30 88 53 39 66 31 45 45 33 17 27 67 72 22 88 42 50 24 69 76 49 86 18 99 60 71 30 42 98 45 51 71 83 90 90 62 21 98 62 50 58 55 71 88 9 68 94 77 37 53 82 23 29 45 21 81 56 53 16 19 35 49 86 69 12 46 43 46 4 3 100 77 13 30 52 66 60 59 92 96 53 0 52 38 0 2 37 38 61 23 26 97 59 73 6 79 33 7 50 22 87
67 45 30 37 78 99 24 57 74 73 63 12 35 80 94 77 97 71 44 52 44 13 5 4 15 85 81 97 15 49 51 48 62 11 39 86 66 44 58 40 86 0 96 2 21 60 7 40 48 74 46 57 12 55 98 68 27 96 33 100 36 69 78 31 69 4 21 50 48 6 45 76 7 98 20 29 56 67 0 18 49 10 62 48 32 60 92 67 4 76 62 62 14 97 89 94 80 40 34 29 63 49 19 49 31 67 27 4 36 40 63 62 82 50 81 65 46 54 53 0 93 8 62 99 40 73 27 48 5 77 67 96 35 89 83 60 52 0 73 54 20 16 10 21 59 98 16 3 81 54 54 70 77 58 31 72
63 32 29 90 90 0 0 61 78 89 33 70 74 18 0 66 60 48 41 20 87 2 89 45 26 31 84 85 96 66 15 33 55 64 26 92 75 13 25 96 17 54 22 83 65 19 61 43 18 96 7 2 81 96 77 22 65 54 64 35 66 68 1 98 33 55 62 45 77 50 18 0 11 39 76 40 22 11 52 58 40 87 69 56 56 53 100 52 17 35 82 78 71 21 33 79 79 63 69 43 37 74 14 2 47 51 20 46 99 33 92 21 17 14 64 70 37 83 43 31 31 35 8 76 60 91 19 16 81 90 22 95 16 87 45 8 38 73 0 41 73 52 81 68 89 90 75 43 43 84 37 86 20 40 55 68
60 27 23 62 14 2 70 11 74 20 30 80 76 89 41 36 92 35 3 7 10 84 6 97 94 89 67 7 54 17 80 59 35 38 68 29 29 11 66 42 98 18 51 62 35 77 34 11 72 46 6 38 22 2 3 84 51 82 89 52 18 35 61 1 37 64 45 6 73 34 31 8 97 57 42 89 82 26 49 67 37 93 9 35 34 44 84 56 63 81 80 64 19 9 100 90 56 66 41 96 54 88 79 23 63 93 66 51 16 40 32 97 30 21 80 91 44 65 85 68 31 29 91 64 10 73 6 26 76 80 57 58 62 87 12 86 0 54 41 0 49 36 80 88 14 71 70 33 26 9 70 59 17 35 52 64
21 37 62 49 17 8 38 30 19 14 89 15 14 72 78 77 47 15 15 16 82 17 87 55 47 18 81 50 15 98 48 94 59 74 15 13 53 23 26 19 91 48 24 30 86 74 4 15 15 38 6 29 1 52 14 88 45 40 9 93 26 18 15 29 1 0 50 57 35 57 2 94 37 89 91 4 45 5 94 58 13 82 49 65 24 76 84 48 85 46 86 27 6 56 20 97 89 16 63 52 71 62 95 78 90 80 40 20 65 37 4 16 46 42 95 49 2 40 20 72 81 4 0 27 59 45 7 91 7 27 85 83 74 36 89 59 2 20 73 49 0 42 52 48 69 36 12 79 27 85 64 12 18 10 43 35
70 18 2 5 35 85 81 91 61 92 44 23 99 88 44 82 88 48 16 78 61 22 35 60 83 88 9 14 3 33 53 73 81 71 53 7 50 95 55 40 43 42 82 99 98 39 38 50 70 28 50 42 37 91 96 37 81 29 22 64 94 38 9 68 25 35 31 21 35 100 22 70 37 73 38 49 76 17 15 32 89 3 1 3 6 76 38 97 24 86 36 13 33 75 76 73 44 42 13 38 57 54 42 7 72 3 57 2 35 5 90 63 19 84 78 32 7 74 30 54 81 59 53 64 74 14 68 66 92 0 99 99 23 60 57 37 37 16 52 36 42 0 24 37 63 93 79 91 44 55 93 97 49 4 99 0
9 16 2 6 38 36 87 5 86 71 90 15 55 1 65 5 98 72 3 84 81 76 12 14 10 14 54 63 8 86 87 95 31 47 18 70 12 89 50 85 16 73 38 95 92 49 9 96 25 40 91 57 87 44 33 67 99 61 29 68 32 93 40 68 42 23 89 92 22 92 16 33 74 67 14 34 40 26 22 60 81 36 52 48 81 100 62 77 74 14 7 79 8 58 90 94 54 63 17 30 94 49 19 22 83 85 75 21 44 94 68 9 70 55 7 35 59 31 90 33 91 8 8 24 99 11 28 74 45 77 35 47 68 10 74 62 38 10 81 80 52 24 0 92 7 31 66 73 55 67 18 33 43 46 78 82
94 100 70 98 83 10 73 58 44 66 82 79 49 14 45 87 99 54 97 41 60 19 45 43 26 28 62 45 0 95 32 56 72 82 8 17 91 24 19 56 92 76 25 44 19 18 63 74 100 70 50 38 32 52 74 23 56 23 82 38 66 13 68 53 68 88 92 1 77 55 72 96 21 1 21 86 18 58 77 22 25 46 73 41 51 67 45 64 14 51 82 57 82 89 27 35 85 87 35 81 58 91 99 64 28 79 63 95 61 76 24 0 33 7 65 35 3 38 6 83 39 15 37 95 18 58 42 59 68 58 10 70 93 53 92 26 61 21 68 88 48 37 92 0 71 31 64 97 96 40 29 77 11 63 21 31
43 58 67 87 54 57 56 88 17 48 13 31 43 53 74 95 40 14 57 73 20 29 64 62 39 2 3 82 1 69 0 68 79 37 13 72 52 95 25 55 41 88 11 73 48 71 39 39 6 25 96 20 100 25 92 53 93 74 62 39 63 68 65 56 47 59 35 53 61 67 36 49 26 27 55 65 55 36 47 9 6 47 55 0 20 92 61 26 18 87 87 1 75 61 64 70 22 20 21 87 7 43 73 38 12 62 75 74 51 84 43 47 58 47 59 68 56 36 96 53 3 63 74 91 91 80 67 38 43 70 50 11 80 24 94 6 23 59 89 14 69 63 7 71 0 87 85 12 97 69 18 83 71 72 49 46
65 72 78 97 76 17 89 28 21 91 93 87 84 69 83 13 20 51 35 30 12 58 75 11 67 79 98 38 10 84 84 15 15 100 3 57 78 31 64 72 72 63 24 29 61 73 47 20 55 14 82 58 21 9 25 72 90 89 58 77 64 16 98 76 67 95 52 68 33 77 56 50 52 76 71 99 25 58 26 4 12 12 61 32 78 30 84 20 71 6 87 65 40 86 77 82 39 1 93 87 77 74 41 20 33 18 8 65 97 92 17 0 17 44 10 24 51 7 27 87 91 75 41 74 99 92 44 92 98 57 67 50 23 27 53 67 26 98 90 71 36 93 31 31 87 0 14 41 32 92 35 45 71 30 78 34
73 24 85 33 42 10 55 0 95 4 96 39 94 72 8 93 38 13 90 13 38 68 32 98 35 89 77 85 32 77 55 52 26 99 47 56 18 77 70 0 58 100 20 71 9 100 79 94 84 46 8 36 64 19 38 5 77 8 43 41 0 21 52 72 26 64 73 19 95 28 10 80 34 95 12 68 5 6 39 13 53 66 69 2 8 42 7 86 87 45 6 10 81 87 66 53 69 39 68 11 1 12 57 96 7 84 36 28 63 52 29 42 84 77 73 11 13 8 22 5 45 34 17 82 69 92 16 37 45 61 7 61 36 89 41 30 97 16 75 70 12 79 66 64 85 14 0 95 73 75 71 56 98 72 20 4
71 93 50 42 2 74 73 7 56 11 75 91 17 50 61 26 96 20 74 43 41 74 32 5 57 44 33 91 33 82 64 21 21 89 21 12 1 15 63 77 36 50 8 100 54 60 49 42 40 87 24 24 7 45 76 28 58 20 9 80 98 51 42 17 95 72 88 40 15 74 79 4 80 10 10 56 55 14 40 55 85 92 55 57 38 95 5 79 4 54 24 72 18 95 82 63 21 29 90 98 74 68 21 28 89 46 75 75 23 76 97 42 89 28 58 16 15 38 6 4 83 20 44 0 7 81 59 4 16 24 62 79 72 65 49 95 59 3 43 33 79 91 73 97 12 41 95 0 71 68 40 82 77 11 13 73
25 50 56 48 57 85 26 42 23 32 19 34 88 97 88 83 9 15 45 84 13 89 59 21 100 76 34 1 36 22 53 72 3 11 54 90 80 74 36 87 78 32 38 38 85 61 24 2 12 31 37 59 5 78 44 53 56 8 90 75 64 99 73 90 65 30 74 87 98 83 92 85 58 86 74 97 77 45 92 25 77 62 12 65 32 64 7 95 99 10 5 95 25 65 20 22 69 53 12 47 95 76 20 8 47 32 62 35 98 60 36 47 47 57 38 96 15 71 35 85 4 60 84 13 60 60 42 76 91 35 65 44 52 27 79 1 73 81 43 26 27 44 55 96 97 32 73 71 0 92 68 73 34 26 66 30
62 10 43 47 32 76 68 56 32 78 25 6 47 0 1 71 58 80 26 67 30 8 71 92 1 50 49 94 50 13 99 16 99 72 99 1 42 98 21 4 71 78 30 70 82 24 28 49 12 63 23 40 43 4 15 53 36 49 85 17 1 59 8 24 31 10 19 90 20 67 76 40 19 3 66 56 63 4 55 90 100 67 1 10 85 75 26 97 14 71 6 41 29 24 93 80 6 92 22 49 6 15 7 24 53 70 3 64 90 71 76 28 0 23 75 69 87 34 31 5 38 1 16 23 75 27 91 67 48 59 25 20 86 84 28 21 6 54 84 9 85 55 67 40 69 92 75 68 92 0 65 66 24 74 24 20
90 36 64 68 3 4 82 45 80 76 2 18 8 79 31 65 56 49 15 85 46 59 71 18 0 85 66 79 57 97 82 32 73 89 75 18 62 3 5 93 61 85 59 94 30 95 53 71 24 75 45 29 50 18 43 98 47 68 44 97 73 36 37 6 64 97 0 96 32 3 41 55 15 65 82 90 61 20 62 30 94 31 94 87 62 23 7 20 67 26 2 99 38 47 21 57 22 79 96 23 89 80 12 68 99 0 86 55 91 97 11 63 15 66 0 67 38 19 90 32 45 70 7 70 15 49 35 95 85 33 73 3 21 93 52 22 79 54 37 70 64 93 18 29 18 35 71 40 68 65 0 12 79 43 56 27
77 36 29 1 92 23 61 46 34 97 80 40 92 6 31 81 66 28 80 45 79 12 25 52 29 28 91 49 40 91 63 13 55 4 24 0 84 50 79 55 4 28 32 53 36 48 71 14 32 93 17 7 63 63 44 58 83 27 60 15 55 3 42 61 41 70 28 88 67 86 45 53 42 0 71 13 35 95 45 9 72 53 21 60 47 53 3 100 46 61 0 29 44 9 82 8 93 21 64 45 56 43 8 69 4 46 35 60 59 40 45 62 44 56 16 51 68 90 100 83 69 76 56 84 44 73 98 48 58 46 16 94 15 89 47 0 33 70 86 59 12 97 33 77 83 45 56 82 73 66 12 0 99 39 20 34
84 49 96 21 100 64 90 9 14 22 41 75 40 67 63 13 21 17 74 92 53 32 91 6 42 66 4 76 53 12 14 50 78 76 31 73 23 8 79 33 25 36 78 10 10 97 29 20 6 78 46 57 40 14 7 8 9 43 36 64 22 23 31 69 22 24 31 68 16 37 61 38 97 70 43 72 50 71 81 37 0 42 10 12 85 84 41 99 58 23 83 88 69 5 48 58 31 60 77 60 88 0 99 84 26 51 23 3 6 94 47 14 93 40 30 19 57 5 63 42 100 5 62 94 56 30 29 97 45 54 9 20 83 58 90 45 7 77 20 17 18 49 43 11 71 71 98 77 34 24 79 99 0 83 58 92
9 62 75 67 4 82 8 3 100 24 32 11 13 60 49 79 50 65 63 72 79 71 55 76 42 64 9 80 62 3 17 43 82 61 2 38 12 76 8 29 92 22 8 92 51 90 68 19 73 68 100 84 14 20 77 45 42 16 32 25 38 38 42 51 48 25 74 20 27 71 17 21 54 28 83 30 15 92 30 92 77 20 67 69 50 72 70 15 85 31 98 24 84 25 38 86 48 95 66 73 24 39 95 12 22 16 92 83 22 0 58 71 36 95 87 62 2 59 55 45 71 58 41 90 93 90 70 78 46 38 67 77 98 75 36 82 50 58 40 35 10 4 46 63 72 30 72 11 26 74 43 39 83 0 68 6
84 2 64 9 0 59 53 17 89 54 7 69 23 34 53 94 86 9 92 76 75 18 63 48 16 36 100 51 4 88 69 89 81 17 93 95 11 94 79 94 44 55 37 76 28 83 44 46 63 75 45 57 68 25 4 57 13 14 60 58 62 98 75 49 53 80 56 76 48 26 22 12 54 44 87 66 37 7 35 53 69 72 15 52 54 44 62 86 2 95 40 73 10 53 95 16 67 59 0 27 67 46 74 49 72 0 80 76 86 10 59 6 91 93 72 52 71 78 9 6 66 67 33 88 26 98 11 30 14 64 61 55 27 83 20 1 22 31 55 52 43 99 78 21 49 78 20 13 66 24 56 20 58 68 0 9
100 14 19 81 19 70 52 27 66 29 80 16 28 25 14 97 64 61 36 55 30 25 4 78 52 77 76 37 70 23 43 43 8 51 41 64 42 39 60 86 13 45 20 52 72 62 27 91 97 47 56 45 82 71 43 43 50 75 76 9 29 6 2 33 49 99 75 67 37 97 79 69 19 87 85 19 32 75 70 4 70 11 13 66 56 59 23 6 61 73 6 96 4 78 26 33 60 70 68 100 16 46 22 73 61 51 22 46 27 48 49 59 40 84 37 28 84 21 65 84 11 87 40 92 74 62 22 47 68 19 89 71 82 74 82 54 87 72 68 64 35 0 82 31 46 34 4 73 30 20 27 34 92 6 9 0
