160 9
57 91 23 92 99 78 8 31 2 56 18 34 53 42 31 52 87 25 41 16 20 48 57 69 81 57 30 18 5 38 17 25 98 71 92 88 12 51 97 89 48 31 93 89 5 93 56 36 80 30 18 76 62 30 6 27 45 41 63 12 98 66 73 23 94 24 91 92 14 11 9 54 64 57 27 32 26 55 17 16 100 42 31 7 4 65 71 43 39 80 25 33 62 44 32 87 11 57 3 33 89 62 89 19 99 14 10 19 40 8 95 58 9 34 90 71 94 77 67 23 99 77 34 5 7 98 35 70 26 57 5 75 71 36 17 26 80 47 54 9 52 87 23 74 2 33 70 66 43 12 62 41 97 42 100 28 53 52 90 46
0 73 1 57 83 99 52 9 71 59 99 23 83 1 20 71 87 78 31 69 95 93 17 9 52 0 71 64 91 51 60 97 86 38 52 71 69 24 80 99 98 100 38 93 52 48 33 11 11 16 37 82 49 11 30 56 64 55 74 56 1 78 63 45 66 13 31 77 60 57 82 64 22 89 8 47 22 23 80 13 52 75 89 67 67 1 92 24 38 5 40 34 72 80 100 34 11 45 82 90 59 82 45 88 68 88 47 46 69 27 89 16 26 91 65 14 13 86 87 25 79 86 0 6 86 83 51 11 62 55 14 84 63 43 74 51 47 21 71 11 25 57 60 65 16 28 63 21 90 92 21 36 21 27 43 33 82 69 28 55 39
73 0 21 87 72 27 53 96 79 96 98 81 24 55 42 44 6 90 93 80 84 92 50 78 16 36 53 13 44 11 20 65 76 59 45 61 36 56 37 96 82 97 67 39 97 10 32 80 69 68 78 24 55 18 70 72 32 20 88 66 52 27 75 79 70 30 60 25 15 9 63 100 80 62 35 96 6 79 78 26 33 31 25 50 100 93 8 24 85 4 61 43 86 85 70 86 25 41 54 49 73 19 54 17 96 71 19 91 73 36 69 44 6 76 70 39 66 91 3 95 12 28 87 17 87 80 25 93 12 6 40 25 13 28 37 67 60 34 85 94 23 84 94 67 52 76 51 93 96 85 98 56 13 17 76 51 86 12 96 0 37
1 21 0 36 13 20 1 64 46 54 66 42 53 12 87 53 92 73 9 77 37 75 25 74 90 80 43 47 43 68 46 47 4 43 2 20 16 34 94 88 62 32 29 51 50 83 97 91 78 86 55 33 7 65 24 77 19 0 77 66 38 19 10 39 70 72 20 14 39 39 46 60 3 32 34 40 38 3 71 59 33 56 85 87 72 73 74 2 36 14 59 93 81 68 34 68 82 67 76 40 41 79 40 45 99 30 3 36 73 65 94 72 73 89 0 13 100 40 75 88 64 65 32 12 21 61 34 55 88 24 59 56 43 71 18 36 82 2 23 46 95 25 93 99 81 19 17 22 52 32 32 84 82 41 2 75 19 77 7 87 61
57 87 36 0 78 43 1 26 53 77 54 75 74 71 71 65 1 40 89 74 60 60 82 90 72 98 92 77 29 32 21 41 15 37 18 30 73 55 64 94 26 86 37 89 66 85 38 91 94 96 13 47 65 26 2 38 76 96 44 20 1 92 16 54 30 47 67 54 87 66 53 25 83 92 45 85 55 47 61 82 27 80 61 28 12 70 3 8 24 77 62 19 6 27 72 14 76 11 6 65 26 40 97 96 21 97 30 61 48 40 63 61 64 70 88 56 83 74 41 78 4 55 86 70 19 22 21 20 32 2 83 79 73 57 74 0 83 17 82 94 91 70 98 0 26 57 85 80 95 91 7 18 58 68 89 54 59 59 79 91 41
83 72 13 78 0 79 82 84 33 25 95 4 32 23 27 90 37 45 90 25 40 67 38 31 55 59 30 34 57 97 83 22 59 40 32 1 16 26 88 76 99 88 65 31 57 7 85 51 8 44 70 19 14 38 69 64 48 81 7 50 84 54 64 52 13 40 82 87 30 72 75 52 25 29 89 34 90 50 0 93 21 0 45 77 68 82 43 11 52 73 84 77 88 47 62 71 72 100 14 14 81 20 63 10 76 81 60 83 75 50 62 20 39 56 98 6 47 41 76 66 88 93 89 87 26 21 37 46 58 67 68 72 25 33 11 66 4 33 5 29 68 82 72 94 35 95 72 86 38 32 97 14 76 72 3 31 90 3 84 96 47
99 27 20 43 79 0 66 63 20 54 86 16 87 87 3 87 1 36 46 64 8 27 94 24 24 26 12 24 84 11 69 93 71 86 64 24 21 90 10 85 78 16 77 53 78 87 61 6 93 58 59 52 5 28 95 27 5 2 58 82 100 61 4 20 92 43 72 69 76 97 46 29 98 10 22 62 51 50 74 37 71 66 74 73 34 99 38 99 76 77 52 76 95 100 96 6 23 60 25 3 24 22 30 65 87 100 79 14 12 18 58 68 66 29 61 60 10 82 23 0 85 22 8 61 28 43 98 0 65 36 53 59 40 70 22 12 9 81 72 36 16 59 44 4 31 19 17 50 7 43 79 27 22 83 41 55 44 99 63 20 55
52 53 1 1 82 66 0 74 98 1 94 56 0 46 7 36 11 30 58 10 81 62 96 1 6 58 61 17 11 35 48 82 76 19 21 18 19 0 12 94 69 76 20 9 1 10 82 74 73 7 27 85 24 49 49 35 46 2 49 82 29 44 79 71 16 82 10 82 94 70 92 92 25 56 71 19 67 82 75 81 49 81 54 29 12 43 72 97 79 18 86 76 11 66 93 61 4 7 32 75 15 50 84 91 70 13 85 21 53 82 30 82 73 77 70 43 19 13 50 29 30 77 86 26 43 5 70 29 10 14 82 98 59 88 1 1 100 75 44 75 56 42 11 72 47 80 10 24 96 35 77 26 58 100 70 78 5 44 31 65 12
9 96 64 26 84 63 74 0 30 34 65 26 62 26 8 73 88 26 68 6 100 89 27 74 93 65 87 89 61 70 49 3 9 56 50 31 75 55 3 85 53 9 59 99 89 63 25 83 85 60 30 85 81 37 2 27 5 45 60 19 75 81 24 93 37 65 64 72 46 53 6 61 30 41 34 84 61 28 11 73 100 16 70 26 15 40 71 37 46 43 51 85 74 63 90 31 61 27 43 31 30 75 35 21 22 69 83 28 24 19 62 72 21 49 43 43 56 68 54 83 74 93 98 62 70 19 21 4 19 95 3 1 30 84 99 37 15 65 25 84 96 80 61 12 48 29 89 77 54 94 60 94 80 67 89 81 66 34 73 80 73
71 79 46 53 33 20 98 30 0 15 16 74 98 18 92 44 51 14 52 39 58 31 63 53 53 79 54 48 96 78 60 13 92 87 93 56 34 89 98 82 13 86 71 45 85 3 22 90 31 49 84 79 6 70 99 35 39 12 25 79 33 53 52 51 69 24 77 98 40 31 40 88 38 6 85 82 16 85 56 8 59 50 45 58 16 46 100 39 24 39 45 95 44 44 18 25 78 49 48 72 3 92 86 33 75 49 4 38 94 61 83 50 6 5 53 21 100 33 71 92 73 49 21 53 18 41 85 48 96 66 51 88 56 79 45 14 77 9 54 40 9 63 62 10 27 11 63 1 20 46 78 25 84 4 6 8 79 43 53 84 76
59 96 54 77 25 54 1 34 15 0 3 65 84 73 4 82 22 5 69 42 75 0 72 7 59 38 20 58 87 71 27 49 9 56 89 32 50 92 41 43 76 66 75 55 82 92 35 12 70 100 8 1 83 64 90 60 14 87 79 93 81 17 58 3 7 100 31 56 2 30 30 38 23 51 5 48 63 60 22 93 31 64 41 37 67 62 7 10 94 90 6 1 89 67 69 86 34 62 30 54 24 2 41 12 13 67 2 5 93 63 86 10 58 26 70 70 47 95 20 45 39 53 37 57 70 17 18 45 93 88 4 49 0 0 42 38 63 0 83 3 17 63 43 96 62 84 41 22 3 29 64 55 74 65 99 17 43 100 24 46 95
99 98 66 54 95 86 94 65 16 3 0 60 3 39 49 75 45 71 54 32 29 6 81 49 88 46 80 88 32 53 59 42 39 78 83 4 86 42 67 63 69 7 22 2 44 26 75 3 85 25 32 81 4 61 42 31 29 15 21 3 44 56 31 57 9 53 23 73 46 24 39 40 12 14 22 55 22 100 2 63 24 75 52 11 1 99 38 88 56 17 24 79 30 46 59 35 64 42 55 79 75 82 48 71 91 43 68 71 73 7 40 5 84 94 75 40 98 57 56 28 83 8 62 32 17 12 7 0 84 41 59 15 60 95 70 89 69 33 28 77 81 42 44 89 14 100 41 49 45 77 35 26 38 74 70 51 98 51 17 30 79
23 81 42 75 4 16 56 26 74 65 60 0 84 55 78 51 18 27 48 71 24 35 17 14 36 93 58 42 53 36 79 69 62 82 1 96 83 41 43 59 65 18 75 77 55 91 29 44 45 16 59 89 35 96 72 3 84 75 70 49 34 49 17 0 15 81 58 99 81 29 59 10 20 32 51 62 67 87 17 15 64 68 1 40 6 77 32 16 11 45 31 48 23 32 94 43 37 47 26 27 33 39 40 84 35 14 24 91 38 95 0 43 41 64 16 22 85 22 81 68 49 53 66 35 8 97 1 44 37 95 81 40 98 62 84 75 57 58 25 35 69 58 56 29 16 78 48 27 6 89 46 66 26 96 9 59 5 35 84 69 83
83 24 53 74 32 87 0 62 98 84 3 84 0 2 94 48 17 89 73 11 74 51 23 93 28 71 93 0 41 87 47 62 86 65 29 46 45 39 36 46 0 10 62 98 63 84 1 73 49 42 69 9 82 82 47 0 55 45 87 56 79 87 53 73 54 73 19 31 100 59 36 17 86 91 57 15 39 78 62 40 4 13 64 34 85 49 62 40 22 65 34 79 3 78 74 10 23 57 96 0 38 64 26 53 50 89 62 68 81 32 66 49 29 38 15 31 99 76 42 9 78 2 65 16 45 3 78 43 68 2 77 63 62 93 20 5 3 59 2 10 0 11 7 53 54 11 0 82 38 94 77 58 75 54 11 12 97 40 59 90 86
1 55 12 71 23 87 46 26 18 73 39 55 2 0 60 85 93 12 41 85 73 50 28 39 76 34 80 96 57 45 44 43 82 36 79 60 56 23 42 79 53 3 21 60 70 32 28 23 15 34 55 14 63 92 5 36 56 77 47 6 73 78 20 91 73 8 41 50 22 91 37 94 80 89 89 63 11 53 78 87 2 88 12 13 91 39 3 60 30 17 96 92 31 2 32 79 8 95 89 89 39 0 21 51 65 14 72 18 54 2 97 33 63 2 62 91 57 99 34 12 91 43 67 39 42 62 47 49 96 72 41 5 0 87 27 78 74 24 68 17 16 86 61 31 17 2 40 50 72 86 18 16 91 65 76 72 49 6 33 24 5
20 42 87 71 27 3 7 8 92 4 49 78 94 60 0 9 18 75 70 40 35 83 17 13 64 77 94 72 55 1 45 42 22 64 19 56 7 40 15 10 28 63 28 70 32 79 27 29 31 1 30 48 4 51 70 61 40 38 56 33 54 43 72 38 74 20 11 57 80 21 0 95 54 74 78 68 40 80 40 4 84 86 88 32 7 44 81 97 79 57 3 3 38 42 70 96 13 86 25 83 74 90 86 66 60 88 74 38 66 47 11 10 2 35 21 37 97 95 54 3 89 76 43 13 85 1 95 43 80 5 67 42 100 85 68 40 30 54 39 58 60 29 83 82 62 52 58 96 17 94 87 70 69 1 47 55 65 48 99 60 3
71 44 53 65 90 87 36 73 44 82 75 51 48 85 9 0 59 51 48 77 14 65 3 96 5 44 35 85 80 38 87 69 40 52 23 28 14 95 53 30 50 20 2 11 31 88 9 87 83 5 39 4 85 17 36 79 47 73 98 29 64 38 87 52 95 44 21 98 14 82 83 77 18 86 41 6 69 27 27 43 17 76 79 3 60 59 81 70 43 90 3 66 62 93 63 9 24 43 27 45 8 58 28 53 19 69 82 56 24 18 99 62 75 28 13 20 25 94 27 39 84 76 80 34 22 20 97 85 46 59 73 67 76 5 95 93 58 24 81 32 69 2 88 78 6 66 56 36 76 44 69 53 11 29 38 65 16 58 7 20 57
87 6 92 1 37 1 11 88 51 22 45 18 17 93 18 59 0 55 46 99 88 52 60 35 50 21 96 94 51 24 89 24 90 43 62 26 51 27 24 85 62 12 9 84 39 82 83 63 53 21 55 18 17 12 37 81 76 85 57 20 81 46 62 55 65 48 0 73 32 32 85 66 23 44 6 41 89 7 78 66 35 8 81 97 64 53 72 57 16 25 72 40 24 18 86 98 40 37 62 91 3 55 5 7 12 30 83 3 3 7 59 64 0 27 11 63 0 19 85 19 74 63 74 83 64 38 73 36 15 43 56 87 1 58 41 34 40 27 37 13 27 73 69 85 14 58 21 20 42 33 91 17 1 83 51 16 54 0 64 90 70
78 90 73 40 45 36 30 26 14 5 71 27 89 12 75 51 55 0 45 43 78 99 3 78 50 95 3 66 57 15 60 49 76 27 7 69 43 52 82 14 84 39 74 22 95 55 57 7 0 27 46 72 10 78 96 5 81 67 24 62 70 8 16 38 15 71 97 9 1 79 19 60 98 49 25 61 92 45 36 43 84 26 54 39 44 100 81 59 87 57 92 39 23 33 88 75 28 19 92 67 35 38 7 51 85 48 8 93 20 13 41 67 42 67 70 89 91 60 89 29 3 52 18 82 11 5 14 53 40 39 52 26 84 90 57 6 12 85 64 58 51 39 39 14 32 19 16 51 73 65 54 88 88 45 46 54 44 61 38 24 27
31 93 9 89 90 46 58 68 52 69 54 48 73 41 70 48 46 45 0 39 9 84 39 98 100 13 42 8 26 13 51 96 21 79 24 81 64 87 83 87 77 40 16 74 53 85 57 98 20 30 85 75 28 19 90 86 98 29 59 95 52 71 36 68 79 35 73 96 16 67 27 95 12 75 94 44 68 65 60 79 22 16 73 62 26 14 30 33 43 14 85 99 59 43 83 23 61 82 24 8 91 35 3 37 53 96 87 60 3 13 3 9 36 30 54 78 61 51 95 46 42 53 93 24 71 24 32 54 34 43 49 48 99 88 78 45 7 24 15 78 63 41 80 54 21 92 87 65 6 41 0 12 51 70 26 8 54 57 15 38 54
69 80 77 74 25 64 10 6 39 42 32 71 11 85 40 77 99 43 39 0 51 9 7 82 47 72 47 74 56 29 55 48 24 80 65 17 23 35 9 82 93 64 32 49 21 55 33 48 7 61 17 1 2 63 23 56 23 89 49 59 82 74 6 91 32 65 100 91 21 35 94 55 78 50 54 52 97 79 59 90 91 43 16 11 40 2 3 88 16 65 81 28 17 97 76 81 76 76 96 14 43 54 34 21 46 30 33 20 42 71 13 50 3 1 12 79 99 75 7 81 71 99 13 80 46 72 79 75 14 11 1 27 1 40 26 20 48 3 55 14 58 49 84 41 65 33 3 75 77 12 9 91 30 25 37 52 92 37 3 60 15
95 84 37 60 40 8 81 100 58 75 29 24 74 73 35 14 88 78 9 51 0 3 80 31 70 100 21 42 52 47 66 97 96 88 82 70 7 96 82 55 100 89 99 95 87 94 97 40 90 7 51 93 2 23 50 73 94 86 10 96 83 66 74 77 3 64 60 50 33 45 39 28 44 54 83 12 38 90 30 92 40 95 24 28 91 72 78 58 50 12 97 36 53 31 82 51 36 31 44 7 92 1 24 15 100 79 17 55 71 10 18 59 79 19 74 27 12 75 88 83 100 70 62 83 60 64 67 44 21 54 64 23 68 13 2 34 48 42 49 35 17 98 100 89 95 72 20 47 79 97 54 92 9 36 98 67 99 11 100 62 50
93 92 75 60 67 27 62 89 31 0 6 35 51 50 83 65 52 99 84 9 3 0 15 7 84 36 80 86 22 75 48 94 15 17 15 57 83 45 9 55 57 4 19 64 18 10 48 32 41 94 42 31 72 84 94 38 7 67 31 84 51 31 7 39 59 4 29 93 71 6 59 82 82 71 7 35 20 89 70 6 100 95 59 63 53 83 53 76 96 49 44 67 1 100 34 73 54 8 77 40 34 3 32 53 11 15 32 94 67 58 90 49 68 43 93 92 1 65 90 20 24 98 27 49 60 36 65 68 96 13 67 52 44 16 57 47 28 46 80 46 41 17 82 13 68 16 99 89 83 28 87 30 92 73 14 74 56 16 64 66 49
17 50 25 82 38 94 96 27 63 72 81 17 23 28 17 3 60 3 39 7 80 15 0 29 32 21 99 72 41 88 100 0 54 55 61 4 87 69 15 74 83 100 20 41 11 59 72 64 76 82 98 78 62 50 83 27 0 53 2 18 48 75 79 54 74 54 10 4 1 95 92 79 79 77 51 56 20 89 52 31 74 51 37 9 62 64 45 83 5 19 86 8 12 10 77 0 32 94 17 60 97 49 95 30 99 62 71 62 29 79 41 77 63 100 91 97 1 13 52 82 21 77 83 39 13 57 2 84 82 79 27 72 15 53 99 88 53 62 26 29 64 79 87 43 54 47 10 33 62 3 51 89 62 32 79 7 36 71 78 0 19
9 78 74 90 31 24 1 74 53 7 49 14 93 39 13 96 35 78 98 82 31 7 29 0 96 77 23 95 89 45 70 28 60 56 16 24 83 49 35 52 74 21 14 79 95 60 31 18 88 34 98 21 82 68 4 52 74 2 5 64 6 61 9 6 36 58 16 53 99 89 24 50 37 95 97 88 13 25 85 26 51 2 1 25 32 41 91 89 36 42 76 65 96 78 68 10 93 35 22 4 76 56 5 12 66 7 51 38 4 5 5 68 26 68 71 80 56 8 78 66 19 18 100 82 59 62 95 55 35 2 76 35 67 27 9 34 97 65 60 47 8 34 46 65 25 42 71 6 44 26 12 77 39 2 28 52 16 30 42 15 49
52 16 90 72 55 24 6 93 53 59 88 36 28 76 64 5 50 50 100 47 70 84 32 96 0 98 6 18 39 63 3 63 35 46 25 83 16 73 51 11 68 21 42 24 83 88 8 69 22 42 23 48 71 87 47 58 40 49 19 37 10 51 51 27 49 55 72 98 16 55 31 85 14 34 81 35 54 54 96 84 21 69 35 63 26 12 62 4 45 38 64 60 67 99 64 31 3 31 14 76 59 87 5 72 87 95 77 57 73 77 74 93 81 39 5 57 83 80 71 2 16 8 72 79 76 82 90 42 6 75 30 56 62 21 69 4 89 11 73 73 28 25 23 0 58 46 74 74 87 70 85 63 48 8 1 57 14 18 30 27 9
0 36 80 98 59 26 58 65 79 38 46 93 71 34 77 44 21 95 13 72 100 36 21 77 98 0 56 83 39 51 38 70 61 76 38 26 57 57 99 96 86 23 64 95 47 95 79 24 46 66 72 43 95 90 25 62 16 43 44 17 79 27 80 15 29 32 60 76 90 55 53 75 32 89 48 17 97 46 75 19 47 78 53 69 0 53 44 99 54 14 63 35 21 17 44 61 71 73 71 28 50 15 34 45 62 25 46 44 48 54 56 99 64 15 23 34 93 33 33 19 16 78 35 24 92 12 78 12 2 44 36 17 97 53 71 39 92 92 41 94 27 100 72 14 91 72 17 97 13 1 96 45 22 3 6 55 61 27 42 89 81
71 53 43 92 30 12 61 87 54 20 80 58 93 80 94 35 96 3 42 47 21 80 99 23 6 56 0 37 19 66 27 72 0 3 51 95 66 48 0 90 54 30 56 10 46 13 74 28 77 33 97 71 49 98 74 21 83 21 22 54 73 100 30 83 32 62 28 8 75 65 15 46 93 90 43 3 78 98 70 15 72 48 16 36 15 40 72 80 70 57 60 73 61 17 97 97 96 75 69 97 77 46 18 65 50 78 40 20 48 87 56 59 34 55 7 53 92 47 87 56 66 22 98 66 54 39 52 11 39 59 72 94 0 74 43 88 99 8 18 60 57 63 7 97 68 15 97 99 61 15 13 27 69 79 55 85 38 36 54 2 46
64 13 47 77 34 24 17 89 48 58 88 42 0 96 72 85 94 66 8 74 42 86 72 95 18 83 37 0 43 86 82 60 72 32 93 92 31 52 39 11 76 40 82 88 71 56 74 86 76 10 47 81 31 56 90 81 58 95 39 7 87 66 4 84 10 100 34 26 41 11 81 87 45 68 89 14 0 47 16 68 94 71 50 15 52 27 1 74 33 30 27 73 100 49 29 38 63 8 14 21 23 93 96 9 10 47 91 14 38 31 88 66 53 13 77 70 60 28 99 74 17 36 59 36 74 61 46 88 94 24 2 90 67 43 26 64 56 61 78 72 31 6 100 63 45 87 26 46 77 30 37 43 19 71 26 19 75 32 62 1 65
91 44 43 29 57 84 11 61 96 87 32 53 41 57 55 80 51 57 26 56 52 22 41 89 39 39 19 43 0 41 46 12 53 97 27 11 84 85 26 58 12 30 54 34 11 92 28 78 89 80 23 15 94 67 59 89 86 60 85 77 79 34 15 10 32 9 15 14 20 81 19 4 40 34 23 79 81 24 79 94 81 88 46 70 70 57 57 12 68 11 50 32 36 9 0 4 51 30 8 41 77 72 64 16 71 15 55 42 90 99 26 83 55 36 92 56 71 48 84 5 92 53 79 54 78 58 79 46 56 46 76 55 63 21 13 72 15 26 61 56 32 70 85 13 17 74 24 34 46 99 49 79 48 29 87 88 73 81 70 10 42
51 11 68 32 97 11 35 70 78 71 53 36 87 45 1 38 24 15 13 29 47 75 88 45 63 51 66 86 41 0 96 21 5 80 68 13 61 52 24 53 90 71 74 32 20 8 51 78 33 73 77 40 59 67 70 58 65 19 1 61 33 4 86 38 14 16 65 90 89 4 37 51 11 51 77 48 93 46 39 26 96 78 60 13 80 82 2 96 52 0 21 25 5 53 62 19 25 21 5 90 20 24 47 91 52 71 25 30 20 59 51 79 62 51 5 25 67 77 66 3 36 6 97 64 96 93 21 26 81 92 20 26 62 9 64 28 100 21 74 59 9 92 26 76 92 3 38 53 15 4 39 44 34 38 12 75 51 70 36 20 98
60 20 46 21 83 69 48 49 60 27 59 79 47 44 45 87 89 60 51 55 66 48 100 70 3 38 27 82 46 96 0 84 94 74 91 92 63 68 5 7 23 73 31 59 24 51 8 84 77 81 24 92 27 54 99 6 9 34 39 24 51 88 3 46 93 72 42 38 59 45 3 95 9 37 90 92 57 18 29 88 39 70 70 9 10 20 77 98 59 42 42 6 24 88 24 99 92 88 10 36 63 18 23 68 5 46 67 6 48 25 69 91 21 63 13 80 75 89 22 92 31 32 12 61 77 13 56 45 68 62 71 65 91 86 27 26 66 48 9 13 24 6 91 97 40 9 4 17 46 33 69 82 2 76 18 31 49 48 100 4 90
97 65 47 41 22 93 82 3 13 49 42 69 62 43 42 69 24 49 96 48 97 94 0 28 63 70 72 60 12 21 84 0 63 81 48 26 8 4 11 7 58 16 34 74 93 46 24 84 56 8 15 89 17 40 90 90 65 9 19 23 51 18 7 28 89 78 81 97 66 86 17 1 68 1 37 5 70 13 73 43 31 52 59 89 2 23 83 3 57 68 60 43 76 89 26 97 85 38 45 54 29 15 1 9 51 93 45 25 69 36 67 87 2 83 17 60 38 81 2 49 62 99 25 66 48 91 77 33 38 40 17 58 60 29 62 52 22 91 21 23 74 45 63 96 54 63 58 51 22 67 18 61 34 59 48 4 56 79 47 87 91
86 76 4 15 59 71 76 9 92 9 39 62 86 82 22 40 90 76 21 24 96 15 54 60 35 61 0 72 53 5 94 63 0 96 26 54 24 96 75 23 78 37 15 78 58 52 85 13 44 38 33 28 54 21 64 42 83 24 13 57 90 81 70 72 49 66 58 50 38 12 15 98 79 85 2 73 64 39 52 67 28 47 0 72 66 35 77 84 65 97 12 71 86 22 12 92 93 42 100 4 22 34 2 44 60 11 66 33 2 10 65 3 17 62 36 35 60 60 77 60 99 36 61 59 12 26 78 79 4 86 89 18 3 63 39 71 98 62 62 98 69 99 51 51 23 64 6 3 79 77 41 43 3 72 28 35 20 27 92 75 12
38 59 43 37 40 86 19 56 87 56 78 82 65 36 64 52 43 27 79 80 88 17 55 56 46 76 3 32 97 80 74 81 96 0 98 61 87 28 72 55 55 97 97 18 90 50 49 70 40 74 53 77 75 56 28 13 88 79 79 34 32 47 94 35 0 20 45 93 72 46 64 14 46 52 90 35 5 67 76 89 74 25 9 47 22 56 71 24 68 79 69 78 31 56 41 12 8 95 81 42 64 64 58 92 67 12 17 88 60 53 94 99 13 75 85 11 71 96 16 58 14 81 81 93 32 100 71 8 76 13 20 70 63 37 95 30 73 64 36 6 6 7 60 17 56 76 49 8 35 73 3 20 63 49 74 93 3 74 18 65 99
52 45 2 18 32 64 21 50 93 89 83 1 29 79 19 23 62 7 24 65 82 15 61 16 25 38 51 93 27 68 91 48 26 98 0 70 20 27 23 98 19 9 21 36 2 99 34 25 54 22 98 79 51 1 44 75 49 8 81 10 97 94 67 17 11 85 84 42 2 35 31 42 2 93 63 74 72 32 72 55 72 20 84 46 70 92 81 85 79 29 37 89 99 30 48 11 16 38 71 36 9 57 23 8 73 42 29 26 57 87 76 1 66 95 57 50 89 40 53 55 10 71 85 45 14 26 18 24 99 49 16 95 53 93 32 82 19 3 34 1 79 26 67 95 66 54 10 27 33 25 27 54 17 60 5 76 30 79 79 97 78
71 61 20 30 1 24 18 31 56 32 4 96 46 60 56 28 26 69 81 17 70 57 4 24 83 26 95 92 11 13 92 26 54 61 70 0 44 53 24 72 63 68 40 5 63 24 16 48 97 49 19 35 73 76 23 63 37 100 65 15 57 82 43 84 71 79 30 20 92 92 33 5 42 31 31 23 59 92 72 84 60 44 72 26 98 71 31 60 78 20 75 76 2 48 43 20 42 3 21 74 89 35 63 94 5 52 80 3 93 8 17 26 68 91 25 72 17 6 29 75 79 32 68 48 32 57 97 40 44 80 41 37 78 57 35 25 37 51 23 92 57 50 12 38 31 67 89 14 45 62 46 72 88 15 24 64 100 77 45 14 92
69 36 16 73 16 21 19 75 34 50 86 83 45 56 7 14 51 43 64 23 7 83 87 83 16 57 66 31 84 61 63 8 24 87 20 44 0 79 13 94 29 1 92 85 28 96 72 6 97 97 42 34 6 77 72 97 80 86 39 22 20 87 21 25 84 82 38 76 7 33 90 31 25 35 89 79 13 2 13 30 91 67 59 61 75 64 79 32 64 31 57 8 32 1 77 6 93 2 85 35 61 100 53 48 60 81 78 87 80 1 42 30 98 33 82 48 92 23 56 92 27 44 53 40 40 66 42 30 55 50 18 26 11 25 2 16 45 76 27 55 17 38 77 28 14 96 55 3 83 25 25 80 97 87 88 82 88 19 80 32 18
24 56 34 55 26 90 0 55 89 92 42 41 39 23 40 95 27 52 87 35 96 45 69 49 73 57 48 52 85 52 68 4 96 28 27 53 79 0 19 41 22 45 86 12 79 94 8 82 23 1 75 70 21 58 2 0 0 78 94 74 54 11 13 21 8 7 19 67 52 86 97 11 19 15 59 33 97 13 63 93 15 9 50 40 55 7 78 38 51 45 94 46 17 94 61 21 84 71 63 96 29 24 31 76 84 39 21 97 63 3 17 79 50 85 75 37 11 56 33 39 4 35 85 32 78 14 16 32 91 64 31 74 36 45 76 55 21 58 94 53 29 71 37 97 7 43 51 62 32 88 59 73 76 64 51 1 80 44 15 5 27
80 37 94 64 88 10 12 3 98 41 67 43 36 42 15 53 24 82 83 9 82 9 15 35 51 99 0 39 26 24 5 11 75 72 23 24 13 19 0 46 97 4 20 64 94 87 99 6 82 89 53 86 76 50 44 91 100 9 19 25 2 67 56 15 44 21 66 82 19 71 11 59 20 72 97 46 1 38 68 49 34 51 60 75 64 11 50 88 25 80 76 74 65 69 81 0 95 82 75 70 12 95 73 71 89 16 47 41 63 100 31 98 76 70 88 10 39 18 84 28 77 53 70 32 22 22 92 28 91 5 69 3 80 13 88 90 95 17 23 59 51 65 70 83 93 67 98 78 92 47 26 23 63 13 30 59 32 64 16 75 64
99 96 88 94 76 85 94 85 82 43 63 59 46 79 10 30 85 14 87 82 55 55 74 52 11 96 90 11 58 53 7 7 23 55 98 72 94 41 46 0 92 66 22 71 46 56 100 35 9 62 54 17 85 24 91 11 41 61 1 52 36 12 4 15 97 68 56 81 41 18 38 1 92 39 49 42 98 27 77 24 68 79 86 83 74 12 33 20 93 36 8 42 79 25 53 89 64 78 87 39 85 14 56 54 83 9 38 46 96 63 5 18 62 29 100 81 20 6 7 73 65 69 97 55 19 47 81 25 96 66 38 92 79 48 62 97 47 8 61 67 52 69 98 95 22 74 47 100 64 53 37 79 16 26 25 4 3 3 72 17 88
98 82 62 26 99 78 69 53 13 76 69 65 0 53 28 50 62 84 77 93 100 57 83 74 68 86 54 76 12 90 23 58 78 55 19 63 29 22 97 92 0 69 58 88 97 71 96 10 7 72 65 42 33 75 85 40 4 40 7 19 20 93 52 35 55 99 62 64 3 100 22 71 15 15 97 56 8 68 100 55 35 72 75 26 34 0 46 36 57 96 64 4 51 5 28 77 51 83 67 63 1 42 52 63 1 52 37 64 76 90 33 72 34 10 93 79 83 32 28 70 1 94 89 8 75 93 85 86 70 44 7 57 83 66 58 82 81 63 74 85 2 26 85 1 72 64 16 69 84 20 2 62 50 22 16 33 5 20 30 51 47
100 97 32 86 88 16 76 9 86 66 7 18 10 3 63 20 12 39 40 64 89 4 100 21 21 23 30 40 30 71 73 16 37 97 9 68 1 45 4 66 69 0 1 26 85 52 74 2 64 83 32 47 34 9 80 28 95 40 11 95 3 10 80 45 13 95 50 80 15 72 86 65 47 82 89 2 19 25 46 20 59 86 39 99 55 43 68 21 93 4 63 76 2 5 5 4 41 29 75 80 43 69 36 39 13 50 27 61 42 45 87 12 88 70 13 62 21 56 5 24 58 50 100 60 35 97 81 82 63 88 73 57 19 55 54 55 85 47 75 92 61 52 92 4 48 100 83 91 79 31 87 79 42 95 2 17 53 61 35 84 71
38 67 29 37 65 77 20 59 71 75 22 75 62 21 28 2 9 74 16 32 99 19 20 14 42 64 56 82 54 74 31 34 15 97 21 40 92 86 20 22 58 1 0 28 54 63 51 21 81 56 50 32 58 39 22 31 9 25 34 25 53 42 50 25 20 28 0 50 33 73 39 88 91 3 42 98 86 98 84 18 5 12 98 77 4 100 59 63 42 59 27 67 70 88 1 15 95 24 56 86 89 68 76 86 9 85 88 42 7 14 21 52 29 13 63 12 60 81 55 75 40 92 95 17 63 18 5 10 55 0 54 57 48 77 70 97 42 96 39 93 14 62 63 71 67 92 84 11 82 96 60 12 34 68 35 77 53 28 76 86 18
93 39 51 89 31 53 9 99 45 55 2 77 98 60 70 11 84 22 74 49 95 64 41 79 24 95 10 88 34 32 59 74 78 18 36 5 85 12 64 71 88 26 28 0 4 31 86 0 35 49 50 57 9 28 30 14 59 65 83 83 38 51 43 15 29 33 58 57 0 58 89 1 38 20 87 8 55 64 28 93 71 23 84 24 32 3 48 52 51 32 9 59 78 34 34 90 44 72 30 73 71 74 89 77 41 8 79 22 13 87 25 14 32 82 72 83 75 56 81 74 8 88 82 28 99 60 38 88 8 88 66 42 1 5 4 46 46 77 40 87 81 77 65 67 81 60 17 81 15 97 30 82 57 23 10 41 43 100 34 6 61
52 97 50 66 57 78 1 89 85 82 44 55 63 70 32 31 39 95 53 21 87 18 11 95 83 47 46 71 11 20 24 93 58 90 2 63 28 79 94 46 97 85 54 4 0 50 79 17 21 28 19 69 76 4 7 46 68 34 73 75 71 12 32 70 0 55 1 71 43 66 16 72 65 50 1 42 59 13 50 85 67 25 92 51 14 2 72 77 2 1 17 41 18 4 27 51 75 3 97 26 68 24 48 10 42 76 81 35 42 18 17 96 27 21 56 10 72 37 82 55 59 16 56 43 10 78 6 52 38 8 84 66 32 81 39 50 21 90 58 95 29 54 3 16 70 12 18 53 65 71 7 95 96 11 86 11 1 45 33 9 59
48 10 83 85 7 87 10 63 3 92 26 91 84 32 79 88 82 55 85 55 94 10 59 60 88 95 13 56 92 8 51 46 52 50 99 24 96 94 87 56 71 52 63 31 50 0 53 61 11 26 100 98 24 71 74 61 75 6 71 44 43 97 28 92 32 39 3 41 85 83 64 46 85 1 45 51 19 87 23 27 87 85 50 41 17 96 49 8 93 98 79 80 24 51 4 20 60 96 77 69 67 44 59 80 63 64 26 37 97 35 86 26 20 45 20 19 1 59 78 54 85 96 10 91 63 77 86 49 5 43 80 89 40 0 47 36 24 47 63 32 3 15 98 81 26 6 47 54 74 78 31 94 98 28 6 35 71 43 71 45 17
33 32 97 38 85 61 82 25 22 35 75 29 1 28 27 9 83 57 57 33 97 48 72 31 8 79 74 74 28 51 8 24 85 49 34 16 72 8 99 100 96 74 51 86 79 53 0 59 91 30 53 66 84 57 12 29 95 66 5 46 95 7 87 99 85 38 77 17 10 15 34 40 88 74 73 89 87 90 39 15 28 93 38 7 79 4 73 51 53 84 83 92 51 39 19 29 31 95 28 86 56 37 77 2 67 33 17 67 80 0 54 62 27 11 65 89 76 98 95 86 86 82 7 24 55 70 20 11 18 28 59 54 74 71 48 16 61 54 1 28 61 69 100 61 9 56 55 14 94 91 62 41 58 63 4 7 40 93 35 81 58
11 80 91 91 51 6 74 83 90 12 3 44 73 23 29 87 63 7 98 48 40 32 64 18 69 24 28 86 78 78 84 84 13 70 25 48 6 82 6 35 10 2 21 0 17 61 59 0 99 71 76 6 3 53 42 15 60 20 6 49 74 33 82 94 28 70 87 89 3 15 67 96 1 33 95 20 66 4 67 39 35 29 10 92 2 42 98 39 84 86 79 93 5 57 39 26 69 77 35 38 38 69 56 26 68 19 48 65 37 12 78 46 13 91 71 51 53 80 82 96 67 20 32 82 22 65 26 28 40 77 9 13 33 74 62 87 65 63 91 33 55 3 6 66 38 93 85 22 56 97 87 2 60 11 7 60 4 63 23 98 44
11 69 78 94 8 93 73 85 31 70 85 45 49 15 31 83 53 0 20 7 90 41 76 88 22 46 77 76 89 33 77 56 44 40 54 97 97 23 82 9 7 64 81 35 21 11 91 99 0 15 62 99 27 47 17 70 71 5 94 44 85 78 33 79 62 52 53 69 84 91 80 35 93 5 26 56 7 41 10 29 74 15 83 9 41 86 1 59 54 87 27 86 59 74 11 98 25 5 25 86 20 62 94 10 47 58 66 64 95 100 49 73 18 11 89 76 89 81 27 46 78 20 51 98 85 36 34 43 58 58 75 55 70 3 45 36 81 16 38 74 50 21 25 42 47 93 17 37 67 56 13 9 5 23 9 96 66 40 66 58 77
16 68 86 96 44 58 7 60 49 100 25 16 42 34 1 5 21 27 30 61 7 94 82 34 42 66 33 10 80 73 81 8 38 74 22 49 97 1 89 62 72 83 56 49 28 26 30 71 15 0 32 67 54 99 97 73 13 43 37 63 63 81 58 51 50 23 27 65 45 43 70 89 23 82 48 71 16 45 54 38 69 96 70 61 81 39 94 37 23 75 33 64 2 28 72 32 67 72 44 44 79 69 81 4 95 64 60 41 98 22 88 23 5 43 22 65 51 63 9 99 86 75 12 49 55 17 25 25 99 17 91 70 11 95 98 59 64 2 45 0 53 65 65 19 50 77 62 83 1 54 88 87 34 25 91 9 90 95 47 94 28
37 78 55 13 70 59 27 30 84 8 32 59 69 55 30 39 55 46 85 17 51 42 98 98 23 72 97 47 23 77 24 15 33 53 98 19 42 75 53 54 65 32 50 50 19 100 53 76 62 32 0 35 59 87 77 42 34 26 66 100 33 58 25 19 60 62 73 37 12 50 74 55 75 10 28 82 34 51 95 32 54 60 68 85 29 18 3 28 96 54 35 61 12 25 47 41 14 93 85 12 35 86 45 4 31 67 54 10 9 41 87 24 48 98 38 30 64 66 22 89 87 14 12 50 99 36 73 31 9 77 31 39 45 30 49 68 70 37 57 37 86 87 49 8 58 44 9 38 34 50 88 69 14 89 8 50 70 22 20 90 78
82 24 33 47 19 52 85 85 79 1 81 89 9 14 48 4 18 72 75 1 93 31 78 21 48 43 71 81 15 40 92 89 28 77 79 35 34 70 86 17 42 47 32 57 69 98 66 6 99 67 35 0 7 9 76 23 26 67 5 0 57 90 54 59 17 54 87 71 75 50 23 8 48 90 96 70 6 73 67 85 30 95 80 27 1 76 98 100 1 25 65 9 5 38 93 8 51 13 25 22 82 10 91 10 78 87 45 25 41 19 8 30 21 72 20 98 39 40 47 12 13 55 40 24 4 47 50 16 81 39 12 76 24 39 86 41 70 100 4 38 7 82 29 21 92 72 78 19 72 75 16 95 58 44 29 36 37 94 12 94 74
49 55 7 65 14 5 24 81 6 83 4 35 82 63 4 85 17 10 28 2 2 72 62 82 71 95 49 31 94 59 27 17 54 75 51 73 6 21 76 85 33 34 58 9 76 24 84 3 27 54 59 7 0 18 75 13 16 56 16 9 49 13 73 97 64 18 71 57 81 66 75 4 0 29 37 66 33 88 29 21 94 89 1 98 0 27 27 68 21 53 67 34 81 96 28 20 28 10 82 65 57 43 14 40 43 31 57 12 9 74 80 19 31 79 86 78 51 56 14 60 57 1 87 19 41 25 31 21 85 57 17 76 89 34 30 72 10 33 61 91 26 61 77 80 56 48 37 28 85 36 78 47 61 68 59 20 61 15 85 40 86
11 18 65 26 38 28 49 37 70 64 61 96 82 92 51 17 12 78 19 63 23 84 50 68 87 90 98 56 67 67 54 40 21 56 1 76 77 58 50 24 75 9 39 28 4 71 57 53 47 99 87 9 18 0 74 3 53 20 85 57 69 100 46 57 46 94 62 13 68 84 70 60 99 59 95 39 69 48 27 33 98 10 39 5 16 88 51 97 60 9 56 75 70 59 23 21 89 6 9 68 92 99 52 66 23 7 13 87 54 22 11 33 54 99 62 68 75 7 34 35 93 53 94 81 61 92 91 22 27 17 31 52 64 68 23 83 20 9 69 1 10 84 96 26 80 2 78 79 64 6 21 74 58 97 61 94 2 88 25 23 48
30 70 24 2 69 95 49 2 99 90 42 72 47 5 70 36 37 96 90 23 50 94 83 4 47 25 74 90 59 70 99 90 64 28 44 23 72 2 44 91 85 80 22 30 7 74 12 42 17 97 77 76 75 74 0 57 47 46 82 36 82 51 84 49 29 74 79 6 41 10 89 97 23 80 82 21 41 75 26 37 82 50 5 44 11 84 29 71 3 78 72 5 5 17 1 56 48 33 81 19 90 3 29 48 63 34 64 23 5 46 60 89 4 70 100 51 45 75 86 5 75 63 22 100 80 28 13 66 4 82 38 89 11 96 83 43 88 38 66 3 87 62 96 1 16 8 66 38 63 24 6 54 99 24 98 80 60 77 22 58 62
56 72 77 38 64 27 35 27 35 60 31 3 0 36 61 79 81 5 86 56 73 38 27 52 58 62 21 81 89 58 6 90 42 13 75 63 97 0 91 11 40 28 31 14 46 61 29 15 70 73 42 23 13 3 57 0 91 69 67 6 70 88 76 19 81 95 28 67 58 100 82 38 34 91 52 81 60 44 28 73 85 51 79 99 68 30 81 1 34 72 71 79 47 67 15 89 4 10 65 95 81 10 75 88 11 73 40 7 37 58 58 35 89 15 85 79 28 50 74 14 16 9 45 85 19 54 64 4 9 76 69 14 28 75 27 76 6 69 12 93 42 46 51 32 72 96 22 54 1 93 9 93 77 88 100 31 55 85 65 5 57
64 32 19 76 48 5 46 5 39 14 29 84 55 56 40 47 76 81 98 23 94 7 0 74 40 16 83 58 86 65 9 65 83 88 49 37 80 0 100 41 4 95 9 59 68 75 95 60 71 13 34 26 16 53 47 91 0 98 59 71 38 77 43 54 53 63 17 18 44 21 41 38 54 50 70 7 61 31 32 50 84 77 24 82 49 17 78 2 85 54 17 5 58 71 13 69 4 9 38 50 19 51 30 88 34 12 12 93 98 26 35 83 31 2 17 40 59 46 67 62 55 79 31 19 13 36 20 80 3 38 49 41 16 34 15 38 41 65 56 92 43 38 89 58 55 95 20 99 72 79 99 66 60 26 26 49 100 22 74 47 64
55 20 0 96 81 2 2 45 12 87 15 75 45 77 38 73 85 67 29 89 86 67 53 2 49 43 21 95 60 19 34 9 24 79 8 100 86 78 9 61 40 40 25 65 34 6 66 20 5 43 26 67 56 20 46 69 98 0 86 73 70 8 58 13 67 54 64 48 24 28 84 71 34 43 59 99 31 11 97 99 12 71 22 48 22 6 83 22 5 61 21 62 35 28 71 61 47 23 55 69 57 33 94 77 11 94 50 30 71 68 9 13 48 17 75 44 19 23 85 11 81 73 9 92 72 83 97 60 49 85 23 75 34 33 68 20 1 15 27 53 7 10 75 32 78 97 80 96 65 24 5 85 24 8 84 26 46 42 17 81 27
74 88 77 44 7 58 49 60 25 79 21 70 87 47 56 98 57 24 59 49 10 31 2 5 19 44 22 39 85 1 39 19 13 79 81 65 39 94 19 1 7 11 34 83 73 71 5 6 94 37 66 5 16 85 82 67 59 86 0 69 23 61 72 73 73 0 35 96 83 93 64 81 72 58 45 22 33 31 96 80 13 37 76 24 39 85 32 3 69 78 20 49 18 29 94 36 50 19 16 13 83 7 36 81 47 74 22 70 31 40 50 57 28 95 8 6 49 76 86 61 53 97 70 51 85 88 99 0 22 20 91 60 65 64 47 89 79 7 39 2 87 27 10 11 16 16 96 14 4 57 58 34 63 94 46 35 57 50 22 15 81
56 66 66 20 50 82 82 19 79 93 3 49 56 6 33 29 20 62 95 59 96 84 18 64 37 17 54 7 77 61 24 23 57 34 10 15 22 74 25 52 19 95 25 83 75 44 46 49 44 63 100 0 9 57 36 6 71 73 69 0 23 32 21 80 0 30 34 39 93 75 57 90 40 10 48 69 19 19 33 0 75 42 22 72 94 87 21 39 65 21 93 72 24 10 93 80 48 40 9 2 17 85 98 81 95 53 98 100 11 23 48 11 66 46 69 58 45 82 23 66 15 38 43 33 98 82 86 88 54 0 14 20 46 30 59 87 50 86 14 25 96 45 29 46 79 89 42 18 60 15 75 14 94 66 74 47 15 7 44 30 66
1 52 38 1 84 100 29 75 33 81 44 34 79 73 54 64 81 70 52 82 83 51 48 6 10 79 73 87 79 33 51 51 90 32 97 57 20 54 2 36 20 3 53 38 71 43 95 74 85 63 33 57 49 69 82 70 38 70 23 23 0 69 30 13 54 39 27 46 4 0 21 3 62 22 54 61 0 93 64 83 52 32 71 33 84 1 16 100 18 70 87 79 46 28 16 32 20 30 76 29 95 90 38 49 2 91 26 94 13 86 1 37 34 98 12 16 8 75 24 33 0 47 18 69 77 37 50 48 77 74 94 14 84 98 14 3 69 17 16 57 97 98 88 99 2 29 55 52 81 86 1 13 86 1 81 74 60 51 83 8 7
78 27 19 92 54 61 44 81 53 17 56 49 87 78 43 38 46 8 71 74 66 31 75 61 51 27 100 66 34 4 88 18 81 47 94 82 87 11 67 12 93 10 42 51 12 97 7 33 78 81 58 90 13 100 51 88 77 8 61 32 69 0 41 16 46 18 77 38 75 22 34 39 75 86 18 0 100 7 11 15 57 22 68 74 97 51 60 64 19 27 52 80 93 86 29 75 71 89 43 97 70 29 49 43 0 38 32 33 65 92 91 50 72 36 59 8 11 82 63 27 55 62 26 58 0 79 40 46 53 79 40 55 90 80 85 29 32 89 34 28 87 15 50 35 81 96 57 83 2 66 72 74 52 30 18 74 54 84 79 74 5
63 75 10 16 64 4 79 24 52 58 31 17 53 20 72 87 62 16 36 6 74 7 79 9 51 80 30 4 15 86 3 7 70 94 67 43 21 13 56 4 52 80 50 43 32 28 87 82 33 58 25 54 73 46 84 76 43 58 72 21 30 41 0 47 5 50 11 26 55 62 97 34 51 38 20 71 53 76 14 26 13 71 100 7 23 88 57 67 78 0 59 46 14 83 83 35 83 50 70 52 41 80 39 51 15 50 18 79 61 56 54 72 93 61 22 50 42 65 78 48 3 75 37 94 59 95 93 20 25 42 93 1 49 22 82 61 31 76 25 86 53 56 31 21 4 19 58 21 77 33 90 45 9 59 6 96 34 25 68 56 74
45 79 39 54 52 20 71 93 51 3 57 0 73 91 38 52 55 38 68 91 77 39 54 6 27 15 83 84 10 38 46 28 72 35 17 84 25 21 15 15 35 45 25 15 70 92 99 94 79 51 19 59 97 57 49 19 54 13 73 80 13 16 47 0 10 73 93 53 34 29 27 8 62 65 19 38 57 52 19 65 89 48 77 81 37 45 89 38 26 53 15 27 42 69 38 56 57 72 78 30 35 73 9 52 80 53 0 35 5 98 45 53 46 18 29 66 92 88 12 19 49 32 78 76 65 22 78 83 75 20 30 13 86 32 65 52 66 94 51 28 17 26 1 76 97 94 9 26 66 2 25 38 39 41 15 96 5 33 33 40 84
66 70 70 30 13 92 16 37 69 7 9 15 54 73 74 95 65 15 79 32 3 59 74 36 49 29 32 10 32 14 93 89 49 0 11 71 84 8 44 97 55 13 20 29 0 32 85 28 62 50 60 17 64 46 29 81 53 67 73 0 54 46 5 10 0 93 3 4 18 18 3 86 7 21 20 87 7 34 57 81 95 78 88 59 71 86 49 36 38 13 78 78 79 74 35 80 14 27 57 93 36 11 89 10 56 71 45 88 5 45 68 59 0 62 92 91 16 27 79 31 49 65 32 37 5 55 10 2 89 93 2 57 88 23 77 57 100 71 82 6 96 51 3 68 60 26 0 24 32 98 48 88 23 89 37 47 28 41 7 51 58
13 30 72 47 40 43 82 65 24 100 53 81 73 8 20 44 48 71 35 65 64 4 54 58 55 32 62 100 9 16 72 78 66 20 85 79 82 7 21 68 99 95 28 33 55 39 38 70 52 23 62 54 18 94 74 95 63 54 0 30 39 18 50 73 93 0 37 11 72 34 1 80 21 19 49 36 49 44 49 18 5 10 34 6 63 65 48 28 54 59 87 13 62 13 39 41 77 66 29 93 98 93 76 50 20 95 9 12 83 87 56 32 68 12 20 45 21 89 39 94 39 96 68 88 10 81 8 85 60 33 60 53 86 73 25 46 36 69 27 62 59 51 55 68 79 80 1 74 14 41 93 84 13 79 4 47 31 56 31 52 72
31 60 20 67 82 72 10 64 77 31 23 58 19 41 11 21 0 97 73 100 60 29 10 16 72 60 28 34 15 65 42 81 58 45 84 30 38 19 66 56 62 50 0 58 1 3 77 87 53 27 73 87 71 62 79 28 17 64 35 34 27 77 11 93 3 37 0 84 40 44 50 21 24 26 64 20 80 43 62 35 50 63 20 4 73 81 8 2 67 11 80 92 5 92 35 90 16 88 36 21 59 100 73 36 97 76 92 73 93 85 81 22 60 77 47 21 15 69 53 64 53 62 31 87 79 30 36 8 44 56 89 54 27 25 59 63 63 93 23 88 12 89 25 68 24 85 33 38 100 50 69 35 50 98 88 28 55 68 66 58 58
77 25 14 54 87 69 82 72 98 56 73 99 31 50 57 98 73 9 96 91 50 93 4 53 98 76 8 26 14 90 38 97 50 93 42 20 76 67 82 81 64 80 50 57 71 41 17 89 69 65 37 71 57 13 6 67 18 48 96 39 46 38 26 53 4 11 84 0 75 76 11 85 25 18 21 42 19 87 20 25 53 82 83 55 29 46 5 10 4 94 84 34 2 18 87 20 16 11 32 81 38 64 100 89 42 75 35 73 3 14 83 57 39 69 12 62 77 33 9 49 15 84 87 60 53 37 1 45 59 26 54 4 89 41 0 100 63 81 99 7 81 85 11 38 58 82 24 5 0 94 54 100 4 83 38 14 87 9 14 83 19
60 15 39 87 30 76 94 46 40 2 46 81 100 22 80 14 32 1 16 21 33 71 1 99 16 90 75 41 20 89 59 66 38 72 2 92 7 52 19 41 3 15 33 0 43 85 10 3 84 45 12 75 81 68 41 58 44 24 83 93 4 75 55 34 18 72 40 75 0 6 67 2 16 77 49 62 65 29 78 81 7 87 29 42 48 31 80 55 40 83 78 77 16 5 39 91 30 18 100 20 57 13 6 98 34 88 75 19 65 4 29 39 66 25 35 6 10 38 83 38 76 50 20 60 39 28 67 71 43 77 25 11 36 39 44 80 65 94 16 62 85 5 51 47 53 42 22 24 72 54 90 56 9 35 99 53 15 10 88 6 68
57 9 39 66 72 97 70 53 31 30 24 29 59 91 21 82 32 79 67 35 45 6 95 89 55 55 65 11 81 4 45 86 12 46 35 92 33 86 71 18 100 72 73 58 66 83 15 15 91 43 50 50 66 84 10 100 21 28 93 75 0 22 62 29 18 34 44 76 6 0 2 62 72 6 43 27 12 48 26 91 26 60 64 7 51 64 65 82 34 83 49 15 19 38 48 24 49 8 53 44 53 98 41 0 57 62 35 13 64 41 42 77 24 40 38 77 82 69 87 68 29 81 35 16 24 26 63 46 77 16 62 62 32 14 27 68 71 33 98 33 20 6 20 16 90 33 15 62 80 80 66 56 8 63 47 0 85 75 78 49 6
82 63 46 53 75 46 92 6 40 30 39 59 36 37 0 83 85 19 27 94 39 59 92 24 31 53 15 81 19 37 3 17 15 64 31 33 90 97 11 38 22 86 39 89 16 64 34 67 80 70 74 23 75 70 89 82 41 84 64 57 21 34 97 27 3 1 50 11 67 2 0 89 87 23 74 25 77 68 100 25 83 80 87 15 56 86 4 69 48 75 85 3 86 64 25 97 67 9 43 46 97 81 16 78 26 55 17 21 24 70 50 27 21 8 56 78 35 52 26 97 6 83 61 50 3 35 42 59 11 56 81 47 95 99 16 19 68 86 50 17 39 34 80 94 50 25 100 23 89 69 48 73 51 13 47 22 72 69 87 45 48
64 100 60 25 52 29 92 61 88 38 40 10 17 94 95 77 66 60 95 55 28 82 79 50 85 75 46 87 4 51 95 1 98 14 42 5 31 11 59 1 71 65 88 1 72 46 40 96 35 89 55 8 4 60 97 38 38 71 81 90 3 39 34 8 86 80 21 85 2 62 89 0 67 98 38 24 39 48 96 83 38 66 71 5 21 75 11 1 91 49 59 100 90 52 43 80 100 47 23 50 54 52 75 89 23 30 15 0 56 47 95 26 72 50 83 26 64 29 79 10 57 91 95 95 42 88 62 74 65 78 95 95 35 25 53 58 76 58 26 36 67 10 11 12 68 14 56 78 56 15 49 36 60 27 10 17 85 67 31 35 76
22 80 3 83 25 98 25 30 38 23 12 20 86 80 54 18 23 98 12 78 44 82 79 37 14 32 93 45 40 11 9 68 79 46 2 42 25 19 20 92 15 47 91 38 65 85 88 1 93 23 75 48 0 99 23 34 54 34 72 40 62 75 51 62 7 21 24 25 16 72 87 67 0 28 43 13 32 69 54 57 57 79 7 92 7 94 19 22 93 23 58 88 21 37 77 41 86 4 46 76 13 21 14 48 58 99 43 74 50 67 82 48 49 19 53 26 3 51 9 29 47 36 2 46 0 89 100 68 38 20 57 22 99 3 61 56 63 61 55 90 4 43 70 76 24 77 55 45 90 18 61 14 20 33 57 32 30 46 11 94 25
89 62 32 92 29 10 56 41 6 51 14 32 91 89 74 86 44 49 75 50 54 71 77 95 34 89 90 68 34 51 37 1 85 52 93 31 35 15 72 39 15 82 3 20 50 1 74 33 5 82 10 90 29 59 80 91 50 43 58 10 22 86 38 65 21 19 26 18 77 6 23 98 28 0 30 76 75 97 12 87 86 69 28 65 93 88 30 66 80 21 1 38 23 81 23 22 85 37 36 2 42 16 71 49 31 8 92 65 56 48 0 48 31 54 21 48 74 5 48 66 94 52 79 84 49 54 20 50 34 53 74 7 84 88 76 100 17 7 54 66 80 11 52 87 36 0 72 100 52 59 80 67 17 90 22 20 64 80 91 98 84
8 35 34 45 89 22 71 34 85 5 22 51 57 89 78 41 6 25 94 54 83 7 51 97 81 48 43 89 23 77 90 37 2 90 63 31 89 59 97 49 97 89 42 87 1 45 73 95 26 48 28 96 37 95 82 52 70 59 45 48 54 18 20 19 20 49 64 21 49 43 74 38 43 30 0 28 89 8 85 74 88 47 33 76 53 18 94 24 5 78 7 20 32 34 52 80 19 31 14 19 40 69 30 73 50 41 1 80 67 48 50 22 93 48 58 96 81 46 3 61 63 92 53 15 4 11 100 12 55 20 45 77 27 10 7 89 36 70 52 66 20 60 84 57 60 26 69 3 85 6 34 45 44 78 33 68 59 36 93 25 94
47 96 40 85 34 62 19 84 82 48 55 62 15 63 68 6 41 61 44 52 12 35 56 88 35 17 3 14 79 48 92 5 73 35 74 23 79 33 46 42 56 2 98 8 42 51 89 20 56 71 82 70 66 39 21 81 7 99 22 69 61 0 71 38 87 36 20 42 62 27 25 24 13 76 28 0 38 83 97 38 51 52 55 19 69 43 54 22 92 43 23 91 20 26 82 93 88 23 20 94 53 46 14 37 100 98 61 99 9 25 96 85 35 89 7 69 84 86 96 85 59 4 46 47 19 37 79 47 20 93 85 4 86 71 24 6 55 49 85 1 74 18 27 76 61 76 30 36 51 44 19 16 26 14 11 2 88 85 36 71 30
22 6 38 55 90 51 67 61 16 63 22 67 39 11 40 69 89 92 68 97 38 20 20 13 54 97 78 0 81 93 57 70 64 5 72 59 13 97 1 98 8 19 86 55 59 19 87 66 7 16 34 6 33 69 41 60 61 31 33 19 0 100 53 57 7 49 80 19 65 12 77 39 32 75 89 38 0 68 48 25 59 32 29 67 78 75 48 36 47 36 79 50 53 19 7 74 83 75 99 58 99 67 73 96 9 91 87 93 84 38 51 31 22 76 50 94 97 99 100 60 31 36 83 3 98 99 96 75 11 8 16 34 17 61 11 78 95 24 54 6 60 77 12 32 31 24 35 85 80 88 31 6 98 65 53 15 59 40 7 26 31
23 79 3 47 50 50 82 28 85 60 100 87 78 53 80 27 7 45 65 79 90 89 89 25 54 46 98 47 24 46 18 13 39 67 32 92 2 13 38 27 68 25 98 64 13 87 90 4 41 45 51 73 88 48 75 44 31 11 31 19 93 7 76 52 34 44 43 87 29 48 68 48 69 97 8 83 68 0 51 32 50 99 70 96 85 28 18 7 18 8 35 20 20 54 29 97 21 72 91 31 26 31 13 75 20 62 39 50 30 100 28 8 32 52 60 50 97 28 58 93 100 45 19 21 81 86 62 66 95 97 54 16 14 75 85 34 34 84 32 40 75 54 23 29 78 58 47 84 87 30 41 16 46 60 72 15 4 33 58 59 55
80 78 71 61 0 74 75 11 56 22 2 17 62 78 40 27 78 36 60 59 30 70 52 85 96 75 70 16 79 39 29 73 52 76 72 72 13 63 68 77 100 46 84 28 50 23 39 67 10 54 95 67 29 27 26 28 32 97 96 33 64 11 14 19 57 49 62 20 78 26 100 96 54 12 85 97 48 51 0 53 36 71 49 43 93 98 47 21 90 25 75 94 81 63 92 9 55 33 93 6 86 64 77 40 91 26 14 93 58 3 77 62 7 58 15 98 0 58 53 37 47 52 38 50 86 95 14 63 38 61 29 91 89 43 40 0 46 49 64 65 32 46 70 83 40 64 10 91 71 43 30 7 15 45 89 79 19 14 58 17 29
13 26 59 82 93 37 81 73 8 93 63 15 40 87 4 43 66 43 79 90 92 6 31 26 84 19 15 68 94 26 88 43 67 89 55 84 30 93 49 24 55 20 18 93 85 27 15 39 29 38 32 85 21 33 37 73 50 99 80 0 83 15 26 65 81 18 35 25 81 91 25 83 57 87 74 38 25 32 53 0 38 1 82 12 20 4 8 39 19 86 34 46 92 23 9 25 89 16 87 42 38 85 42 49 28 91 38 45 67 19 74 47 99 19 71 15 45 1 38 84 1 99 59 61 58 63 95 93 65 22 12 56 71 2 61 0 75 75 32 70 88 6 77 23 20 65 35 21 24 52 59 79 99 46 51 79 3 55 75 67 18
52 33 33 27 21 71 49 100 59 31 24 64 4 2 84 17 35 84 22 91 40 100 74 51 21 47 72 94 81 96 39 31 28 74 72 60 91 15 34 68 35 59 5 71 67 87 28 35 74 69 54 30 94 98 82 85 84 12 13 75 52 57 13 89 95 5 50 53 7 26 83 38 57 86 88 51 59 50 36 38 0 6 29 42 99 72 65 98 4 27 39 82 9 42 86 82 89 43 91 68 83 21 23 57 98 65 96 21 92 51 34 11 53 90 46 3 65 1 70 37 16 50 64 38 0 31 55 54 90 52 95 72 50 12 48 70 36 13 11 63 83 90 71 51 81 32 85 38 84 84 47 47 29 42 12 78 3 12 72 78 11
75 31 56 80 0 66 81 16 50 64 75 68 13 88 86 76 8 26 16 43 95 95 51 2 69 78 48 71 88 78 70 52 47 25 20 44 67 9 51 79 72 86 12 23 25 85 93 29 15 96 60 95 89 10 50 51 77 71 37 42 32 22 71 48 78 10 63 82 87 60 80 66 79 69 47 52 32 99 71 1 6 0 49 60 27 46 84 57 22 48 55 0 68 32 38 13 97 63 42 90 16 58 94 80 84 42 61 56 23 85 60 49 95 31 84 91 73 70 34 1 73 47 5 84 52 20 45 37 92 94 43 83 23 63 28 17 91 40 59 52 25 61 67 48 23 5 86 5 56 85 39 27 90 7 40 76 52 97 74 47 34
89 25 85 61 45 74 54 70 45 41 52 1 64 12 88 79 81 54 73 16 24 59 37 1 35 53 16 50 46 60 70 59 0 9 84 72 59 50 60 86 75 39 98 84 92 50 38 10 83 70 68 80 1 39 5 79 24 22 76 22 71 68 100 77 88 34 20 83 29 64 87 71 7 28 33 55 29 70 49 82 29 49 0 53 0 32 13 18 34 66 95 46 24 24 89 80 43 87 18 7 40 20 75 51 100 3 65 1 91 72 40 91 58 23 72 3 84 75 53 61 80 53 96 96 62 100 99 44 78 4 74 26 87 25 85 70 7 92 74 11 43 55 4 100 91 23 4 70 26 53 52 97 61 77 19 28 63 94 97 93 25
67 50 87 28 77 73 29 26 58 37 11 40 34 13 32 3 97 39 62 11 28 63 9 25 63 69 36 15 70 13 9 89 72 47 46 26 61 40 75 83 26 99 77 24 51 41 7 92 9 61 85 27 98 5 44 99 82 48 24 72 33 74 7 81 59 6 4 55 42 7 15 5 92 65 76 19 67 96 43 12 42 60 53 0 75 16 17 15 10 87 83 41 60 20 21 27 57 33 17 25 24 21 43 15 5 57 90 28 1 8 75 27 64 80 57 97 3 69 14 25 23 26 63 51 66 57 10 58 74 12 44 13 73 59 39 15 15 84 9 79 44 52 30 79 41 37 68 88 43 57 91 54 8 6 86 21 5 60 68 52 65
67 100 72 12 68 34 12 15 16 67 1 6 85 91 7 60 64 44 26 40 91 53 62 32 26 0 15 52 70 80 10 2 66 22 70 98 75 55 64 74 34 55 4 32 14 17 79 2 41 81 29 1 0 16 11 68 49 22 39 94 84 97 23 37 71 63 73 29 48 51 56 21 7 93 53 69 78 85 93 20 99 27 0 75 0 16 27 84 10 55 21 27 51 44 55 92 59 18 3 72 46 38 19 68 77 76 72 38 18 26 64 92 74 8 78 32 72 71 36 60 55 53 6 59 99 69 37 71 41 41 96 36 68 34 64 87 58 35 69 13 98 88 15 53 2 94 93 29 5 10 54 43 35 85 80 99 78 5 87 18 48
1 93 73 70 82 99 43 40 46 62 99 77 49 39 44 59 53 100 14 2 72 83 64 41 12 53 40 27 57 82 20 23 35 56 92 71 64 7 11 12 0 43 100 3 2 96 4 42 86 39 18 76 27 88 84 30 17 6 85 87 1 51 88 45 86 65 81 46 31 64 86 75 94 88 18 43 75 28 98 4 72 46 32 16 16 0 57 1 83 55 8 11 17 19 54 46 59 64 23 91 46 79 97 53 81 81 98 64 87 84 69 16 6 87 69 97 8 20 9 63 33 100 60 74 47 100 66 4 59 36 1 28 42 79 73 41 0 73 56 73 70 9 55 42 83 100 46 96 96 15 30 99 18 30 77 6 68 89 77 65 83
92 8 74 3 43 38 72 71 100 7 38 32 62 3 81 81 72 81 30 3 78 53 45 91 62 44 72 1 57 2 77 83 77 71 81 31 79 78 50 33 46 68 59 48 72 49 73 98 1 94 3 98 27 51 29 81 78 83 32 21 16 60 57 89 49 48 8 5 80 65 4 11 19 30 94 54 48 18 47 8 65 84 13 17 27 57 0 17 86 67 97 79 96 19 1 90 55 8 18 83 66 92 76 72 84 33 84 66 2 90 33 42 12 91 53 79 29 78 20 92 3 22 51 95 85 6 0 64 92 79 2 44 26 95 19 83 41 17 68 56 67 81 2 59 91 63 87 26 3 57 78 68 10 30 24 46 49 41 1 85 29
24 24 2 8 11 99 97 37 39 10 88 16 40 60 97 70 57 59 33 88 58 76 83 89 4 99 80 74 12 96 98 3 84 24 85 60 32 38 88 20 36 21 63 52 77 8 51 39 59 37 28 100 68 97 71 1 2 22 3 39 100 64 67 38 36 28 2 10 55 82 69 1 22 66 24 22 36 7 21 39 98 57 18 15 84 1 17 0 39 10 84 43 58 32 21 6 2 25 28 62 21 60 63 2 91 78 61 83 47 8 62 22 56 67 72 58 56 89 2 17 14 87 69 85 18 76 14 72 3 35 5 90 39 66 12 16 14 9 73 17 22 64 1 19 49 38 52 29 85 73 57 18 56 8 58 79 98 34 28 59 36
38 85 36 24 52 76 79 46 24 94 56 11 22 30 79 43 16 87 43 16 50 96 5 36 45 54 70 33 68 52 59 57 65 68 79 78 64 51 25 93 57 93 42 51 2 93 53 84 54 23 96 1 21 60 3 34 85 5 69 65 18 19 78 26 38 54 67 4 40 34 48 91 93 80 5 92 47 18 90 19 4 22 34 10 10 83 86 39 0 90 96 47 96 24 15 83 27 54 4 38 49 68 88 49 26 32 32 1 20 65 60 81 79 50 60 35 73 82 87 28 35 14 59 53 12 70 54 42 41 44 55 46 47 25 61 14 74 97 90 45 93 36 39 41 22 7 24 1 11 84 12 26 44 42 74 44 35 53 79 0 26
5 4 14 77 73 77 18 43 39 90 17 45 65 17 57 90 25 57 14 65 12 49 19 42 38 14 57 30 11 0 42 68 97 79 29 20 31 45 80 36 96 4 59 32 1 98 84 86 87 75 54 25 53 9 78 72 54 61 78 21 70 27 0 53 13 59 11 94 83 83 75 49 23 21 78 43 36 8 25 86 27 48 66 87 55 55 67 10 90 0 53 91 85 0 79 59 62 14 81 75 83 57 78 53 3 15 38 57 6 33 52 68 1 73 68 53 15 97 80 68 58 2 47 94 14 1 56 46 76 4 87 48 46 39 91 74 65 56 97 45 69 78 94 65 12 24 97 86 81 26 80 54 56 83 65 90 29 8 42 5 54
40 61 59 62 84 52 86 51 45 6 24 31 34 96 3 3 72 92 85 81 97 44 86 76 64 63 60 27 50 21 42 60 12 69 37 75 57 94 76 8 64 63 27 9 17 79 83 79 27 33 35 65 67 56 72 71 17 21 20 93 87 52 59 15 78 87 80 84 78 49 85 59 58 1 7 23 79 35 75 34 39 55 95 83 21 8 97 84 96 53 0 30 29 55 14 10 61 46 37 1 39 29 37 61 37 0 13 77 36 18 34 96 48 0 49 89 1 59 98 60 16 33 95 60 53 63 79 24 44 84 21 44 3 33 4 23 51 66 4 28 48 44 15 43 40 33 26 12 31 23 42 97 42 14 53 19 18 40 92 99 56
34 43 93 19 77 76 76 85 95 1 79 48 79 92 3 66 40 39 99 28 36 67 8 65 60 35 73 73 32 25 6 43 71 78 89 76 8 46 74 42 4 76 67 59 41 80 92 93 86 64 61 9 34 75 5 79 5 62 49 72 79 80 46 27 78 13 92 34 77 15 3 100 88 38 20 91 50 20 94 46 82 0 46 41 27 11 79 43 47 91 30 0 87 23 100 84 15 83 24 98 75 18 20 37 2 27 37 51 83 2 51 13 74 72 10 37 41 98 95 66 86 45 13 46 6 62 58 13 81 9 100 9 17 99 19 80 38 69 100 51 26 51 40 5 9 12 78 86 31 96 42 14 89 5 38 48 40 88 95 63 80
72 86 81 6 88 95 11 74 44 89 30 23 3 31 38 62 24 23 59 17 53 1 12 96 67 21 61 100 36 5 24 76 86 31 99 2 32 17 65 79 51 2 70 78 18 24 51 5 59 2 12 5 81 70 5 47 58 35 18 24 46 93 14 42 79 62 5 2 16 19 86 90 21 23 32 20 53 20 81 92 9 68 24 60 51 17 96 58 96 85 29 87 0 64 89 8 84 33 81 54 88 20 45 44 49 27 36 46 36 31 30 36 72 72 77 15 57 37 4 18 10 67 16 94 71 66 35 16 43 42 61 79 85 12 47 60 40 43 2 25 19 41 27 66 92 59 48 22 65 25 54 33 43 66 25 26 26 84 71 65 64
80 85 68 27 47 100 66 63 44 67 46 32 78 2 42 93 18 33 43 97 31 100 10 78 99 17 17 49 9 53 88 89 22 56 30 48 1 94 69 25 5 5 88 34 4 51 39 57 74 28 25 38 96 59 17 67 71 28 29 10 28 86 83 69 74 13 92 18 5 38 64 52 37 81 34 26 19 54 63 23 42 32 24 20 44 19 19 32 24 0 55 23 64 0 49 92 5 57 13 88 99 17 91 27 85 64 10 7 21 22 76 61 88 85 88 18 14 95 96 3 95 47 70 49 88 61 59 2 6 67 44 34 1 17 37 64 67 42 71 93 75 25 21 8 60 14 86 71 7 75 90 95 16 45 70 92 3 38 39 17 19
100 70 34 72 62 96 93 90 18 69 59 94 74 32 70 63 86 88 83 76 82 34 77 68 64 44 97 29 0 62 24 26 12 41 48 43 77 61 81 53 28 5 1 34 27 4 19 39 11 72 47 93 28 23 1 15 13 71 94 93 16 29 83 38 35 39 35 87 39 48 25 43 77 23 52 82 7 29 92 9 86 38 89 21 55 54 1 21 15 79 14 100 89 49 0 6 86 79 22 57 85 17 70 35 32 41 22 66 69 11 17 55 80 70 61 10 84 83 97 0 86 18 22 83 27 65 24 21 24 66 63 27 13 37 79 71 85 9 78 88 62 21 69 63 44 65 49 32 86 52 79 20 4 5 99 99 96 53 42 27 43
34 86 68 14 71 6 61 31 25 86 35 43 10 79 96 9 98 75 23 81 51 73 0 10 31 61 97 38 4 19 99 97 92 12 11 20 6 21 0 89 77 4 15 90 51 20 29 26 98 32 41 8 20 21 56 89 69 61 36 80 32 75 35 56 80 41 90 20 91 24 97 80 41 22 80 93 74 97 9 25 82 13 80 27 92 46 90 6 83 59 10 84 8 92 6 0 58 86 91 99 45 41 75 7 75 4 27 20 51 46 91 38 84 53 62 38 93 49 18 30 94 13 50 78 62 88 31 68 49 72 4 36 79 64 13 85 15 17 77 68 39 68 35 2 75 71 47 15 51 53 2 1 31 4 87 31 41 57 7 0 68
11 25 82 76 72 23 4 61 78 34 64 37 23 8 13 24 40 28 61 76 36 54 32 93 3 71 96 63 51 25 92 85 93 8 16 42 93 84 95 64 51 41 95 44 75 60 31 69 25 67 14 51 28 89 48 4 4 47 50 48 20 71 83 57 14 77 16 16 30 49 67 100 86 85 19 88 83 21 55 89 89 97 43 57 59 59 55 2 27 62 61 15 84 5 86 58 0 23 49 7 76 39 34 6 34 75 3 100 78 58 20 9 17 3 73 38 11 33 21 48 78 43 95 30 0 59 9 47 42 15 97 15 65 49 49 66 14 53 21 41 65 84 63 65 29 69 26 38 53 50 10 82 97 27 74 33 4 9 1 45 62
45 41 67 11 100 60 7 27 49 62 42 47 57 95 86 43 37 19 82 76 31 8 94 35 31 73 75 8 30 21 88 38 42 95 38 3 2 71 82 78 83 29 24 72 3 96 95 77 5 72 93 13 10 6 33 10 9 23 19 40 30 89 50 72 27 66 88 11 18 8 9 47 4 37 31 23 75 72 33 16 43 63 87 33 18 64 8 25 54 14 46 83 33 57 79 86 23 0 6 36 94 71 80 68 54 16 56 62 0 72 98 0 90 12 18 69 100 96 68 48 50 18 81 54 35 5 31 46 29 84 36 89 79 59 28 45 22 89 78 61 92 70 10 56 21 76 85 71 51 23 74 8 40 73 22 38 94 100 89 8 30
82 54 76 6 14 25 32 43 48 30 55 26 96 89 25 27 62 92 24 96 44 77 17 22 14 71 69 14 8 5 10 45 100 81 71 21 85 63 75 87 67 75 56 30 97 77 28 35 25 44 85 25 82 9 81 65 38 55 16 9 76 43 70 78 57 29 36 32 100 53 43 23 46 36 14 20 99 91 93 87 91 42 18 17 3 23 18 28 4 81 37 24 81 13 22 91 49 6 0 85 37 39 68 82 26 39 61 78 52 26 30 64 18 66 17 57 93 30 7 75 71 82 31 76 21 85 68 89 95 26 53 93 68 81 66 68 89 22 58 33 100 48 26 76 48 24 16 62 92 24 22 78 41 83 92 51 46 89 5 50 52
90 49 40 65 14 3 75 31 72 54 79 27 0 89 83 45 91 67 8 14 7 40 60 4 76 28 97 21 41 90 36 54 4 42 36 74 35 96 70 39 63 80 86 73 26 69 86 38 86 44 12 22 65 68 19 95 50 69 13 2 29 97 52 30 93 93 21 81 20 44 46 50 76 2 19 94 58 31 6 42 68 90 7 25 72 91 83 62 38 75 1 98 54 88 57 99 7 36 85 0 36 53 91 92 54 46 58 80 61 43 28 52 77 21 40 82 2 32 9 91 1 16 43 7 42 30 41 59 50 16 92 69 88 86 67 41 24 100 63 76 68 71 37 98 54 35 100 67 54 22 38 43 84 52 79 95 44 84 16 1 50
59 73 41 26 81 24 15 30 3 24 75 33 38 39 74 8 3 35 91 43 92 34 97 76 59 50 77 23 77 20 63 29 22 64 9 89 61 29 12 85 1 43 89 71 68 67 56 38 20 79 35 82 57 92 90 81 19 57 83 17 95 70 41 35 36 98 59 38 57 53 97 54 13 42 40 53 99 26 86 38 83 16 40 24 46 46 66 21 49 83 39 75 88 99 85 45 76 94 37 36 0 87 44 42 13 96 72 87 55 63 52 29 72 73 52 33 68 86 7 66 56 24 51 4 41 73 8 83 38 30 11 94 21 37 22 23 78 80 66 17 10 32 56 34 46 53 16 36 31 86 87 22 54 51 34 80 80 23 98 23 37
82 19 79 40 20 22 50 75 92 2 82 39 64 0 90 58 55 38 35 54 1 3 49 56 87 15 46 93 72 24 18 15 34 64 57 35 100 24 95 14 42 69 68 74 24 44 37 69 62 69 86 10 43 99 3 10 51 33 7 85 90 29 80 73 11 93 100 64 13 98 81 52 21 16 69 46 67 31 64 85 21 58 20 21 38 79 92 60 68 57 29 18 20 17 17 41 39 71 39 53 87 0 45 0 11 21 85 10 90 38 61 6 99 73 16 69 76 66 10 38 1 38 33 17 96 50 12 88 55 49 83 9 54 30 68 60 30 22 66 92 81 0 13 49 39 86 8 90 30 55 87 7 14 4 38 33 86 57 36 47 4
45 54 40 97 63 30 84 35 86 41 48 40 26 21 86 28 5 7 3 34 24 32 95 5 5 34 18 96 64 47 23 1 2 58 23 63 53 31 73 56 52 36 76 89 48 59 77 56 94 81 45 91 14 52 29 75 30 94 36 98 38 49 39 9 89 76 73 100 6 41 16 75 14 71 30 14 73 13 77 42 23 94 75 43 19 97 76 63 88 78 37 20 45 91 70 75 34 80 68 91 44 45 0 67 72 64 45 46 79 100 26 18 32 94 20 57 39 56 72 91 54 79 47 66 73 65 56 69 43 74 31 20 68 38 11 52 31 26 40 81 100 11 67 48 93 31 84 1 47 65 44 58 23 28 57 30 17 55 36 98 70
88 17 45 96 10 65 91 21 33 12 71 84 53 51 66 53 7 51 37 21 15 53 30 12 72 45 65 9 16 91 68 9 44 92 8 94 48 76 71 54 63 39 86 77 10 80 2 26 10 4 4 10 40 66 48 88 88 77 81 81 49 43 51 52 10 50 36 89 98 0 78 89 48 49 73 37 96 75 40 49 57 80 51 15 68 53 72 2 49 53 61 37 44 27 35 7 6 68 82 92 42 0 67 0 49 66 86 38 19 78 26 36 41 93 36 59 34 31 38 44 24 98 54 61 77 74 63 88 70 70 58 85 74 98 63 44 1 15 41 0 84 32 29 79 82 72 15 48 40 48 84 26 74 18 66 55 39 69 77 12 20
68 96 99 21 76 87 70 22 75 13 91 35 50 65 60 19 12 85 53 46 100 11 99 66 87 62 50 10 71 52 5 51 60 67 73 5 60 84 89 83 1 13 9 41 42 63 67 68 47 95 31 78 43 23 63 11 34 11 47 95 2 0 15 80 56 20 97 42 34 57 26 23 58 31 50 100 9 20 91 28 98 84 100 5 77 81 84 91 26 3 37 2 49 85 32 75 34 54 26 54 13 11 72 49 0 14 85 89 15 100 74 36 26 42 27 91 9 85 62 94 36 29 12 85 2 59 91 69 61 9 39 10 26 24 4 31 37 72 85 81 12 52 76 53 51 51 56 95 86 60 99 65 38 24 43 43 12 2 39 43 99
88 71 30 97 81 100 13 69 49 67 43 14 89 14 88 69 30 48 96 30 79 15 62 7 95 25 78 47 15 71 46 93 11 12 42 52 81 39 16 9 52 50 85 8 76 64 33 19 58 64 67 87 31 7 34 73 12 94 74 53 91 38 50 53 71 95 76 75 88 62 55 30 99 8 41 98 91 62 26 91 65 42 3 57 76 81 33 78 32 15 0 27 27 64 41 4 75 16 39 46 96 21 64 66 14 0 49 88 99 49 69 36 9 22 89 0 22 87 24 98 70 22 95 91 9 25 22 14 11 37 65 100 28 0 50 64 64 76 83 54 35 77 41 96 76 58 2 50 48 90 59 88 47 93 19 97 50 91 23 80 47
47 19 3 30 60 79 85 83 4 2 68 24 62 72 74 82 83 8 87 33 17 32 71 51 77 46 40 91 55 25 67 45 66 17 29 80 78 21 47 38 37 27 88 79 81 26 17 48 66 60 54 45 57 13 64 40 12 50 22 98 26 32 18 0 45 9 92 35 75 35 17 15 43 92 1 61 87 39 14 38 96 61 65 90 72 98 84 61 32 38 13 37 36 10 22 27 3 56 61 58 72 85 45 86 85 49 0 93 47 29 58 74 80 28 44 0 91 12 33 40 68 86 58 20 89 28 30 83 70 7 51 76 17 29 15 89 6 10 44 41 31 57 70 65 29 55 43 91 90 19 17 13 11 88 79 78 16 79 64 50 57
46 91 36 61 83 14 21 28 38 5 71 91 68 18 38 56 3 93 60 20 55 94 62 38 57 44 20 14 42 30 6 25 33 88 26 3 87 97 41 46 64 61 42 22 35 37 67 65 64 41 10 25 12 87 23 7 93 30 70 100 94 33 79 35 88 12 73 73 19 13 21 0 74 65 80 99 93 50 93 45 21 56 1 28 38 64 66 83 1 57 77 51 46 7 66 20 100 62 78 80 87 10 46 38 89 88 93 0 13 3 56 39 97 1 39 17 5 0 9 5 89 88 61 82 63 45 54 80 20 75 29 100 77 19 68 23 75 90 0 33 93 66 47 65 58 73 53 38 2 88 27 53 99 28 97 13 57 19 36 18 83
69 73 73 48 75 12 53 24 94 93 73 38 81 54 66 24 3 20 3 42 71 67 29 4 73 48 48 38 90 20 48 69 2 60 57 93 80 63 63 96 76 42 7 13 42 97 80 37 95 98 9 41 9 54 5 37 98 71 31 11 13 65 61 5 5 83 93 3 65 64 24 56 50 56 67 9 84 30 58 67 92 23 91 1 18 87 2 47 20 6 36 83 36 21 69 51 78 0 52 61 55 90 79 19 15 99 47 13 0 52 33 64 12 23 80 97 15 57 4 14 48 43 34 23 32 51 59 29 39 8 35 17 23 89 28 44 18 0 62 19 39 58 43 52 35 61 63 35 68 61 27 53 60 73 50 14 58 84 60 65 48
27 36 65 40 50 18 82 19 61 63 7 95 32 2 47 18 7 13 13 71 10 58 79 5 77 54 87 31 99 59 25 36 10 53 87 8 1 3 100 63 90 45 14 87 18 35 0 12 100 22 41 19 74 22 46 58 26 68 40 23 86 92 56 98 45 87 85 14 4 41 70 47 67 48 48 25 38 100 3 19 51 85 72 8 26 84 90 8 65 33 18 2 31 22 11 46 58 72 26 43 63 38 100 78 100 49 29 3 52 0 40 96 47 46 85 20 80 25 72 78 22 49 3 0 96 8 70 84 8 33 6 32 10 16 89 15 89 42 19 40 11 30 82 96 35 29 87 75 66 56 24 79 74 27 27 11 31 63 37 78 91
89 69 94 63 62 58 30 62 83 86 40 0 66 97 11 99 59 41 3 13 18 90 41 5 74 56 56 88 26 51 69 67 65 94 76 17 42 17 31 5 33 87 21 25 17 86 54 78 49 88 87 8 80 11 60 58 35 9 50 48 1 91 54 45 68 56 81 83 29 42 50 95 82 0 50 96 51 28 77 74 34 60 40 75 64 69 33 62 60 52 34 51 30 76 17 91 20 98 30 28 52 61 26 26 74 69 58 56 33 40 0 73 28 20 77 37 53 84 44 18 73 60 16 10 27 95 70 97 100 93 36 49 87 3 18 7 64 43 20 71 39 25 32 87 3 85 8 72 17 14 47 62 72 95 39 43 67 67 23 99 70
16 44 72 61 20 68 82 72 50 10 5 43 49 33 10 62 64 67 9 50 59 49 77 68 93 99 59 66 83 79 91 87 3 99 1 26 30 79 98 18 72 12 52 14 96 26 62 46 73 23 24 30 19 33 89 35 83 13 57 11 37 50 72 53 59 32 22 57 39 77 27 26 48 48 22 85 31 8 62 47 11 49 91 27 92 16 42 22 81 68 96 13 36 61 55 38 9 0 64 52 29 6 18 36 36 36 74 39 64 96 73 0 42 9 71 96 18 44 11 43 93 72 75 53 86 89 55 23 38 74 98 85 54 62 92 41 87 42 100 89 84 17 5 87 70 75 71 13 49 21 29 16 100 96 10 57 89 8 18 64 41
26 6 73 64 39 66 73 21 6 58 84 41 29 63 2 75 0 42 36 3 79 68 63 26 81 64 34 53 55 62 21 2 17 13 66 68 98 50 76 62 34 88 29 32 27 20 27 13 18 5 48 21 31 54 4 89 31 48 28 66 34 72 93 46 0 68 60 39 66 24 21 72 49 31 93 35 22 32 7 99 53 95 58 64 74 6 12 56 79 1 48 74 72 88 80 84 17 90 18 77 72 99 32 41 26 9 80 97 12 47 28 42 0 32 46 25 19 52 7 97 92 0 14 32 52 70 68 44 28 15 95 47 81 96 31 82 76 72 38 91 92 79 37 15 18 0 54 87 90 78 8 24 77 93 56 86 99 82 20 87 47
91 76 89 70 56 29 77 49 5 26 94 64 38 2 35 28 27 67 30 1 19 43 100 68 39 15 55 13 36 51 63 83 62 75 95 91 33 85 70 29 10 70 13 82 21 45 11 91 11 43 98 72 79 99 70 15 2 17 95 46 98 36 61 18 62 12 77 69 25 40 8 50 19 54 48 89 76 52 58 19 90 31 23 80 8 87 91 67 50 73 0 72 72 85 70 53 3 12 66 21 73 73 94 93 42 22 28 1 23 46 20 9 32 0 28 72 47 28 69 50 12 52 18 74 35 39 94 86 63 64 53 58 91 90 62 7 50 25 44 57 70 26 52 56 96 33 47 21 49 81 37 31 79 2 6 76 82 68 78 92 0
65 70 0 88 98 61 70 43 53 70 75 16 15 62 21 13 11 70 54 12 74 93 91 71 5 23 7 77 92 5 13 17 36 85 57 25 82 75 88 100 93 13 63 72 56 20 65 71 89 22 38 20 86 62 100 85 17 75 8 69 12 59 22 29 92 20 47 12 35 38 56 83 53 21 58 7 50 60 15 71 46 84 72 57 78 69 53 72 60 68 49 10 77 88 61 62 73 18 17 40 52 16 20 36 27 89 44 39 80 85 77 71 46 28 0 94 13 84 30 83 55 71 95 25 64 79 15 52 47 5 25 67 41 18 21 8 98 62 62 49 72 11 33 86 27 33 28 24 64 35 2 20 83 65 1 24 68 51 73 6 87
14 39 13 56 6 60 43 43 21 70 40 22 31 91 37 20 63 89 78 79 27 92 97 80 57 34 53 70 56 25 80 60 35 11 50 72 48 37 10 81 79 62 12 83 10 19 89 51 76 65 30 98 78 68 51 79 40 44 6 58 16 8 50 66 91 45 21 62 6 77 78 26 26 48 96 69 94 50 98 15 3 91 3 97 32 97 79 58 35 53 89 37 15 18 10 38 38 69 57 82 33 69 57 59 91 0 0 17 97 20 37 96 25 72 94 0 93 64 58 51 59 43 56 31 100 24 76 16 44 40 56 58 37 76 94 99 49 58 90 34 72 54 20 52 88 22 30 26 4 31 24 78 44 38 76 67 41 0 91 14 64
13 66 100 83 47 10 19 56 100 47 98 85 99 57 97 25 0 91 61 99 12 1 1 56 83 93 92 60 71 67 75 38 60 71 89 17 92 11 39 20 83 21 60 75 72 1 76 53 89 51 64 39 51 75 45 28 59 19 49 45 8 11 42 92 16 21 15 77 10 82 35 64 3 74 81 84 97 97 0 45 65 73 84 3 72 8 29 56 73 15 1 41 57 14 84 93 11 100 93 2 68 76 39 34 9 22 91 5 15 80 53 18 19 47 13 93 0 43 74 13 37 23 75 32 93 53 56 11 47 71 42 15 26 18 26 99 46 92 91 32 42 97 16 53 33 11 89 76 100 24 56 99 23 92 56 60 54 85 71 11 74
86 91 40 74 41 82 13 68 33 95 57 22 76 99 95 94 19 60 51 75 75 65 13 8 80 33 47 28 48 77 89 81 60 96 40 6 23 56 18 6 32 56 81 56 37 59 98 80 81 63 66 40 56 7 75 50 46 23 76 82 75 82 65 88 27 89 69 33 38 69 52 29 51 5 46 86 99 28 58 1 1 70 75 69 71 20 78 89 82 97 59 98 37 95 83 49 33 96 30 32 86 66 56 31 85 87 12 0 57 25 84 44 52 28 84 64 43 0 76 3 12 68 31 51 16 72 26 81 49 83 49 84 69 96 74 20 6 95 90 72 36 23 58 25 60 65 90 62 10 63 65 33 84 100 97 32 41 32 2 14 34
87 3 75 41 76 23 50 54 71 20 56 81 42 34 54 27 85 89 95 7 88 90 52 78 71 33 87 99 84 66 22 2 77 16 53 29 56 33 84 7 28 5 55 81 82 78 95 82 27 9 22 47 14 34 86 74 67 85 86 23 24 63 78 12 79 39 53 9 83 87 26 79 9 48 3 96 100 58 53 38 70 34 53 14 36 9 20 2 87 80 98 95 4 96 97 18 21 68 7 9 7 10 72 38 62 24 33 9 4 72 44 11 7 69 30 58 74 76 0 26 96 73 45 26 76 11 60 53 72 65 8 87 54 56 47 77 52 55 64 90 30 46 82 45 76 44 8 26 10 12 89 28 72 16 65 85 9 22 55 48 57
25 95 88 78 66 0 29 83 92 45 28 68 9 12 3 39 19 29 46 81 83 20 82 66 2 19 56 74 5 3 92 49 60 58 55 75 92 39 28 73 70 24 75 74 55 54 86 96 46 99 89 12 60 35 5 14 62 11 61 66 33 27 48 19 31 94 64 49 38 68 97 10 29 66 61 85 60 93 37 84 37 1 61 25 60 63 92 17 28 68 60 66 18 3 0 30 48 48 75 91 66 38 91 44 94 98 40 5 14 78 18 43 97 50 83 51 13 3 26 0 89 38 26 28 81 81 60 17 10 39 2 13 32 87 67 90 29 81 33 45 96 39 22 36 78 29 90 69 92 74 81 74 29 10 46 39 78 75 72 98 100
79 12 64 4 88 85 30 74 73 39 83 49 78 91 89 84 74 3 42 71 100 24 21 19 16 16 66 17 92 36 31 62 99 14 10 79 27 4 77 65 1 58 40 8 59 85 86 67 78 86 87 13 57 93 75 16 55 81 53 15 0 55 3 49 49 39 53 15 76 29 6 57 47 94 63 59 31 100 47 1 16 73 80 23 55 33 3 14 35 58 16 86 10 95 86 94 78 50 71 1 56 1 54 24 36 70 68 89 48 22 73 93 92 12 55 59 37 12 96 89 0 10 91 58 36 75 66 46 18 12 90 18 59 72 85 58 7 16 47 71 14 18 27 92 33 11 10 58 97 12 12 79 35 22 95 18 65 54 76 91 74
86 28 65 55 93 22 77 93 49 53 8 53 2 43 76 76 63 52 53 99 70 98 77 18 8 78 22 36 53 6 32 99 36 81 71 32 44 35 53 69 94 50 92 88 16 96 82 20 20 75 14 55 1 53 63 9 79 73 97 38 47 62 75 32 65 96 62 84 50 81 83 91 36 52 92 4 36 45 52 99 50 47 53 26 53 100 22 87 14 2 33 45 67 47 18 13 43 18 82 16 24 38 79 98 29 22 86 88 43 49 60 72 0 52 71 43 23 68 73 38 10 0 44 76 74 47 29 69 2 7 100 71 48 88 18 5 12 54 25 28 20 30 11 41 30 25 28 49 16 31 68 50 68 51 42 18 48 50 88 63 71
0 87 32 86 89 8 86 98 21 37 62 66 65 67 43 80 74 18 93 13 62 27 83 100 72 35 98 59 79 97 12 25 61 81 85 68 53 85 70 97 89 100 95 82 56 10 7 32 51 12 12 40 87 94 22 45 31 9 70 43 18 26 37 78 32 68 31 87 20 35 61 95 2 79 53 46 83 19 38 59 64 5 96 63 6 60 51 69 59 47 95 13 16 70 22 50 95 81 31 43 51 33 47 54 12 95 58 61 34 3 16 75 14 18 95 56 75 31 45 26 91 44 0 7 98 82 87 99 5 23 44 83 85 86 3 75 72 1 36 24 91 11 55 12 12 83 49 16 83 77 85 92 48 23 97 60 23 30 88 43 37
6 17 12 70 87 61 26 62 53 57 32 35 16 39 13 34 83 82 24 80 83 49 39 82 79 24 66 36 54 64 61 66 59 93 45 48 40 32 32 55 8 60 17 28 43 91 24 82 98 49 50 24 19 81 100 85 19 92 51 33 69 58 94 76 37 88 87 60 60 16 50 95 46 84 15 47 3 21 50 61 38 84 96 51 59 74 95 85 53 94 60 46 94 49 83 78 30 54 76 7 4 17 66 61 85 91 20 82 23 0 10 53 32 74 25 31 32 51 26 28 58 76 7 0 73 44 36 0 31 36 78 34 99 72 18 20 91 87 45 18 0 59 86 82 95 1 25 27 75 75 16 37 7 96 94 74 17 21 80 49 52
86 87 21 19 26 28 43 70 18 70 17 8 45 42 85 22 64 11 71 46 60 60 13 59 76 92 54 74 78 96 77 48 12 32 14 32 40 78 22 19 75 35 63 99 10 63 55 22 85 55 99 4 41 61 80 19 13 72 85 98 77 0 59 65 5 10 79 53 39 24 3 42 0 49 4 19 98 81 86 58 0 52 62 66 99 47 85 18 12 14 53 6 71 88 27 62 0 35 21 42 41 96 73 77 2 9 89 63 32 96 27 86 52 35 64 100 93 16 76 81 36 74 98 73 0 35 100 32 56 14 82 33 2 15 63 72 97 3 24 80 23 66 8 77 91 36 61 36 8 8 58 72 18 22 5 8 0 59 77 12 48
83 80 61 22 21 43 5 19 41 17 12 97 3 62 1 20 38 5 24 72 64 36 57 62 82 12 39 61 58 93 13 91 26 100 26 57 66 14 22 47 93 97 18 60 78 77 70 65 36 17 36 47 25 92 28 54 36 83 88 82 37 79 95 22 55 81 30 37 28 26 35 88 89 54 11 37 99 86 95 63 31 20 100 57 69 100 6 76 70 1 63 62 66 61 65 88 59 5 85 30 73 50 65 74 59 25 28 45 51 8 95 89 70 39 79 24 53 72 11 81 75 47 82 44 35 0 5 69 95 99 59 23 2 68 48 84 100 81 8 20 45 77 70 65 53 62 7 67 65 84 48 28 86 100 99 44 71 69 89 79 87
51 25 34 21 37 98 70 21 85 18 7 1 78 47 95 97 73 14 32 79 67 65 2 95 90 78 52 46 79 21 56 77 78 71 18 97 42 16 92 81 85 81 5 38 6 86 20 26 34 25 73 50 31 91 13 64 20 97 99 86 50 40 93 78 10 8 36 1 67 63 42 62 100 20 100 79 96 62 14 95 55 45 99 10 37 66 0 14 54 56 79 58 35 59 24 31 9 31 68 41 8 12 56 63 91 22 30 54 59 70 70 55 68 94 15 76 56 26 60 60 66 29 87 36 100 5 0 34 25 98 22 7 1 61 53 48 60 88 24 26 87 56 19 91 48 72 63 19 23 31 70 29 37 8 66 91 29 53 13 39 89
11 93 55 20 46 0 29 4 48 45 0 44 43 49 43 85 36 53 54 75 44 68 84 55 42 12 11 88 46 26 45 33 79 8 24 40 30 32 28 25 86 82 10 88 52 49 11 28 43 25 31 16 21 22 66 4 80 60 0 88 48 46 20 83 2 85 8 45 71 46 59 74 68 50 12 47 75 66 63 93 54 37 44 58 71 4 64 72 42 46 24 13 16 2 21 68 47 46 89 59 83 88 69 88 69 14 83 80 29 84 97 23 44 86 52 16 11 81 53 17 46 69 99 0 32 69 34 0 84 59 91 6 22 21 50 29 55 78 95 75 50 30 16 61 13 6 68 95 2 10 12 89 76 51 54 3 40 60 56 41 2
62 12 88 32 58 65 10 19 96 93 84 37 68 96 80 46 15 40 34 14 21 96 82 35 6 2 39 94 56 81 68 38 4 76 99 44 55 91 91 96 70 63 55 8 38 5 18 40 58 99 9 81 85 27 4 9 3 49 22 54 77 53 25 75 89 60 44 59 43 77 11 65 38 34 55 20 11 95 38 65 90 92 78 74 41 59 92 3 41 76 44 81 43 6 24 49 42 29 95 50 38 55 43 70 61 11 70 20 39 8 100 38 28 63 47 44 47 49 72 10 18 2 5 31 56 95 25 84 0 3 69 67 80 80 30 30 66 75 24 21 59 66 38 96 29 51 17 62 66 16 82 40 63 47 97 58 98 78 35 64 40
55 6 24 2 67 36 14 95 66 88 41 95 2 72 5 59 43 39 43 11 54 13 79 2 75 44 59 24 46 92 62 40 86 13 49 80 50 64 5 66 44 88 0 88 8 43 28 77 58 17 77 39 57 17 82 76 38 85 20 0 74 79 42 20 93 33 56 26 77 16 56 78 20 53 20 93 8 97 61 22 52 94 4 12 41 36 79 35 44 4 84 9 42 67 66 72 15 84 26 16 30 49 74 70 9 37 7 75 8 33 93 74 15 64 5 40 71 83 65 39 12 7 23 36 14 99 98 59 3 0 57 55 72 53 51 28 50 11 59 92 68 91 37 75 10 15 57 72 96 6 21 41 0 13 86 49 4 39 37 96 69
14 40 59 83 68 53 82 3 51 4 59 81 77 41 67 73 56 52 49 1 64 67 27 76 30 36 72 2 76 20 71 17 89 20 16 41 18 31 69 38 7 73 54 66 84 80 59 9 75 91 31 12 17 31 38 69 49 23 91 14 94 40 93 30 2 60 89 54 25 62 81 95 57 74 45 85 16 54 29 12 95 43 74 44 96 1 2 5 55 87 21 100 61 44 63 4 97 36 53 92 11 83 31 58 39 65 51 29 35 6 36 98 95 53 25 56 42 49 8 2 90 100 44 78 82 59 22 91 69 57 0 29 96 51 12 7 91 87 85 79 73 54 68 12 44 31 70 26 49 71 3 81 0 44 73 9 92 61 92 98 43
84 25 56 79 72 59 98 1 88 49 15 40 63 5 42 67 87 26 48 27 23 52 72 35 56 17 94 90 55 26 65 58 18 70 95 37 26 74 3 92 57 57 57 42 66 89 54 13 55 70 39 76 76 52 89 14 41 75 60 20 14 55 1 13 57 53 54 4 11 62 47 95 22 7 77 4 34 16 91 56 72 83 26 13 36 28 44 90 46 48 44 9 79 34 27 36 15 89 93 69 94 9 20 85 10 100 76 100 17 32 49 85 47 58 67 58 15 84 87 13 18 71 83 34 33 23 7 6 67 55 29 0 59 52 33 26 98 70 62 96 23 79 21 53 78 41 7 97 96 64 23 9 51 71 42 30 84 61 64 84 39
63 13 43 73 25 40 59 30 56 0 60 98 62 0 100 76 1 84 99 1 68 44 15 67 62 97 0 67 63 62 91 60 3 63 53 78 11 36 80 79 83 19 48 1 32 40 74 33 70 11 45 24 89 64 11 28 16 34 65 46 84 90 49 86 88 86 27 89 36 32 95 35 99 84 27 86 17 14 89 71 50 23 87 73 68 42 26 39 47 46 3 17 85 1 13 79 65 79 68 88 21 54 68 74 26 28 17 77 23 10 87 54 81 91 41 37 26 69 54 32 59 48 85 99 2 2 1 22 80 72 96 59 0 80 34 10 90 87 94 4 22 9 69 6 6 17 15 15 37 40 76 74 69 63 61 46 3 46 0 46 93
43 28 71 57 33 70 88 84 79 0 95 62 93 87 85 5 58 90 88 40 13 16 53 27 21 53 74 43 21 9 86 29 63 37 93 57 25 45 13 48 66 55 77 5 81 0 71 74 3 95 30 39 34 68 96 75 34 33 64 30 98 80 22 32 23 73 25 41 39 14 99 25 3 88 10 71 61 75 43 2 12 63 25 59 34 79 95 66 25 39 33 99 12 17 37 64 49 59 81 86 37 30 38 98 24 0 29 19 89 16 3 62 96 90 18 76 18 96 56 87 72 88 86 72 15 68 61 21 80 53 51 52 80 0 0 54 18 55 74 56 33 89 84 70 14 0 36 46 60 24 43 49 66 37 88 87 59 69 14 23 42
74 37 18 74 11 22 1 99 45 42 70 84 20 27 68 95 41 57 78 26 2 57 99 9 69 71 43 26 13 64 27 62 39 95 32 35 2 76 88 62 58 54 70 4 39 47 48 62 45 98 49 86 30 23 83 27 15 68 47 59 14 85 82 65 77 25 59 0 44 27 16 53 61 76 7 24 11 85 40 61 48 28 85 39 64 73 19 12 61 91 4 19 47 37 79 13 49 28 66 67 22 68 11 63 4 50 15 68 28 89 18 92 31 62 21 94 26 74 47 67 85 18 3 18 63 48 53 50 30 51 12 33 34 0 0 51 3 38 40 85 14 83 25 21 51 49 80 67 32 57 18 5 45 4 35 69 9 7 74 85 66
51 67 36 0 66 12 1 37 14 38 89 75 5 78 40 93 34 6 45 20 34 47 88 34 4 39 88 64 72 28 26 52 71 30 82 25 16 55 90 97 82 55 97 46 50 36 16 87 36 59 68 41 72 83 43 76 38 20 89 87 3 29 61 52 57 46 63 100 80 68 19 58 56 100 89 6 78 34 0 0 70 17 70 15 87 41 83 16 14 74 23 80 60 64 71 85 66 45 68 41 23 60 52 44 31 64 89 23 44 15 7 41 82 7 8 99 99 20 77 90 58 5 75 20 72 84 48 29 30 28 7 26 10 54 51 0 94 17 64 0 22 82 61 53 59 14 19 31 25 97 68 10 64 28 24 59 78 46 55 65 21
47 60 82 83 4 9 100 15 77 63 69 57 3 74 30 58 40 12 7 48 48 28 53 97 89 92 99 56 15 100 66 22 98 73 19 37 45 21 95 47 81 85 42 46 21 24 61 65 81 64 70 70 10 20 88 6 41 1 79 50 69 32 31 66 100 36 63 63 65 71 68 76 63 17 36 55 95 34 46 75 36 91 7 15 58 0 41 14 74 65 51 38 40 67 85 15 14 22 89 24 78 30 31 1 37 64 6 75 18 89 64 87 76 50 98 49 46 6 52 29 7 12 72 91 97 100 60 55 66 50 91 98 90 18 3 94 0 98 80 74 14 71 2 26 87 17 89 39 29 9 66 20 6 4 49 19 24 72 81 99 34
21 34 2 17 33 81 75 65 9 0 33 58 59 24 54 24 27 85 24 3 42 46 62 65 11 92 8 61 26 21 48 91 62 64 3 51 76 58 17 8 63 47 96 77 90 47 54 63 16 2 37 100 33 9 38 69 65 15 7 86 17 89 76 94 71 69 93 81 94 33 86 58 61 7 70 49 24 84 49 75 13 40 92 84 35 73 17 9 97 56 66 69 43 42 9 17 53 89 22 100 80 22 26 15 72 76 10 90 0 42 43 42 72 25 62 58 92 95 55 81 16 54 1 87 3 81 88 78 75 11 87 70 87 55 38 17 98 0 93 58 25 75 17 36 46 59 56 51 51 27 99 23 84 24 90 42 39 53 35 26 6
71 85 23 82 5 72 44 25 54 83 28 25 2 68 39 81 37 64 15 55 49 80 26 60 73 41 18 78 61 74 9 21 62 36 34 23 27 94 23 61 74 75 39 40 58 63 1 91 38 45 57 4 61 69 66 12 56 27 39 14 16 34 25 51 82 27 23 99 16 98 50 26 55 54 52 85 54 32 64 32 11 59 74 9 69 56 68 73 90 97 4 100 2 71 78 77 21 78 58 63 66 66 40 41 85 83 44 0 62 19 20 100 38 44 62 90 91 90 64 33 47 25 36 45 24 8 24 95 24 59 85 62 94 74 40 64 80 93 0 79 39 70 38 19 33 83 95 80 27 72 13 28 68 61 91 15 6 32 1 18 27
11 94 46 94 29 36 75 84 40 3 77 35 10 17 58 32 13 58 78 14 35 46 29 47 73 94 60 72 56 59 13 23 98 6 1 92 55 53 59 67 85 92 93 87 95 32 28 33 74 0 37 38 91 1 3 93 92 53 2 25 57 28 86 28 6 62 88 7 62 33 17 36 90 66 66 1 6 40 65 70 63 52 11 79 13 73 56 17 45 45 28 51 25 93 88 68 41 61 33 76 17 92 81 0 81 54 41 33 19 40 71 89 91 57 49 34 32 72 90 45 71 28 24 18 80 20 26 75 21 92 79 96 4 56 85 0 74 58 79 0 40 58 73 60 16 57 6 14 0 39 62 52 31 83 68 96 36 19 26 81 79
25 23 95 91 68 16 56 96 9 17 81 69 0 16 60 69 27 51 63 58 17 41 64 8 28 27 57 31 32 9 24 74 69 6 79 57 17 29 51 52 2 61 14 81 29 3 61 55 50 53 86 7 26 10 87 42 43 7 87 96 97 87 53 17 96 59 12 81 85 20 39 67 4 80 20 74 60 75 32 88 83 25 43 44 98 70 67 22 93 69 48 26 19 75 62 39 65 92 100 68 10 81 100 84 12 35 31 93 39 11 39 84 92 70 72 72 42 36 30 96 14 20 91 0 23 45 87 50 59 68 73 23 22 33 14 22 14 25 39 40 0 3 7 74 55 23 81 41 96 13 17 8 97 91 50 89 48 65 16 76 81
57 84 25 70 82 59 42 80 63 63 42 58 11 86 29 2 73 39 41 49 98 17 79 34 25 100 63 6 70 92 6 45 99 7 26 50 38 71 65 69 26 52 62 77 54 15 69 3 21 65 87 82 61 84 62 46 38 10 27 45 98 15 56 26 51 51 89 85 5 6 34 10 43 11 60 18 77 54 46 6 90 61 55 52 88 9 81 64 36 78 44 51 41 25 21 68 84 70 48 71 32 0 11 32 52 77 57 66 58 30 25 17 79 26 11 54 97 23 46 39 18 30 11 59 66 77 56 30 66 91 54 79 9 89 83 82 71 75 70 58 3 0 54 19 87 45 43 18 63 91 75 58 5 54 15 40 60 99 44 11 14
60 94 93 98 72 44 11 61 62 43 44 56 7 61 83 88 69 39 80 84 100 82 87 46 23 72 7 100 85 26 91 63 51 60 67 12 77 37 70 98 85 92 63 65 3 98 100 6 25 65 49 29 77 96 96 51 89 75 10 29 88 50 31 1 3 55 25 11 51 20 80 11 70 52 84 27 12 23 70 77 71 67 4 30 15 55 2 1 39 94 15 40 27 21 69 35 63 10 26 37 56 13 67 29 76 41 70 47 43 82 32 5 37 52 33 20 16 58 82 22 27 11 55 86 8 70 19 16 38 37 68 21 69 84 25 61 2 17 38 73 7 54 0 90 37 23 6 98 50 42 60 74 85 1 52 40 56 3 34 89 25
65 67 99 0 94 4 72 12 10 96 89 29 53 31 82 78 85 14 54 41 89 13 43 65 0 14 97 63 13 76 97 96 51 17 95 38 28 97 83 95 1 4 71 67 16 81 61 66 42 19 8 21 80 26 1 32 58 32 11 46 99 35 21 76 68 68 68 38 47 16 94 12 76 87 57 76 32 29 83 23 51 48 100 79 53 42 59 19 41 65 43 5 66 8 63 2 65 56 76 98 34 49 48 79 53 96 65 65 52 96 87 87 15 56 86 52 53 25 45 36 92 41 12 82 77 65 91 61 96 75 12 53 6 70 21 53 26 36 19 60 74 19 90 0 15 63 34 98 18 44 4 26 31 72 53 88 40 72 100 81 42
16 52 81 26 35 31 47 48 27 62 14 16 54 17 62 6 14 32 21 65 95 68 54 25 58 91 68 45 17 92 40 54 23 56 66 31 14 7 93 22 72 48 67 81 70 26 9 38 47 50 58 92 56 80 16 72 55 78 16 79 2 81 4 97 60 79 24 58 53 90 50 68 24 36 60 61 31 78 40 20 81 23 91 41 2 83 91 49 22 12 40 9 92 60 44 75 29 21 48 54 46 39 93 82 51 76 29 58 35 35 3 70 18 96 27 88 33 60 76 78 33 30 12 95 91 53 48 13 29 10 44 78 6 14 51 59 87 46 33 16 55 87 37 15 0 68 37 82 7 52 5 65 17 66 70 20 97 89 70 58 90
28 76 19 57 95 19 80 29 11 84 100 78 11 2 52 66 58 19 92 33 72 16 47 42 46 72 15 87 74 3 9 63 64 76 54 67 96 43 67 74 64 100 92 60 12 6 56 93 93 77 44 72 48 2 8 96 95 97 16 89 29 96 19 94 26 80 85 82 42 33 25 14 77 0 26 76 24 58 64 65 32 5 23 37 94 100 63 38 7 24 33 12 59 14 65 71 69 76 24 35 53 86 31 72 51 58 55 73 61 29 85 75 0 33 33 22 11 65 44 29 11 25 83 1 36 62 72 6 51 15 31 41 17 0 49 14 17 59 83 57 23 45 23 63 68 0 69 31 91 86 36 86 16 17 74 7 93 78 69 43 9
63 51 17 85 72 17 10 89 63 41 41 48 0 40 58 56 21 16 87 3 20 99 10 71 74 17 97 26 24 38 4 58 6 49 10 89 55 51 98 47 16 83 84 17 18 47 55 85 17 62 9 78 37 78 66 22 20 80 96 42 55 57 58 9 0 1 33 24 22 15 100 56 55 72 69 30 35 47 10 35 85 86 4 68 93 46 87 52 24 97 26 78 48 86 49 47 26 85 16 100 16 8 84 15 56 2 43 53 63 87 8 71 54 47 28 30 89 90 8 90 10 28 49 25 61 7 63 68 17 57 70 7 15 36 80 19 89 56 95 6 81 43 6 34 37 69 0 69 39 4 79 87 91 70 17 25 95 35 72 10 28
21 93 22 80 86 50 24 77 1 22 49 27 82 50 96 36 20 51 65 75 47 89 33 6 74 97 99 46 34 53 17 51 3 8 27 14 3 62 78 100 69 91 11 81 53 54 14 22 37 83 38 19 28 79 38 54 99 96 14 18 52 83 21 26 24 74 38 5 24 62 23 78 45 100 3 36 85 84 91 21 38 5 70 88 29 96 26 29 1 86 12 86 22 71 32 15 38 71 62 67 36 90 1 48 95 50 91 38 35 75 72 13 87 21 24 26 76 62 26 69 58 49 16 27 36 67 19 95 62 72 26 97 15 46 67 31 39 51 80 14 41 18 98 98 82 31 69 0 43 99 51 52 54 12 57 68 59 27 76 87 86
90 96 52 95 38 7 96 54 20 3 45 6 38 72 17 76 42 73 6 77 79 83 62 44 87 13 61 77 46 15 46 22 79 35 33 45 83 32 92 64 84 79 82 15 65 74 94 56 67 1 34 72 85 64 63 1 72 65 4 60 81 2 77 66 32 14 100 0 72 80 89 56 90 52 85 51 80 87 71 24 84 56 26 43 5 96 3 85 11 81 31 31 65 7 86 51 53 51 92 54 31 30 47 40 86 48 90 2 68 66 17 49 90 49 64 4 100 10 10 92 97 16 83 75 8 65 23 2 66 96 49 96 37 60 32 25 29 51 27 0 96 63 50 18 7 91 39 43 0 19 13 22 27 2 58 75 82 84 20 69 9
92 85 32 91 32 43 35 94 46 29 77 89 94 86 94 44 33 65 41 12 97 28 3 26 70 1 15 30 99 4 33 67 77 73 25 62 25 88 47 53 20 31 96 97 71 78 91 97 56 54 50 75 36 6 24 93 79 24 57 15 86 66 33 2 98 41 50 94 54 80 69 15 18 59 6 44 88 30 43 52 84 85 53 57 10 15 57 73 84 26 23 96 25 75 52 53 50 23 24 22 86 55 65 48 60 90 19 88 61 56 14 21 78 81 35 31 24 63 12 74 12 31 77 75 8 84 31 10 16 6 71 64 40 24 57 97 9 27 72 39 13 91 42 44 52 86 4 99 19 0 52 68 33 17 43 76 55 75 38 34 12
21 98 32 7 97 79 77 60 78 64 35 46 77 18 87 69 91 54 0 9 54 87 51 12 85 96 13 37 49 39 69 18 41 3 27 46 25 59 26 37 2 87 60 30 7 31 62 87 13 88 88 16 78 21 6 9 99 5 58 75 1 72 90 25 48 93 69 54 90 66 48 49 61 80 34 19 31 41 30 59 47 39 52 91 54 30 78 57 12 80 42 42 54 90 79 2 10 74 22 38 87 87 44 84 99 59 17 27 27 24 47 29 8 37 2 24 56 65 89 81 12 68 85 16 58 48 70 12 82 21 3 23 76 43 18 68 66 99 13 62 17 75 60 4 5 36 79 51 13 52 0 71 12 20 30 85 51 75 98 95 73
36 56 84 18 14 27 26 94 25 55 26 66 58 16 70 53 17 88 12 91 92 30 89 77 63 45 27 43 79 44 82 61 43 20 54 72 80 73 23 79 62 79 12 82 95 94 41 2 9 87 69 95 47 74 54 93 66 85 34 14 13 74 45 38 88 84 35 100 56 56 73 36 14 67 45 16 6 16 7 79 47 27 97 54 43 99 68 18 26 54 97 14 33 95 20 1 82 8 78 43 22 7 58 26 65 88 13 53 53 79 62 16 24 31 20 78 99 33 28 74 79 50 92 37 72 28 29 89 40 41 81 9 74 49 5 10 20 23 28 52 8 58 74 26 65 86 87 52 22 68 71 0 4 30 8 25 78 65 78 31 62
21 13 82 58 76 22 58 80 84 74 38 26 75 91 69 11 1 88 51 30 9 92 62 39 48 22 69 19 48 34 2 34 3 63 17 88 97 76 63 16 50 42 34 57 96 98 58 60 5 34 14 58 61 58 99 77 60 24 63 94 86 52 9 39 23 13 50 4 9 8 51 60 20 17 44 26 98 46 15 99 29 90 61 8 35 18 10 56 44 56 42 89 43 16 4 31 97 40 41 84 54 14 23 74 38 47 11 99 60 74 72 100 77 79 83 44 23 84 72 29 35 68 48 7 18 86 37 76 63 0 0 51 69 66 45 64 6 84 68 31 97 5 85 31 17 16 91 54 27 33 12 4 0 41 55 26 8 28 3 26 51
27 17 41 68 72 83 100 67 4 65 74 96 54 65 1 29 83 45 70 25 36 73 32 2 8 3 79 71 29 38 76 59 72 49 60 15 87 64 13 26 22 95 68 23 11 28 63 11 23 25 89 44 68 97 24 88 26 8 94 66 1 30 59 41 89 79 98 83 35 63 13 27 33 90 78 14 65 60 45 46 42 7 77 6 85 30 30 8 42 83 14 5 66 45 5 4 27 73 83 52 51 4 28 18 24 93 88 28 73 27 95 96 93 2 65 38 92 100 16 10 22 51 23 96 22 100 8 51 47 13 44 71 63 37 4 28 4 24 61 83 91 54 1 72 66 17 70 12 2 17 20 30 41 0 8 4 11 10 45 32 28
43 76 2 89 3 41 70 89 6 99 70 9 11 76 47 38 51 46 26 37 98 14 79 28 1 6 55 26 87 12 18 48 28 74 5 24 88 51 30 25 16 2 35 10 86 6 4 7 9 91 8 29 59 61 98 100 26 84 46 74 81 18 6 15 37 4 88 38 99 47 47 10 57 22 33 11 53 72 89 51 12 40 19 86 80 77 24 58 74 65 53 38 25 70 99 87 74 22 92 79 34 38 57 66 43 19 79 97 50 27 39 10 56 6 1 76 56 97 65 46 95 42 97 94 5 99 66 54 97 86 73 42 61 88 35 24 49 90 91 68 50 15 52 53 70 74 17 57 58 43 30 8 55 8 0 29 89 39 67 91 60
33 51 75 54 31 55 78 81 8 17 51 59 12 72 55 65 16 54 8 52 67 74 7 52 57 55 85 19 88 75 31 4 35 93 76 64 82 1 59 4 33 17 77 41 11 35 7 60 96 9 50 36 20 94 80 31 49 26 35 47 74 74 96 96 47 47 28 14 53 0 22 17 32 20 68 2 15 15 79 79 78 76 28 21 99 6 46 79 44 90 19 48 26 92 99 31 33 38 51 95 80 33 30 55 43 97 78 13 14 11 43 57 86 76 24 67 60 32 85 39 18 18 60 74 8 44 91 3 58 49 9 30 46 87 69 59 19 42 15 96 89 40 40 88 20 7 25 68 75 76 85 25 26 4 29 0 55 29 81 1 32
82 86 19 59 90 44 5 66 79 43 98 5 97 49 65 16 54 44 54 92 99 56 36 16 14 61 38 75 73 51 49 56 20 3 30 100 88 80 32 3 5 53 53 43 1 71 40 4 66 90 70 37 61 2 60 55 100 46 57 15 60 54 34 5 28 31 55 87 15 85 72 85 30 64 59 88 59 4 19 3 3 52 63 5 78 68 49 98 35 29 18 40 26 3 96 41 4 94 46 44 80 86 17 39 12 50 16 57 58 31 67 89 99 82 68 41 54 41 9 78 65 48 23 17 0 71 29 40 98 4 92 84 3 59 9 78 24 39 6 36 48 60 56 40 97 93 95 59 82 55 51 78 8 11 89 55 0 93 49 43 26
69 12 77 59 3 99 44 34 43 100 51 35 40 6 48 58 0 61 57 37 11 16 71 30 18 27 36 32 81 70 48 79 27 74 79 77 19 44 64 3 20 61 28 100 45 43 93 63 40 95 22 94 15 88 77 85 22 42 50 7 51 84 25 33 41 56 68 9 10 75 69 67 46 80 36 85 40 33 14 55 12 97 94 60 5 89 41 34 53 8 40 88 84 38 53 57 9 100 89 84 23 57 55 69 2 91 79 19 84 63 67 8 82 68 51 0 85 32 22 75 54 50 30 21 59 69 53 60 78 39 61 61 46 69 7 46 72 53 32 19 65 99 3 72 89 78 35 27 84 75 75 65 28 10 39 29 93 0 93 32 45
28 96 7 79 84 63 31 73 53 24 17 84 59 33 99 7 64 38 15 3 100 64 78 42 30 42 54 62 70 36 100 47 92 18 79 45 80 15 16 72 30 35 76 34 33 71 35 23 66 47 20 12 85 25 22 65 74 17 22 44 83 79 68 33 7 31 66 14 88 78 87 31 11 91 93 36 7 58 58 75 72 74 97 68 87 77 1 28 79 42 92 95 71 39 42 7 1 89 5 16 98 36 36 77 39 23 64 36 60 37 23 18 20 78 73 91 71 2 55 72 76 88 88 80 77 89 13 56 35 37 92 64 0 14 74 55 81 35 1 26 16 44 34 100 70 69 72 76 20 38 98 78 3 45 67 81 49 93 0 43 96
55 0 87 91 96 20 65 80 84 46 30 69 90 24 60 20 90 24 38 60 62 66 0 15 27 89 2 1 10 20 4 87 75 65 97 14 32 5 75 17 51 84 86 6 9 45 81 98 58 94 90 94 40 23 58 5 47 81 15 30 8 74 56 40 51 52 58 83 6 49 45 35 94 98 25 71 26 59 17 67 78 47 93 52 18 65 85 59 0 5 99 63 65 17 27 0 45 8 50 1 23 47 98 12 43 80 50 18 65 78 99 64 87 92 6 14 11 14 48 98 91 63 43 49 12 79 39 41 64 96 98 84 46 23 85 65 99 26 18 81 76 11 89 81 58 43 10 87 69 34 95 31 26 32 91 1 43 32 43 0 86
39 37 61 41 47 55 12 73 76 95 79 83 86 5 3 57 70 27 54 15 50 49 19 49 9 81 46 65 42 98 90 91 12 99 78 92 18 27 64 88 47 71 18 61 59 17 58 44 77 28 78 74 86 48 62 57 64 27 81 66 7 5 74 84 58 72 58 19 68 6 48 76 25 84 94 30 31 55 29 18 11 34 25 65 48 83 29 36 26 54 56 80 64 19 43 68 62 30 52 50 37 4 70 20 99 47 57 83 48 91 70 41 47 0 87 64 74 34 57 100 74 71 37 52 48 87 89 2 40 69 43 39 93 42 66 21 34 6 27 79 81 14 25 42 90 9 28 86 9 12 73 62 51 28 60 32 26 45 96 86 0
