165 9
79 41 68 28 12 41 0 54 54 45 12 7 80 31 71 85 10 95 54 8 23 79 15 72 46 0 42 44 2 100 31 78 64 31 100 81 14 37 43 76 30 62 74 22 42 57 99 36 7 7 2 9 45 60 46 80 2 96 55 96 41 48 51 8 57 27 59 17 92 96 24 37 83 67 62 96 83 68 33 26 78 65 40 44 59 41 72 38 59 59 21 6 52 57 47 65 10 19 18 63 50 47 47 81 80 38 55 44 65 73 51 34 91 1 47 52 0 32 60 83 55 8 1 96 91 96 58 4 47 7 73 50 68 67 38 78 100 23 17 56 27 65 41 81 6 43 40 63 86 27 80 17 85 8 96 55 80 87 65 54 71 26 69 83 45
0 55 96 49 18 94 87 74 47 15 90 28 41 12 0 79 85 86 85 61 48 79 67 14 37 25 96 15 5 36 22 31 85 60 18 53 93 44 26 46 16 22 81 87 5 12 41 18 44 16 8 92 43 91 96 43 5 86 36 57 78 9 55 80 63 61 26 97 98 6 77 30 87 41 11 81 44 88 86 94 47 72 18 24 98 34 6 56 72 16 69 94 7 40 95 31 42 7 86 86 65 14 19 88 47 100 33 52 22 59 55 19 88 54 85 94 9 7 67 90 29 43 75 84 5 18 61 23 26 7 77 96 70 99 39 27 35 43 82 21 5 94 42 32 64 51 86 89 16 39 43 45 58 52 11 62 30 45 37 49 11 24 64 25 4 42
55 0 61 56 40 91 87 12 76 0 50 28 72 64 47 8 71 75 53 44 76 24 49 43 87 20 64 0 66 75 95 73 95 29 96 79 53 82 55 72 37 16 11 62 36 68 9 52 51 79 47 68 55 4 99 94 54 53 8 99 30 15 93 65 22 88 84 41 3 72 90 34 74 80 48 59 46 36 67 10 89 62 92 53 77 99 51 45 20 63 74 98 95 64 100 12 68 51 33 31 5 50 31 16 37 43 60 67 98 38 8 62 54 28 26 91 24 41 21 7 66 55 7 3 5 74 70 89 45 42 44 15 12 7 76 92 7 45 64 69 52 91 62 60 78 76 66 87 13 74 96 57 13 71 49 87 96 65 73 85 2 92 47 94 27 58
96 61 0 31 69 75 7 83 8 63 75 63 91 11 74 37 80 56 82 65 29 68 95 49 99 96 35 44 29 16 55 71 92 100 82 57 71 89 25 19 25 58 1 87 13 57 57 67 49 36 93 44 64 31 99 24 50 82 28 9 7 78 63 14 21 17 67 12 7 54 80 88 15 10 33 20 56 3 37 84 18 3 47 87 50 99 11 1 64 1 64 60 87 76 89 81 66 100 92 49 15 31 86 44 35 96 20 32 23 94 67 59 29 7 18 52 71 58 52 53 39 18 56 52 98 76 59 89 35 27 16 83 44 62 84 49 29 38 59 46 41 57 81 4 0 93 26 100 55 53 86 76 49 87 21 50 62 4 20 9 65 74 69 37 53 94
49 56 31 0 66 17 85 32 60 6 94 69 36 2 69 55 91 62 0 40 19 8 32 70 86 54 59 3 53 66 2 74 64 4 19 54 31 7 77 25 17 56 69 82 21 89 37 24 25 17 62 55 53 68 30 9 63 88 55 13 87 89 92 75 30 25 7 59 0 28 70 29 6 30 7 0 28 15 96 34 56 33 11 74 37 43 10 44 85 73 66 13 41 62 3 88 41 89 40 10 42 99 37 18 91 50 13 35 68 7 88 63 58 74 41 23 62 14 46 25 95 99 15 24 58 96 84 18 60 49 98 17 47 22 39 90 94 30 66 56 30 37 87 21 14 34 12 27 35 13 50 31 64 55 18 80 90 53 15 83 35 67 83 58 25 60
18 40 69 66 0 97 24 55 50 22 11 10 29 80 47 78 87 19 95 28 59 18 43 92 62 98 78 95 81 64 55 15 96 85 93 18 94 32 82 90 13 14 49 56 92 74 53 34 38 48 34 15 66 98 100 85 52 26 67 27 32 36 17 60 78 28 48 75 11 83 73 37 98 32 45 74 70 50 37 71 69 1 73 50 36 34 21 13 60 66 36 61 49 64 94 47 93 48 30 1 85 10 40 65 73 23 35 45 61 56 78 55 67 63 39 94 12 9 80 72 31 10 16 17 12 76 10 13 52 60 51 10 52 49 78 72 91 30 38 98 3 54 12 80 68 40 43 26 2 13 15 74 59 38 0 83 96 25 62 99 2 9 3 14 26 83
94 91 75 17 97 0 84 0 20 14 56 58 67 21 26 8 82 16 17 49 53 26 2 33 60 20 77 78 72 2 42 28 27 5 52 18 14 55 5 78 50 4 47 75 75 88 31 15 18 20 2 79 94 33 65 70 6 89 59 71 37 77 87 86 53 94 40 91 44 71 26 50 91 38 6 71 76 8 14 75 27 25 75 72 31 95 52 36 55 54 55 96 80 77 35 96 54 71 43 77 57 21 63 16 73 12 30 15 30 42 54 77 56 71 69 95 98 90 95 1 47 92 18 67 71 13 82 32 99 97 94 7 1 10 41 10 77 39 79 40 92 65 69 35 81 51 34 25 57 10 27 85 34 56 4 14 0 86 39 94 35 77 22 65 74 54
87 87 7 85 24 84 0 2 98 95 32 88 40 96 30 32 68 78 57 20 76 79 25 54 63 91 24 81 1 69 47 63 83 41 89 55 96 83 2 9 8 49 2 34 8 24 54 18 59 30 90 75 83 12 24 96 12 73 80 52 20 17 99 91 1 61 42 81 34 59 81 2 20 52 77 86 73 55 93 61 55 4 46 34 92 13 70 83 77 80 89 29 33 53 94 43 22 11 91 15 17 33 86 6 14 56 3 64 27 74 83 77 73 61 46 84 38 76 14 18 91 53 94 99 45 37 72 39 84 87 2 94 54 2 68 20 40 8 66 63 17 35 73 45 44 66 95 35 90 5 32 91 26 47 37 32 3 41 56 99 93 19 20 58 61 84
74 12 83 32 55 0 2 0 90 65 50 31 78 3 43 97 89 3 13 92 41 80 77 45 66 73 90 11 64 22 39 34 88 34 85 92 45 34 30 14 15 52 36 16 80 34 0 94 55 100 52 80 42 19 10 19 78 85 25 35 53 46 75 46 13 19 23 37 0 30 85 19 28 40 67 35 75 24 18 88 11 69 4 57 35 37 75 75 67 32 22 70 28 46 37 53 58 100 28 72 70 33 54 37 93 0 77 100 14 45 3 47 15 57 59 54 29 70 48 13 76 75 33 35 51 55 54 4 92 93 91 19 6 93 55 77 99 55 16 10 73 29 3 1 68 81 53 85 18 54 100 52 73 85 60 36 66 67 68 42 70 55 11 44 6 90
47 76 8 60 50 20 98 90 0 67 22 13 79 85 34 2 12 93 48 60 68 77 14 51 91 48 35 55 39 28 23 48 35 32 100 68 18 37 74 13 28 52 39 10 3 29 24 11 5 75 61 75 68 29 64 0 7 61 26 41 40 70 4 44 1 60 82 26 18 54 83 65 6 69 47 12 13 34 12 81 19 90 98 83 42 25 37 6 62 56 29 54 85 19 24 98 49 61 34 17 85 38 15 12 58 6 12 31 35 63 57 87 29 51 58 87 2 19 95 69 76 6 37 92 88 39 69 61 35 41 29 20 19 58 63 49 17 28 89 12 49 86 30 60 97 56 67 46 64 100 31 68 24 82 17 48 21 98 87 50 57 3 74 55 83 5
15 0 63 6 22 14 95 65 67 0 2 12 56 9 22 81 4 96 55 21 36 25 3 75 48 6 12 57 65 30 18 91 31 32 10 46 66 53 83 7 68 92 8 31 28 80 16 29 24 32 4 22 73 7 66 9 4 58 93 63 12 78 11 18 44 46 36 70 89 21 61 75 9 11 74 52 10 86 42 68 80 44 5 47 87 13 84 47 10 93 91 39 69 91 86 47 88 69 9 68 10 71 17 64 72 3 27 38 11 88 41 21 66 32 38 79 51 69 80 56 55 2 3 6 91 58 15 1 59 39 0 15 80 92 48 100 10 16 88 77 82 40 92 41 7 47 51 64 18 18 11 85 62 1 71 37 96 35 96 3 4 100 61 85 77 24
90 50 75 94 11 56 32 50 22 2 0 19 81 71 86 37 59 43 21 96 25 84 14 82 1 55 20 44 95 38 26 85 27 68 75 38 73 4 40 61 12 38 24 61 68 16 9 22 36 90 64 86 97 89 0 99 91 15 57 43 73 0 18 43 59 52 84 3 65 54 10 94 11 5 94 45 55 95 48 14 72 61 40 71 14 4 26 95 49 23 27 39 46 22 86 4 14 56 57 43 54 92 69 0 88 89 49 96 69 17 78 98 26 75 35 93 2 24 94 93 31 100 29 23 53 51 39 62 13 38 56 13 48 40 0 31 14 40 19 12 12 92 99 73 76 5 42 7 79 68 50 22 8 66 62 4 23 65 46 51 25 89 51 45 93 64
28 28 63 69 10 58 88 31 13 12 19 0 53 64 24 13 59 26 66 18 77 93 84 6 84 31 99 48 88 72 47 37 45 15 32 33 100 41 91 1 24 51 46 11 67 38 7 13 78 76 42 31 19 35 25 69 71 88 63 25 0 85 35 51 17 68 5 64 39 43 6 96 79 45 70 39 28 92 85 70 83 10 29 68 61 81 66 45 75 56 67 10 73 94 77 12 86 13 95 6 15 66 72 89 73 49 36 49 74 95 32 3 95 60 100 46 74 37 87 1 64 76 4 57 68 8 30 67 1 27 32 98 72 12 100 39 20 36 64 42 83 60 93 56 32 14 89 69 31 20 35 12 66 85 90 25 11 63 6 52 12 24 61 63 54 28
41 72 91 36 29 67 40 78 79 56 81 53 0 61 43 93 47 13 88 7 78 92 87 33 75 74 31 77 54 77 90 32 41 66 78 59 20 87 54 6 64 61 0 42 86 85 63 63 95 13 84 6 14 7 52 81 44 55 39 2 21 24 58 30 79 20 98 73 71 28 22 70 62 72 5 59 20 35 96 27 18 79 56 21 85 1 57 14 95 69 19 48 47 24 84 43 5 92 58 81 33 36 29 82 50 8 54 25 89 16 40 100 57 75 32 86 42 2 37 34 64 83 100 67 59 94 4 49 13 82 60 87 7 55 49 84 70 35 65 34 44 86 41 37 8 73 30 97 29 68 58 53 41 57 37 98 83 9 43 34 14 97 87 24 15 4
12 64 11 2 80 21 96 3 85 9 71 64 61 0 9 3 44 46 30 51 97 17 18 59 25 60 64 81 31 50 36 14 92 87 57 94 61 87 28 40 67 80 52 18 75 56 17 71 78 100 51 26 79 21 23 73 70 95 26 36 88 86 19 39 42 5 12 68 21 44 64 83 74 54 55 71 8 61 22 0 49 54 44 26 74 70 82 64 44 91 54 24 63 81 85 30 23 4 63 80 43 57 26 74 86 92 30 75 72 12 61 36 85 45 3 79 51 13 67 52 70 87 68 16 14 96 49 48 45 50 74 23 88 60 76 27 28 26 99 87 9 79 2 64 63 82 46 93 89 23 81 60 83 88 97 88 42 23 43 24 16 7 22 31 85 51
0 47 74 69 47 26 30 43 34 22 86 24 43 9 0 1 68 50 73 13 100 20 71 27 54 86 78 21 47 77 81 3 71 31 79 4 53 28 67 25 59 16 46 88 85 55 35 20 10 84 68 17 96 21 2 29 69 94 35 10 42 85 84 1 9 64 23 84 28 3 19 10 33 26 63 92 53 73 60 82 5 93 34 41 45 24 15 53 5 62 91 63 34 39 63 61 0 80 0 42 33 16 49 0 10 30 81 23 96 65 45 25 69 100 75 31 95 70 56 51 6 99 31 24 67 88 12 29 2 50 93 62 10 53 79 89 12 6 32 76 91 63 61 45 29 95 27 42 17 48 88 45 50 95 68 30 45 64 89 97 15 43 85 74 9 22
79 8 37 55 78 8 32 97 2 81 37 13 93 3 1 0 85 88 4 3 28 59 20 11 64 84 19 51 54 34 36 71 8 25 22 35 56 35 12 54 37 63 4 71 69 59 64 55 46 54 85 50 85 35 35 2 40 44 26 21 17 86 32 99 91 42 43 32 10 74 86 33 1 70 51 1 84 68 54 100 56 3 25 68 60 41 34 50 9 26 30 70 64 17 68 23 79 5 56 9 15 44 27 38 49 54 79 95 23 85 41 64 53 4 35 25 65 56 11 47 65 82 30 56 52 26 18 53 47 9 6 15 35 15 19 92 99 81 76 57 43 82 93 13 44 81 65 64 41 79 19 53 37 65 17 97 50 4 22 40 39 52 40 14 91 58
85 71 80 91 87 82 68 89 12 4 59 59 47 44 68 85 0 97 60 59 22 49 52 31 93 33 17 57 17 38 45 15 28 66 0 49 18 41 67 24 24 79 90 54 28 43 49 50 80 59 69 46 83 45 44 94 11 62 14 13 88 62 37 64 67 36 67 31 16 9 40 51 100 57 65 0 82 66 9 65 43 11 63 23 5 89 17 73 96 99 85 2 25 42 64 71 86 94 95 2 28 63 36 1 18 62 66 81 15 78 43 30 74 26 4 19 5 86 46 91 50 23 82 44 97 64 91 71 70 48 63 78 30 31 12 95 84 12 22 64 3 24 82 78 68 21 90 30 23 33 99 31 95 17 50 79 82 91 23 94 85 41 95 62 83 36
86 75 56 62 19 16 78 3 93 96 43 26 13 46 50 88 97 0 59 55 28 60 72 60 22 75 29 49 45 22 26 11 61 37 29 66 66 76 0 82 58 73 53 22 49 20 56 59 8 96 59 9 4 95 5 45 45 47 65 53 13 91 59 61 31 10 10 36 59 11 92 86 28 73 43 84 95 33 51 0 2 56 30 79 75 53 44 6 34 46 67 68 86 68 47 25 19 47 86 17 16 64 99 66 46 65 17 97 54 52 23 40 93 0 54 89 82 85 85 69 54 33 16 99 14 16 94 69 71 29 2 67 65 2 78 29 38 89 44 6 26 26 59 43 87 8 15 20 67 73 60 17 61 67 32 18 39 76 79 83 43 66 29 97 61 3
85 53 82 0 95 17 57 13 48 55 21 66 88 30 73 4 60 59 0 17 23 96 54 42 16 40 56 39 63 81 32 72 38 58 52 43 5 80 82 79 38 30 88 72 15 0 41 46 19 62 84 95 22 43 9 5 12 96 56 9 9 29 73 34 86 96 98 21 20 18 17 89 10 97 28 90 15 40 100 74 16 31 64 84 85 31 43 9 48 13 50 70 11 35 74 39 77 19 11 1 43 87 41 82 36 44 55 76 56 100 26 69 16 55 55 12 63 98 16 72 88 4 63 38 25 8 43 62 18 96 100 78 10 96 55 100 58 16 50 54 38 94 23 9 25 91 46 98 37 62 97 8 31 58 64 17 48 82 77 57 24 92 28 73 14 37
61 44 65 40 28 49 20 92 60 21 96 18 7 51 13 3 59 55 17 0 67 46 60 58 18 56 44 4 56 98 58 79 75 21 9 92 33 77 1 54 64 87 32 44 87 1 40 18 59 57 75 53 74 88 45 72 2 96 18 44 19 16 47 7 63 12 52 63 82 96 20 5 25 46 33 35 14 48 84 83 82 85 39 71 43 19 89 87 91 78 86 8 56 68 94 83 35 46 99 94 64 10 82 64 59 83 8 21 1 64 24 66 39 16 2 76 57 83 50 93 76 79 87 14 39 46 85 73 42 96 53 4 51 3 42 0 47 72 91 98 19 21 48 42 84 8 34 36 64 57 88 88 5 78 0 48 84 34 35 90 23 15 27 88 56 43
48 76 29 19 59 53 76 41 68 36 25 77 78 97 100 28 22 28 23 67 0 81 80 93 71 10 43 100 96 14 87 48 38 78 71 43 94 18 75 46 28 42 80 100 19 3 60 71 27 73 83 69 71 40 45 30 71 5 37 69 12 14 31 64 44 7 12 32 88 75 86 76 0 68 85 66 50 78 35 32 81 37 89 88 74 67 52 70 64 41 37 4 94 55 50 39 26 64 7 70 71 64 94 68 35 10 70 80 28 39 13 13 29 56 90 91 60 20 52 56 8 63 50 4 56 5 66 61 31 11 82 69 15 36 40 72 82 89 19 87 0 59 33 56 27 59 25 40 21 41 44 100 83 61 7 36 65 62 31 54 42 74 77 23 100 63
79 24 68 8 18 26 79 80 77 25 84 93 92 17 20 59 49 60 96 46 81 0 50 24 14 26 99 69 77 60 82 34 98 26 13 20 22 70 66 59 36 24 87 0 64 1 14 84 77 29 46 91 8 51 38 77 83 30 4 30 20 62 64 41 37 16 31 78 32 69 57 52 83 72 18 18 12 60 82 31 70 52 94 41 47 47 88 3 54 92 88 73 34 35 53 7 17 49 58 71 13 16 77 79 63 24 19 85 53 52 97 60 48 27 24 86 63 27 71 11 53 63 40 44 17 99 32 59 59 88 61 82 97 19 66 40 0 85 58 70 33 0 89 60 70 15 40 3 94 99 40 47 48 70 47 41 14 96 39 1 9 45 56 47 99 79
67 49 95 32 43 2 25 77 14 3 14 84 87 18 71 20 52 72 54 60 80 50 0 68 28 51 70 74 21 13 10 90 15 14 9 98 45 65 59 99 82 77 64 100 41 39 71 22 13 46 73 14 88 90 5 99 86 90 77 83 95 32 4 60 93 39 43 31 9 30 99 7 35 94 53 56 22 17 56 5 13 10 74 68 78 8 13 36 31 48 28 47 63 48 66 66 84 12 71 68 64 16 11 40 56 32 34 18 38 41 38 46 48 84 38 86 6 29 15 49 45 22 87 87 66 76 52 7 10 27 4 71 66 53 66 78 5 32 53 60 62 81 37 56 93 68 11 53 76 55 65 59 87 28 71 19 62 58 58 78 73 44 31 62 19 86
14 43 49 70 92 33 54 45 51 75 82 6 33 59 27 11 31 60 42 58 93 24 68 0 3 67 95 73 36 75 13 25 63 16 70 39 46 31 36 91 27 33 38 15 67 72 19 4 23 63 1 25 23 13 37 60 36 58 11 8 60 95 71 58 96 91 45 59 59 44 7 14 60 36 80 69 18 95 1 52 54 19 79 5 67 83 3 35 61 37 73 76 85 69 33 47 47 60 50 22 66 8 11 59 5 96 97 72 40 78 0 70 63 82 22 83 37 43 44 56 28 15 33 32 63 12 3 11 19 16 16 31 55 76 89 61 91 8 10 24 39 61 1 77 71 35 37 90 58 81 15 12 93 74 70 72 81 6 61 61 9 88 49 54 36 17
37 87 99 86 62 60 63 66 91 48 1 84 75 25 54 64 93 22 16 18 71 14 28 3 0 64 51 24 22 95 82 97 77 11 77 34 69 28 80 9 81 13 45 63 58 64 26 81 6 99 66 2 43 53 48 36 18 40 17 66 21 79 7 51 32 45 10 82 19 71 49 84 94 25 98 6 97 33 75 4 26 86 40 100 64 94 88 46 26 65 40 63 65 43 15 24 95 27 25 21 10 91 78 39 51 24 2 83 15 60 47 79 57 77 26 2 99 4 3 95 13 79 52 93 13 71 15 58 66 20 59 31 83 69 39 82 5 88 95 27 8 71 100 46 40 53 46 80 97 19 91 54 71 16 53 17 60 76 51 72 89 19 48 52 24 67
25 20 96 54 98 20 91 73 48 6 55 31 74 60 86 84 33 75 40 56 10 26 51 67 64 0 11 16 82 45 8 40 36 69 72 31 8 10 59 36 54 2 23 49 79 89 73 72 89 17 37 85 95 19 92 33 95 83 36 76 69 98 58 24 92 24 81 30 16 46 71 39 49 33 78 26 98 53 84 83 95 94 79 66 94 81 22 66 59 37 65 8 18 73 100 22 53 81 26 100 74 13 80 99 43 64 60 35 45 83 40 31 60 6 23 18 57 6 77 91 47 67 61 6 56 3 29 13 43 69 76 10 74 7 62 39 54 60 52 69 73 10 65 99 98 49 60 27 72 75 72 73 58 6 61 80 66 34 17 64 14 93 0 25 82 55
96 64 35 59 78 77 24 90 35 12 20 99 31 64 78 19 17 29 56 44 43 99 70 95 51 11 0 10 46 61 71 24 51 9 87 11 87 33 76 51 58 69 41 9 52 28 13 59 49 93 48 47 45 30 84 14 66 88 74 79 4 32 60 74 33 42 74 37 34 82 32 13 92 92 48 90 68 50 11 98 10 81 55 69 19 69 40 1 71 82 13 92 95 67 54 18 27 72 10 37 23 40 24 13 81 19 11 49 16 75 35 98 95 53 28 71 28 35 8 40 62 83 14 48 43 6 63 82 42 85 68 30 49 16 81 76 7 95 13 21 8 18 49 58 4 37 89 21 33 2 62 24 52 59 57 69 91 20 62 3 54 42 38 93 41 41
15 0 44 3 95 78 81 11 55 57 44 48 77 81 21 51 57 49 39 4 100 69 74 73 24 16 10 0 38 95 4 28 4 24 33 15 34 62 28 72 84 98 95 72 25 2 11 93 80 16 97 12 81 43 45 5 21 86 6 28 45 95 81 67 73 58 29 78 79 25 36 85 23 47 14 8 87 100 28 38 79 53 73 81 91 69 33 1 93 100 7 84 25 74 40 30 75 71 46 82 59 47 11 76 84 60 68 38 46 36 89 37 88 92 83 98 87 58 60 99 14 50 51 14 85 29 22 64 1 96 87 78 15 21 26 24 79 26 58 48 17 37 28 73 46 79 62 45 4 90 92 37 32 9 16 95 73 92 20 86 89 82 38 29 59 48
5 66 29 53 81 72 1 64 39 65 95 88 54 31 47 54 17 45 63 56 96 77 21 36 22 82 46 38 0 10 42 48 32 35 48 73 30 67 94 43 46 7 93 39 77 24 32 26 41 90 4 55 55 20 38 40 80 99 10 46 65 22 71 66 19 97 18 58 83 84 19 39 74 23 6 35 23 33 95 67 84 29 47 2 16 0 55 63 99 46 63 68 99 8 33 68 90 47 72 44 32 24 35 38 53 73 13 32 49 41 98 85 86 89 62 44 50 59 79 83 26 5 88 62 60 82 38 30 51 88 16 73 4 29 38 41 66 13 56 7 65 26 83 26 53 56 7 95 65 78 64 35 92 42 12 23 8 47 14 85 24 80 97 46 73 15
36 75 16 66 64 2 69 22 28 30 38 72 77 50 77 34 38 22 81 98 14 60 13 75 95 45 61 95 10 0 15 43 35 99 1 76 24 41 100 94 65 64 13 84 66 76 34 67 58 89 87 25 31 12 2 94 12 69 80 84 50 66 7 3 81 79 42 72 46 48 7 52 82 4 34 25 53 67 77 92 93 62 51 46 44 44 58 71 45 46 25 33 8 93 24 75 75 76 72 88 20 7 55 30 85 40 85 52 82 79 4 87 39 78 21 76 71 43 39 12 12 37 27 20 72 12 91 12 82 59 31 49 91 41 15 79 27 11 79 75 10 18 46 70 70 95 75 18 51 4 95 100 19 72 98 1 70 88 57 47 72 12 61 41 60 10
22 95 55 2 55 42 47 39 23 18 26 47 90 36 81 36 45 26 32 58 87 82 10 13 82 8 71 4 42 15 0 26 22 49 86 29 20 13 5 55 74 99 79 33 2 79 15 99 64 92 68 28 5 93 5 28 37 66 62 76 31 21 24 14 43 72 71 67 71 45 97 55 89 62 59 38 45 22 71 17 86 6 41 17 74 28 56 79 85 63 74 89 12 85 9 40 78 69 40 73 24 33 42 69 68 55 54 49 57 38 51 45 97 8 60 47 80 31 24 46 45 1 66 80 90 51 88 0 60 78 99 80 40 1 21 87 72 91 86 92 23 28 16 42 95 50 13 13 0 49 99 99 21 18 96 95 68 94 17 26 26 83 39 6 73 85
31 73 71 74 15 28 63 34 48 91 85 37 32 14 3 71 15 11 72 79 48 34 90 25 97 40 24 28 48 43 26 0 21 50 37 79 70 1 4 74 47 74 21 87 70 65 4 73 71 35 48 6 1 12 69 93 38 41 3 64 16 74 3 99 98 82 33 5 65 94 39 86 76 88 34 77 28 44 57 69 83 84 11 4 98 33 55 95 92 36 0 56 45 64 78 63 8 43 22 95 13 53 53 83 79 24 93 58 49 42 99 81 31 58 97 58 83 65 49 3 73 12 56 40 80 76 56 64 65 43 42 92 57 23 0 62 54 1 5 72 55 91 61 7 46 32 41 55 10 26 47 11 29 26 36 2 23 28 38 3 17 51 34 89 48 50
85 95 92 64 96 27 83 88 35 31 27 45 41 92 71 8 28 61 38 75 38 98 15 63 77 36 51 4 32 35 22 21 0 48 84 83 44 11 24 28 15 72 97 35 69 23 44 94 54 57 76 38 36 57 93 34 54 45 42 58 51 83 10 70 8 6 28 84 7 45 60 48 72 27 27 13 29 14 73 93 62 50 39 20 20 75 67 95 28 76 88 12 52 93 98 83 4 20 19 12 83 20 44 2 78 24 2 67 37 47 51 70 78 57 60 21 87 64 80 14 14 87 45 6 68 16 57 9 96 63 78 36 8 90 5 87 13 33 48 19 92 7 60 90 62 40 73 72 97 18 46 100 60 99 24 39 93 17 86 38 38 6 93 85 80 37
60 29 100 4 85 5 41 34 32 32 68 15 66 87 31 25 66 37 58 21 78 26 14 16 11 69 9 24 35 99 49 50 48 0 71 6 80 50 38 11 49 37 86 7 10 60 72 9 75 23 74 88 55 65 86 3 93 47 58 31 11 10 93 33 45 52 58 20 31 30 67 84 86 75 64 2 85 15 70 63 31 17 84 94 6 37 95 71 70 3 63 46 98 35 80 5 22 89 48 90 95 93 43 42 33 55 21 3 9 59 5 32 12 47 96 77 72 97 83 90 94 85 72 2 15 77 86 39 88 77 26 70 56 81 11 69 52 25 55 80 66 99 65 16 10 50 75 5 53 67 34 44 79 66 95 99 50 51 80 58 82 70 86 35 68 67
18 96 82 19 93 52 89 85 100 10 75 32 78 57 79 22 0 29 52 9 71 13 9 70 77 72 87 33 48 1 86 37 84 71 0 58 69 30 78 43 49 100 27 57 71 48 63 61 30 72 65 4 63 16 91 15 44 1 73 68 20 2 93 92 9 44 2 80 70 2 33 57 92 84 18 83 93 46 53 13 2 75 79 45 9 42 37 43 26 4 49 57 73 31 93 66 73 73 84 34 85 6 24 85 89 88 28 16 12 55 73 92 83 5 0 39 42 72 1 41 90 49 94 42 10 47 11 78 33 19 85 20 29 97 97 56 99 95 26 68 26 19 67 9 73 93 16 74 42 52 42 81 14 61 75 58 27 18 54 98 98 61 51 68 76 58
53 79 57 54 18 18 55 92 68 46 38 33 59 94 4 35 49 66 43 92 43 20 98 39 34 31 11 15 73 76 29 79 83 6 58 0 7 39 55 82 73 76 86 17 31 98 96 56 0 6 26 13 59 10 97 51 53 82 13 6 92 34 41 27 72 62 66 77 86 74 69 8 51 32 30 23 90 62 6 44 93 24 25 85 53 15 56 53 61 36 7 45 51 86 66 69 40 66 50 65 89 60 29 58 26 58 47 91 93 53 63 46 16 42 24 47 12 72 5 95 6 30 81 33 64 69 77 31 98 66 87 46 66 65 43 83 71 46 53 89 98 86 100 37 68 59 29 55 35 96 81 18 44 86 74 47 72 32 43 66 82 28 96 47 13 68
93 53 71 31 94 14 96 45 18 66 73 100 20 61 53 56 18 66 5 33 94 22 45 46 69 8 87 34 30 24 20 70 44 80 69 7 0 18 81 100 53 45 42 8 74 77 21 83 17 23 21 73 42 89 38 31 37 69 32 45 77 45 61 77 12 16 49 29 91 63 50 48 21 40 44 15 50 6 35 74 51 26 69 89 18 72 42 40 53 58 15 71 75 17 86 81 27 23 7 48 52 19 88 81 43 22 56 19 8 49 57 100 86 76 44 36 76 97 67 98 34 47 39 87 83 77 24 4 98 55 44 84 81 39 68 65 97 46 80 30 79 99 60 57 61 6 74 40 97 27 85 54 32 80 61 54 4 51 6 54 75 97 31 31 6 37
44 82 89 7 32 55 83 34 37 53 4 41 87 87 28 35 41 76 80 77 18 70 65 31 28 10 33 62 67 41 13 1 11 50 30 39 18 0 97 53 4 89 13 50 66 91 67 8 55 9 64 25 44 21 49 48 5 84 28 90 29 67 16 17 80 12 90 55 25 23 74 10 80 59 73 31 64 13 1 59 57 100 52 20 43 65 35 1 28 69 85 89 50 53 88 9 25 68 3 18 81 18 30 93 51 82 29 88 30 23 94 42 47 7 70 83 18 0 73 27 30 24 97 38 23 67 56 88 20 83 88 49 6 78 45 64 68 63 90 31 63 83 92 46 39 41 51 50 84 5 14 51 31 55 7 62 19 94 45 0 1 62 68 66 24 85
26 55 25 77 82 5 2 30 74 83 40 91 54 28 67 12 67 0 82 1 75 66 59 36 80 59 76 28 94 100 5 4 24 38 78 55 81 97 0 40 67 48 62 46 12 21 60 30 63 3 42 33 65 99 57 11 31 18 4 57 66 28 80 3 90 11 13 49 37 1 83 61 5 81 39 97 31 46 91 63 1 16 43 9 9 29 24 66 16 32 54 69 10 72 88 0 25 68 46 73 96 9 96 85 100 72 65 19 76 74 89 83 46 50 57 20 22 68 91 16 30 53 16 12 36 90 35 84 38 10 4 62 79 84 49 85 74 51 38 100 3 90 81 16 56 84 84 95 9 69 63 6 38 14 76 0 43 7 89 97 84 31 4 78 96 83
46 72 19 25 90 78 9 14 13 7 61 1 6 40 25 54 24 82 79 54 46 59 99 91 9 36 51 72 43 94 55 74 28 11 43 82 100 53 40 0 99 73 23 6 91 8 30 73 12 55 39 15 52 82 16 75 32 98 14 58 12 8 86 0 54 67 50 35 36 99 78 33 19 1 78 86 63 30 87 94 62 99 48 86 32 76 5 36 90 48 27 10 67 59 51 42 64 31 65 79 26 97 84 71 20 43 0 21 48 58 76 27 39 46 79 63 77 86 80 31 44 91 84 1 24 69 64 15 21 34 26 57 78 37 62 62 72 75 11 44 0 57 77 30 29 19 14 20 48 17 69 61 43 24 79 7 42 24 79 83 50 57 60 31 75 34
16 37 25 17 13 50 8 15 28 68 12 24 64 67 59 37 24 58 38 64 28 36 82 27 81 54 58 84 46 65 74 47 15 49 49 73 53 4 67 99 0 7 24 59 19 90 62 21 75 92 96 58 36 68 31 30 3 82 87 78 34 35 33 87 55 72 24 24 25 42 95 86 44 15 68 71 68 53 30 59 44 1 73 40 14 80 19 62 60 72 35 53 98 100 83 98 92 38 50 3 51 33 8 67 6 15 7 39 79 1 11 38 23 78 80 34 42 100 29 38 73 77 13 24 85 98 64 56 45 45 32 69 93 63 55 16 76 67 18 32 33 36 63 23 79 53 55 65 45 48 86 45 92 89 35 23 71 69 92 87 19 70 27 77 24 80
22 16 58 56 14 4 49 52 52 92 38 51 61 80 16 63 79 73 30 87 42 24 77 33 13 2 69 98 7 64 99 74 72 37 100 76 45 89 48 73 7 0 0 7 38 49 45 51 74 38 50 52 93 5 13 59 10 53 77 90 29 99 72 100 28 59 46 7 23 51 22 6 56 62 17 14 1 84 54 69 86 29 80 84 78 20 15 22 7 19 2 97 76 23 18 66 4 50 5 58 31 23 83 59 82 2 48 22 3 96 96 93 49 83 83 57 27 37 61 5 15 75 20 96 88 59 53 76 57 20 35 53 50 53 56 8 70 44 31 3 53 85 64 87 68 19 61 17 14 29 91 24 94 32 44 7 21 68 65 37 7 79 95 20 32 83
81 11 1 69 49 47 2 36 39 8 24 46 0 52 46 4 90 53 88 32 80 87 64 38 45 23 41 95 93 13 79 21 97 86 27 86 42 13 62 23 24 0 0 87 77 76 68 41 99 35 78 53 88 73 69 77 44 50 19 61 14 51 66 28 92 17 24 50 57 86 64 7 8 6 73 57 24 87 92 72 45 70 69 7 41 74 40 89 14 73 2 26 96 51 53 63 15 14 7 15 61 78 74 85 56 94 19 56 8 5 5 28 36 90 2 72 88 29 11 23 91 69 65 58 7 87 32 40 57 29 6 72 46 37 78 48 75 12 73 9 91 29 49 51 67 60 38 99 12 88 5 68 79 23 75 9 24 89 8 63 69 89 72 63 93 31
87 62 87 82 56 75 34 16 10 31 61 11 42 18 88 71 54 22 72 44 100 0 100 15 63 49 9 72 39 84 33 87 35 7 57 17 8 50 46 6 59 7 87 0 83 94 91 64 29 4 33 0 86 89 21 9 96 69 19 50 38 63 46 35 90 77 24 30 59 38 75 55 27 83 46 85 68 19 94 17 98 2 16 93 7 88 62 75 86 28 2 45 68 16 95 75 96 0 19 52 69 8 93 23 20 9 51 84 40 62 10 35 100 9 90 83 45 85 91 16 94 89 79 87 59 76 47 34 12 27 8 67 96 40 82 38 69 85 56 100 96 7 84 47 34 84 79 38 11 48 34 67 79 47 22 93 18 91 35 82 31 37 37 33 83 8
5 36 13 21 92 75 8 80 3 28 68 67 86 75 85 69 28 49 15 87 19 64 41 67 58 79 52 25 77 66 2 70 69 10 71 31 74 66 12 91 19 38 77 83 0 80 84 5 98 77 52 71 0 37 4 44 72 73 42 45 95 11 6 59 83 82 65 95 91 75 30 12 97 82 85 31 6 3 29 79 59 97 90 52 24 18 90 90 94 100 19 57 70 28 71 20 30 24 43 15 39 80 68 35 42 23 52 20 16 71 70 10 60 67 64 90 65 62 9 24 46 73 43 5 44 45 13 14 17 90 69 97 59 43 74 81 47 48 58 96 5 43 67 22 56 21 45 40 52 21 19 91 63 78 38 97 70 70 85 52 81 93 20 61 59 15
12 68 57 89 74 88 24 34 29 80 16 38 85 56 55 59 43 20 0 1 3 1 39 72 64 89 28 2 24 76 79 65 23 60 48 98 77 91 21 8 90 49 76 94 80 0 98 48 18 1 78 90 72 21 77 79 71 60 50 64 18 17 42 49 88 74 48 36 90 96 4 83 34 56 14 30 93 83 88 23 3 95 47 17 66 36 25 29 100 0 43 6 73 77 93 53 20 76 4 20 17 84 48 75 50 36 88 81 41 63 54 7 65 70 89 51 27 35 48 92 2 42 62 52 24 67 6 47 18 75 62 2 52 27 22 38 9 62 61 89 62 4 71 100 4 83 26 49 52 98 24 74 66 48 85 49 30 71 40 74 38 94 50 85 20 48
41 9 57 37 53 31 54 0 24 16 9 7 63 17 35 64 49 56 41 40 60 14 71 19 26 73 13 11 32 34 15 4 44 72 63 96 21 67 60 30 62 45 68 91 84 98 0 37 6 64 5 86 77 53 96 71 94 87 57 22 47 10 34 45 55 6 77 62 59 17 84 13 76 88 41 74 7 37 84 20 13 47 22 18 28 4 46 43 13 13 45 52 78 97 78 23 50 49 97 56 86 98 8 90 9 97 71 43 18 50 92 24 87 30 27 38 3 6 1 77 72 1 49 59 30 87 86 96 79 73 49 58 91 15 66 27 68 58 17 82 68 51 51 83 91 1 37 16 26 66 33 19 15 100 8 60 32 80 47 93 92 84 2 30 61 60
18 52 67 24 34 15 18 94 11 29 22 13 63 71 20 55 50 59 46 18 71 84 22 4 81 72 59 93 26 67 99 73 94 9 61 56 83 8 30 73 21 51 41 64 5 48 37 0 79 55 48 24 35 26 9 24 29 21 17 85 28 12 1 59 69 67 17 95 1 78 44 87 78 80 28 71 60 70 38 79 68 21 17 29 34 42 52 37 69 93 100 34 63 15 1 94 56 94 74 49 71 55 24 71 65 74 23 58 90 25 61 84 48 81 99 79 2 19 26 30 32 41 4 69 28 21 91 18 31 42 94 20 45 25 62 98 78 29 83 19 55 27 83 66 58 4 44 22 97 52 8 51 25 97 4 20 11 12 99 52 93 43 40 60 30 13
44 51 49 25 38 18 59 55 5 24 36 78 95 78 10 46 80 8 19 59 27 77 13 23 6 89 49 80 41 58 64 71 54 75 30 0 17 55 63 12 75 74 99 29 98 18 6 79 0 13 18 42 100 28 79 98 63 34 37 90 4 69 100 16 77 67 92 10 23 41 15 17 74 98 36 15 29 13 17 29 95 4 29 58 32 19 37 51 51 74 23 65 1 95 73 94 0 63 12 53 48 47 50 13 67 1 74 5 80 84 14 87 23 31 72 1 32 45 22 61 61 32 54 72 67 16 14 36 38 59 26 91 10 50 41 3 31 19 70 84 67 25 16 11 44 41 32 4 93 33 45 39 44 50 84 46 6 19 71 82 37 4 34 83 4 64
16 79 36 17 48 20 30 100 75 32 90 76 13 100 84 54 59 96 62 57 73 29 46 63 99 17 93 16 90 89 92 35 57 23 72 6 23 9 3 55 92 38 35 4 77 1 64 55 13 0 48 11 15 100 91 21 60 8 84 83 51 27 90 45 32 24 61 47 84 20 24 96 8 40 29 91 22 61 49 11 85 29 29 97 35 41 13 40 36 55 92 9 17 58 66 19 50 65 74 48 48 43 96 95 92 55 86 92 94 20 16 76 65 19 82 9 92 35 16 30 86 5 77 36 52 91 59 82 100 49 82 13 14 47 63 54 58 7 52 79 23 79 88 69 81 71 72 23 63 98 100 92 72 70 48 15 31 95 12 43 83 95 83 56 28 11
8 47 93 62 34 2 90 52 61 4 64 42 84 51 68 85 69 59 84 75 83 46 73 1 66 37 48 97 4 87 68 48 76 74 65 26 21 64 42 39 96 50 78 33 52 78 5 48 18 48 0 0 18 73 41 88 15 91 81 53 95 52 66 34 86 88 80 41 56 26 43 19 9 9 50 29 85 53 78 44 44 54 83 56 74 16 35 38 24 1 13 32 24 82 74 40 38 70 91 41 62 2 42 17 74 14 65 54 25 77 41 51 59 31 27 44 64 56 79 5 34 40 46 40 48 65 18 26 82 65 29 1 81 6 34 16 28 59 83 73 93 23 93 90 14 44 40 77 26 54 27 41 34 2 10 54 79 44 39 42 10 17 56 78 99 57
92 68 44 55 15 79 75 80 75 22 86 31 6 26 17 50 46 9 95 53 69 91 14 25 2 85 47 12 55 25 28 6 38 88 4 13 73 25 33 15 58 52 53 0 71 90 86 24 42 11 0 0 90 42 36 30 7 80 1 26 45 50 0 12 69 57 80 2 66 77 86 4 25 23 85 69 56 90 14 49 13 89 45 60 78 73 95 23 27 45 81 92 80 82 5 51 73 57 55 66 5 71 21 53 57 10 62 89 61 83 27 8 71 86 70 37 23 84 45 22 88 81 34 78 79 75 39 87 63 97 52 42 37 71 35 87 42 22 89 54 43 51 48 69 66 69 66 95 81 28 92 26 57 53 78 31 15 78 3 88 94 40 70 99 62 79
43 55 64 53 66 94 83 42 68 73 97 19 14 79 96 85 83 4 22 74 71 8 88 23 43 95 45 81 55 31 5 1 36 55 63 59 42 44 65 52 36 93 88 86 0 72 77 35 100 15 18 90 0 29 47 53 11 18 98 61 70 78 22 61 13 67 40 29 48 39 55 14 87 34 20 14 92 50 97 43 17 37 66 87 14 33 45 47 53 71 16 82 24 0 27 34 48 58 23 62 34 29 31 38 59 3 61 45 60 91 9 62 91 86 39 94 45 68 43 92 45 37 97 38 86 53 100 15 38 97 18 88 60 62 96 40 74 36 43 46 55 11 47 84 62 23 94 43 82 85 44 75 54 44 22 17 76 59 0 77 16 14 27 89 78 65
91 4 31 68 98 33 12 19 29 7 89 35 7 21 21 35 45 95 43 88 40 51 90 13 53 19 30 43 20 12 93 12 57 65 16 10 89 21 99 82 68 5 73 89 37 21 53 26 28 100 73 42 29 0 85 50 61 74 77 59 13 51 56 10 16 81 24 15 48 62 90 30 9 85 24 79 86 85 40 13 34 3 5 71 80 4 61 93 61 35 64 30 92 15 60 69 39 59 44 34 21 18 5 40 16 42 9 53 91 96 96 29 76 94 25 64 10 94 98 51 79 75 14 65 37 41 38 30 75 21 47 63 10 15 52 35 12 41 25 23 60 17 66 54 23 46 6 74 9 41 48 69 21 30 75 44 65 37 20 49 77 29 82 88 32 54
96 99 99 30 100 65 24 10 64 66 0 25 52 23 2 35 44 5 9 45 45 38 5 37 48 92 84 45 38 2 5 69 93 86 91 97 38 49 57 16 31 13 69 21 4 77 96 9 79 91 41 36 47 85 0 93 24 25 21 77 97 68 61 54 49 14 50 41 5 60 98 43 74 59 59 81 16 25 81 34 1 90 67 26 30 71 90 27 97 86 90 33 55 59 95 25 90 44 29 21 82 31 52 51 53 77 73 66 76 84 83 23 31 51 61 62 29 99 55 67 88 88 90 90 8 34 11 25 42 71 60 67 89 43 36 48 65 64 75 89 45 55 30 70 11 69 33 94 38 4 42 46 45 62 99 38 84 32 37 99 81 52 17 60 82 76
43 94 24 9 85 70 96 19 0 9 99 69 81 73 29 2 94 45 5 72 30 77 99 60 36 33 14 5 40 94 28 93 34 3 15 51 31 48 11 75 30 59 77 9 44 79 71 24 98 21 88 30 53 50 93 0 88 63 7 5 60 35 73 11 2 18 44 100 32 72 77 77 3 5 77 50 36 85 29 53 76 23 98 51 78 81 74 36 12 29 6 96 39 5 69 65 45 60 85 87 62 88 77 26 47 12 50 12 15 1 10 88 82 81 52 78 20 74 89 8 3 53 14 90 9 34 27 39 27 51 36 70 50 7 37 81 39 4 100 67 7 16 73 15 81 92 13 18 70 41 23 93 56 7 14 84 47 88 8 85 9 14 52 43 78 32
5 54 50 63 52 6 12 78 7 4 91 71 44 70 69 40 11 45 12 2 71 83 86 36 18 95 66 21 80 12 37 38 54 93 44 53 37 5 31 32 3 10 44 96 72 71 94 29 63 60 15 7 11 61 24 88 0 37 60 61 95 79 51 48 46 19 50 5 95 62 8 77 21 78 98 66 94 51 85 15 67 30 71 61 71 33 81 73 5 83 21 49 6 74 65 94 27 70 30 26 58 2 71 29 91 86 74 98 46 6 61 68 71 47 51 2 89 68 32 96 67 4 99 36 36 86 25 24 24 72 79 93 72 28 21 90 18 43 0 30 100 50 76 43 30 98 66 15 98 58 36 59 98 92 70 12 92 29 100 14 81 27 29 61 99 34
86 53 82 88 26 89 73 85 61 58 15 88 55 95 94 44 62 47 96 96 5 30 90 58 40 83 88 86 99 69 66 41 45 47 1 82 69 84 18 98 82 53 50 69 73 60 87 21 34 8 91 80 18 74 25 63 37 0 46 7 41 32 26 11 82 87 97 67 95 67 56 89 18 98 30 57 84 26 22 74 59 71 99 49 2 46 25 6 68 50 65 50 57 83 100 20 42 98 30 9 69 22 21 84 55 79 12 33 0 39 77 27 58 76 22 28 38 72 60 22 51 27 0 60 45 58 11 11 2 74 68 74 89 25 41 40 77 11 41 20 61 23 78 88 43 52 21 69 49 87 70 29 80 27 93 56 99 69 7 15 36 39 35 67 86 100
36 8 28 55 67 59 80 25 26 93 57 63 39 26 35 26 14 65 56 18 37 4 77 11 17 36 74 6 10 80 62 3 42 58 73 13 32 28 4 14 87 77 19 19 42 50 57 17 37 84 81 1 98 77 21 7 60 46 0 74 76 59 2 39 60 76 25 50 14 78 75 63 44 30 3 29 55 30 83 2 10 77 14 68 8 8 70 91 35 65 36 25 6 40 6 75 10 85 46 52 5 26 72 53 65 22 58 33 33 34 32 7 42 23 21 55 20 31 86 77 28 32 15 54 62 7 21 31 69 29 29 37 41 68 1 23 34 18 12 56 64 86 83 9 70 96 60 48 85 37 35 62 2 57 29 96 60 48 88 13 57 41 84 46 93 64
57 99 9 13 27 71 52 35 41 63 43 25 2 36 10 21 13 53 9 44 69 30 83 8 66 76 79 28 46 84 76 64 58 31 68 6 45 90 57 58 78 90 61 50 45 64 22 85 90 83 53 26 61 59 77 5 61 7 74 0 11 20 97 39 86 37 32 63 22 78 64 13 33 69 92 87 5 2 5 66 22 90 50 21 2 18 15 49 69 48 99 17 53 85 88 17 11 72 54 27 64 47 42 45 62 17 44 75 95 96 65 99 29 3 73 4 90 95 100 73 60 31 73 84 11 63 27 66 68 42 93 78 69 31 84 72 82 54 28 71 12 1 71 26 2 21 8 26 16 2 53 98 24 71 93 48 69 8 95 45 63 2 10 96 48 99
78 30 7 87 32 37 20 53 40 12 73 0 21 88 42 17 88 13 9 19 12 20 95 60 21 69 4 45 65 50 31 16 51 11 20 92 77 29 66 12 34 29 14 38 95 18 47 28 4 51 95 45 70 13 97 60 95 41 76 11 0 8 92 35 52 79 43 93 6 17 88 54 22 28 93 23 43 73 13 84 15 30 58 52 82 41 10 77 14 37 52 79 90 31 42 63 9 26 85 59 76 59 79 60 66 93 86 23 1 17 95 29 98 67 68 31 32 60 37 56 78 60 78 77 75 66 29 68 91 58 51 31 40 96 74 86 66 51 28 1 74 31 74 63 34 7 85 7 61 20 53 74 33 72 46 51 28 51 8 71 33 94 8 38 11 12
9 15 78 89 36 77 17 46 70 78 0 85 24 86 85 86 62 91 29 16 14 62 32 95 79 98 32 95 22 66 21 74 83 10 2 34 45 67 28 8 35 99 51 63 11 17 10 12 69 27 52 50 78 51 68 35 79 32 59 20 8 0 51 76 6 54 42 56 57 13 62 26 30 77 43 30 78 91 79 72 91 87 75 98 0 18 94 37 53 89 40 56 8 10 32 78 26 58 76 48 90 65 33 0 11 91 82 22 97 71 90 94 57 55 74 37 49 86 0 51 91 14 46 36 75 58 32 86 53 86 32 58 66 10 94 26 94 73 6 77 42 83 81 5 38 97 43 97 79 0 63 76 73 8 72 100 79 60 47 45 96 75 60 93 96 62
55 93 63 92 17 87 99 75 4 11 18 35 58 19 84 32 37 59 73 47 31 64 4 71 7 58 60 81 71 7 24 3 10 93 93 41 61 16 80 86 33 72 66 46 6 42 34 1 100 90 66 0 22 56 61 73 51 26 2 97 92 51 0 72 86 44 47 36 30 16 94 51 78 45 74 47 18 62 64 4 19 80 81 1 49 57 57 53 51 67 42 72 92 43 27 50 65 24 68 8 39 52 81 53 0 76 37 82 52 98 0 10 95 18 72 39 40 3 81 74 52 39 68 55 28 32 48 95 48 21 5 5 40 16 44 8 35 9 59 30 90 80 95 22 87 56 62 9 47 47 11 30 100 86 66 18 97 19 36 37 7 49 74 14 28 97
80 65 14 75 60 86 91 46 44 18 43 51 30 39 1 99 64 61 34 7 64 41 60 58 51 24 74 67 66 3 14 99 70 33 92 27 77 17 3 0 87 100 28 35 59 49 45 59 16 45 34 12 61 10 54 11 48 11 39 39 35 76 72 0 4 64 44 25 56 44 46 38 16 24 13 58 18 99 91 15 49 80 70 84 78 40 89 40 61 61 90 3 49 10 7 14 52 9 37 69 8 14 1 1 89 25 14 70 54 98 94 85 89 97 42 98 79 34 10 50 34 24 34 31 100 37 61 35 38 17 22 70 5 97 40 63 5 84 47 92 76 19 37 41 0 21 4 31 19 38 100 86 2 13 14 92 90 48 93 32 40 10 30 1 14 67
63 22 21 30 78 53 1 13 1 44 59 17 79 42 9 91 67 31 86 63 44 37 93 96 32 92 33 73 19 81 43 98 8 45 9 72 12 80 90 54 55 28 92 90 83 88 55 69 77 32 86 69 13 16 49 2 46 82 60 86 52 6 86 4 0 79 5 12 94 49 56 39 65 49 4 2 6 31 35 95 10 34 96 41 72 64 9 89 75 28 6 21 74 17 47 71 88 95 50 36 3 90 72 74 15 35 12 9 88 59 12 26 69 94 43 45 12 59 23 40 60 7 45 37 17 85 5 26 92 42 15 82 73 59 4 55 81 35 98 47 56 100 43 28 34 74 80 72 67 51 55 35 90 2 7 88 52 100 83 98 39 31 13 39 32 37
61 88 17 25 28 94 61 19 60 46 52 68 20 5 64 42 36 10 96 12 7 16 39 91 45 24 42 58 97 79 72 82 6 52 44 62 16 12 11 67 72 59 17 77 82 74 6 67 67 24 88 57 67 81 14 18 19 87 76 37 79 54 44 64 79 0 83 37 54 80 88 64 28 95 21 10 9 59 69 12 30 83 66 36 93 7 20 18 39 44 54 96 97 32 81 37 45 43 59 36 86 28 12 93 99 17 72 93 10 65 75 63 38 85 22 17 32 71 50 6 36 34 44 31 79 21 0 20 44 37 27 14 9 2 17 25 27 60 1 62 76 30 42 56 6 7 47 69 75 52 65 13 70 64 0 18 22 75 72 94 82 43 8 1 45 34
26 84 67 7 48 40 42 23 82 36 84 5 98 12 23 43 67 10 98 52 12 31 43 45 10 81 74 29 18 42 71 33 28 58 2 66 49 90 13 50 24 46 24 24 65 48 77 17 92 61 80 80 40 24 50 44 50 97 25 32 43 42 47 44 5 83 0 99 32 80 13 45 69 45 58 42 59 83 61 12 3 74 16 88 9 1 100 53 31 25 41 12 27 69 83 32 40 52 10 32 15 20 64 38 44 30 14 73 92 93 70 75 45 6 54 71 26 66 84 14 6 2 25 47 53 44 32 79 46 79 63 13 89 78 89 87 91 43 23 43 29 93 31 91 46 67 20 81 72 4 71 31 37 17 82 47 44 65 53 50 81 66 49 60 78 26
97 41 12 59 75 91 81 37 26 70 3 64 73 68 84 32 31 36 21 63 32 78 31 59 82 30 37 78 58 72 67 5 84 20 80 77 29 55 49 35 24 7 50 30 95 36 62 95 10 47 41 2 29 15 41 100 5 67 50 63 93 56 36 25 12 37 99 0 88 6 91 14 68 64 97 80 36 66 74 55 10 49 89 81 13 16 27 54 78 61 42 39 1 38 33 61 99 2 81 78 66 87 22 25 95 46 71 36 71 60 50 42 25 91 18 60 41 70 38 68 45 16 24 58 37 10 45 2 17 26 40 30 84 97 9 27 61 56 95 33 19 13 63 54 11 47 96 73 44 23 4 100 83 26 67 78 58 92 88 34 83 92 67 60 85 26
98 3 7 0 11 44 34 0 18 89 65 39 71 21 28 10 16 59 20 82 88 32 9 59 19 16 34 79 83 46 71 65 7 31 70 86 91 25 37 36 25 23 57 59 91 90 59 1 23 84 56 66 48 48 5 32 95 95 14 22 6 57 30 56 94 54 32 88 0 57 89 14 20 70 62 50 58 99 59 84 99 63 39 2 7 82 97 78 2 40 2 19 4 12 18 85 7 34 97 8 87 62 34 51 66 70 81 75 23 45 35 35 4 51 23 74 30 10 68 91 1 61 28 98 87 92 15 97 89 91 29 43 21 79 67 89 59 85 65 77 81 68 51 17 52 29 51 88 85 23 87 34 15 10 11 74 89 82 0 56 86 30 56 6 17 45
6 72 54 28 83 71 59 30 54 21 54 43 28 44 3 74 9 11 18 96 75 69 30 44 71 46 82 25 84 48 45 94 45 30 2 74 63 23 1 99 42 51 86 38 75 96 17 78 41 20 26 77 39 62 60 72 62 67 78 78 17 13 16 44 49 80 80 6 57 0 1 17 71 12 50 97 85 17 12 40 41 39 42 62 26 22 78 13 100 78 67 43 27 15 33 31 87 15 64 36 61 43 49 0 41 32 25 78 32 59 54 13 18 5 98 46 3 79 99 28 71 35 53 42 33 94 41 34 76 73 38 32 91 11 77 58 86 72 32 98 33 17 11 85 86 53 23 13 37 3 5 41 97 31 10 93 36 43 65 34 99 73 7 93 21 35
77 90 80 70 73 26 81 85 83 61 10 6 22 64 19 86 40 92 17 20 86 57 99 7 49 71 32 36 19 7 97 39 60 67 33 69 50 74 83 78 95 22 64 75 30 4 84 44 15 24 43 86 55 90 98 77 8 56 75 64 88 62 94 46 56 88 13 91 89 1 0 43 15 6 34 0 60 56 0 27 83 6 73 15 86 37 74 73 14 71 85 61 36 76 66 39 11 62 16 73 40 12 79 12 7 9 19 77 46 54 67 68 82 4 84 9 34 63 98 45 85 26 64 52 32 93 97 59 73 94 100 49 29 35 99 46 58 79 84 92 91 99 43 71 32 98 76 85 45 10 58 14 55 68 5 62 55 92 10 89 27 17 12 6 73 93
30 34 88 29 37 50 2 19 65 75 94 96 70 83 10 33 51 86 89 5 76 52 7 14 84 39 13 85 39 52 55 86 48 84 57 8 48 10 61 33 86 6 7 55 12 83 13 87 17 96 19 4 14 30 43 77 77 89 63 13 54 26 51 38 39 64 45 14 14 17 43 0 41 56 53 74 73 69 57 46 3 87 39 24 57 52 89 32 16 56 69 71 11 10 30 46 46 13 14 30 99 5 32 83 78 0 49 57 91 0 27 33 24 9 46 62 99 18 12 4 3 62 15 57 11 66 36 47 24 85 52 31 6 63 15 27 8 17 17 12 43 90 62 22 68 11 27 34 12 76 90 80 15 36 54 32 26 35 30 19 94 94 54 89 6 0
87 74 15 6 98 91 20 28 6 9 11 79 62 74 33 1 100 28 10 25 0 83 35 60 94 49 92 23 74 82 89 76 72 86 92 51 21 80 5 19 44 56 8 27 97 34 76 78 74 8 9 25 87 9 74 3 21 18 44 33 22 30 78 16 65 28 69 68 20 71 15 41 0 77 62 59 22 75 98 42 0 39 6 71 79 94 88 10 4 25 13 74 76 85 19 31 10 80 95 76 61 65 58 53 31 48 98 39 70 67 77 35 86 79 22 72 98 91 63 96 44 93 82 77 41 28 89 70 28 70 7 17 79 75 83 41 34 2 46 61 71 41 26 52 75 82 64 32 100 31 30 20 40 53 61 0 34 55 53 2 46 39 69 17 45 80
41 80 10 30 32 38 52 40 69 11 5 45 72 54 26 70 57 73 97 46 68 72 94 36 25 33 92 47 23 4 62 88 27 75 84 32 40 59 81 1 15 62 6 83 82 56 88 80 98 40 9 23 34 85 59 5 78 98 30 69 28 77 45 24 49 95 45 64 70 12 6 56 77 0 65 19 38 28 68 43 81 65 72 85 93 72 22 18 34 39 30 19 6 5 6 1 76 3 50 18 59 13 63 73 10 72 50 72 33 60 13 58 8 30 99 93 79 81 86 61 37 75 32 5 15 96 62 63 90 43 72 11 13 63 87 90 50 87 84 83 60 13 43 39 40 22 58 13 26 96 65 37 0 61 26 24 88 46 39 59 68 77 33 85 15 5
11 48 33 7 45 6 77 67 47 74 94 70 5 55 63 51 65 43 28 33 85 18 53 80 98 78 48 14 6 34 59 34 27 64 18 30 44 73 39 78 68 17 73 46 85 14 41 28 36 29 50 85 20 24 59 77 98 30 3 92 93 43 74 13 4 21 58 97 62 50 34 53 62 65 0 91 75 42 57 90 13 88 21 51 72 23 24 15 50 74 43 75 27 78 36 60 5 4 51 64 72 93 90 85 28 73 58 50 53 0 39 9 26 37 43 45 77 36 98 87 38 34 41 39 58 29 99 1 77 90 94 18 87 10 40 100 99 15 85 76 72 6 66 16 60 42 4 8 99 57 79 61 93 24 10 51 86 58 13 42 83 73 96 38 51 79
81 59 20 0 74 71 86 35 12 52 45 39 59 71 92 1 0 84 90 35 66 18 56 69 6 26 90 8 35 25 38 77 13 2 83 23 15 31 97 86 71 14 57 85 31 30 74 71 15 91 29 69 14 79 81 50 66 57 29 87 23 30 47 58 2 10 42 80 50 97 0 74 59 19 91 0 9 24 13 95 83 78 14 30 71 10 75 81 95 10 18 54 60 75 21 58 58 100 37 2 39 24 98 9 7 33 97 2 82 96 34 91 30 58 70 23 2 81 0 64 65 90 33 72 84 40 55 45 97 47 50 24 47 98 99 32 24 63 32 98 49 35 5 93 16 28 82 82 100 45 93 2 60 22 93 5 46 5 52 59 27 35 6 54 76 79
44 46 56 28 70 76 73 75 13 10 55 28 20 8 53 84 82 95 15 14 50 12 22 18 97 98 68 87 23 53 45 28 29 85 93 90 50 64 31 63 68 1 24 68 6 93 7 60 29 22 85 56 92 86 16 36 94 84 55 5 43 78 18 18 6 9 59 36 58 85 60 73 22 38 75 9 0 71 32 45 60 3 8 71 9 55 76 73 77 32 56 17 100 9 93 67 51 70 91 32 18 54 73 95 22 31 16 38 63 89 12 31 38 98 88 28 85 4 52 47 18 40 69 46 68 63 31 92 65 32 83 47 38 77 70 43 98 42 93 47 6 92 82 75 9 63 44 52 28 53 16 46 39 9 14 89 14 50 31 15 99 13 71 49 86 83
88 36 3 15 50 8 55 24 34 86 95 92 35 61 73 68 66 33 40 48 78 60 17 95 33 53 50 100 33 67 22 44 14 15 46 62 6 13 46 30 53 84 87 19 3 83 37 70 13 61 53 90 50 85 25 85 51 26 30 2 73 91 62 99 31 59 83 66 99 17 56 69 75 28 42 24 71 0 55 88 15 73 89 37 98 19 29 68 37 81 31 1 0 53 77 68 5 18 42 63 89 4 69 28 39 14 6 85 10 23 73 16 7 62 20 80 1 38 20 78 25 78 53 30 92 13 6 91 50 54 61 63 1 28 76 73 65 51 36 78 43 64 45 26 66 39 94 93 90 27 2 87 68 90 3 84 76 6 82 73 95 90 64 92 27 15
86 67 37 96 37 14 93 18 12 42 48 85 96 22 60 54 9 51 100 84 35 82 56 1 75 84 11 28 95 77 71 57 73 70 53 6 35 1 91 87 30 54 92 94 29 88 84 38 17 49 78 14 97 40 81 29 85 22 83 5 13 79 64 91 35 69 61 74 59 12 0 57 98 68 57 13 32 55 0 19 85 75 53 33 97 32 24 95 11 93 41 52 70 78 31 15 58 74 84 63 23 80 36 43 93 94 23 32 41 11 100 9 91 75 92 44 50 44 7 52 5 1 51 74 58 18 15 20 1 83 7 47 32 65 67 45 4 76 35 88 81 88 88 48 19 29 16 17 4 65 50 21 32 93 57 98 84 5 86 62 63 11 24 25 57 33
94 10 84 34 71 75 61 88 81 68 14 70 27 0 82 100 65 0 74 83 32 31 5 52 4 83 98 38 67 92 17 69 93 63 13 44 74 59 63 94 59 69 72 17 79 23 20 79 29 11 44 49 43 13 34 53 15 74 2 66 84 72 4 15 95 12 12 55 84 40 27 46 42 43 90 95 45 88 19 0 15 39 8 89 19 30 11 13 11 62 41 90 8 99 37 49 33 77 99 15 55 33 12 61 18 15 18 28 47 33 33 61 68 7 40 65 75 81 68 52 66 30 56 4 69 74 1 98 12 43 64 22 62 57 53 57 64 35 18 40 34 35 35 30 59 88 78 98 25 19 63 34 64 25 9 70 100 94 49 80 25 69 64 88 93 11
47 89 18 56 69 27 55 11 19 80 72 83 18 49 5 56 43 2 16 82 81 70 13 54 26 95 10 79 84 93 86 83 62 31 2 93 51 57 1 62 44 86 45 98 59 3 13 68 95 85 44 13 17 34 1 76 67 59 10 22 15 91 19 49 10 30 3 10 99 41 83 3 0 81 13 83 60 15 85 15 0 15 99 34 62 58 20 13 25 36 80 89 76 77 3 85 98 84 13 88 12 51 45 45 61 26 10 42 15 86 3 94 5 40 74 21 30 47 47 15 16 6 21 73 44 8 30 100 13 88 12 77 98 13 96 46 3 89 29 12 85 74 62 92 79 68 54 40 67 7 28 35 50 81 40 62 63 70 96 81 58 75 93 79 37 33
72 62 3 33 1 25 4 69 90 44 61 10 79 54 93 3 11 56 31 85 37 52 10 19 86 94 81 53 29 62 6 84 50 17 75 24 26 100 16 99 1 29 70 2 97 95 47 21 4 29 54 89 37 3 90 23 30 71 77 90 30 87 80 80 34 83 74 49 63 39 6 87 39 65 88 78 3 73 75 39 15 0 31 32 6 2 60 11 95 42 51 65 18 67 97 42 29 56 41 65 49 100 37 28 99 31 73 64 22 67 92 61 86 11 69 43 35 29 83 19 88 9 100 49 48 34 42 5 80 99 73 49 91 28 28 95 8 29 7 18 87 76 17 80 95 16 7 96 74 17 17 73 5 30 57 87 74 5 71 47 76 67 44 72 82 25
18 92 47 11 73 75 46 4 98 5 40 29 56 44 34 25 63 30 64 39 89 94 74 79 40 79 55 73 47 51 41 11 39 84 79 25 69 52 43 48 73 80 69 16 90 47 22 17 29 29 83 45 66 5 67 98 71 99 14 50 58 75 81 70 96 66 16 89 39 42 73 39 6 72 21 14 8 89 53 8 99 31 0 28 16 40 70 27 47 15 45 5 49 45 3 35 26 21 82 100 38 42 4 17 73 76 49 26 20 31 1 45 84 45 35 55 71 3 97 95 39 31 56 56 43 94 53 90 43 22 63 96 90 31 95 27 0 35 1 96 48 34 52 75 88 79 95 81 48 61 58 68 78 50 65 92 24 72 14 22 62 83 71 20 46 49
24 53 87 74 50 72 34 57 83 47 71 68 21 26 41 68 23 79 84 71 88 41 68 5 100 66 69 81 2 46 17 4 20 94 45 85 89 20 9 86 40 84 7 93 52 17 18 29 58 97 56 60 87 71 26 51 61 49 68 21 52 98 1 84 41 36 88 81 2 62 15 24 71 85 51 30 71 37 33 89 34 32 28 0 3 71 52 55 61 68 45 48 8 69 96 70 1 27 20 96 93 91 90 83 38 32 14 95 40 76 18 13 98 37 55 33 47 70 74 44 60 60 62 68 7 68 16 100 23 90 97 94 38 39 3 22 23 38 44 55 54 31 67 50 14 61 44 8 37 65 19 75 40 51 83 3 12 48 29 97 64 25 56 99 19 74
98 77 50 37 36 31 92 35 42 87 14 61 85 74 45 60 5 75 85 43 74 47 78 67 64 94 19 91 16 44 74 98 20 6 9 53 18 43 9 32 14 78 41 7 24 66 28 34 32 35 74 78 14 80 30 78 71 2 8 2 82 0 49 78 72 93 9 13 7 26 86 57 79 93 72 71 9 98 97 19 62 6 16 3 0 51 8 47 32 71 43 0 1 73 78 18 27 75 6 51 86 47 98 1 89 78 56 33 71 3 30 1 2 42 81 7 87 23 51 21 80 76 19 48 30 76 46 1 33 37 42 57 52 1 82 74 73 45 82 43 4 84 53 93 36 22 16 68 99 79 25 12 58 0 47 40 97 92 81 59 60 72 27 21 96 34
34 99 99 43 34 95 13 37 25 13 4 81 1 70 24 41 89 53 31 19 67 47 8 83 94 81 69 69 0 44 28 33 75 37 42 15 72 65 29 76 80 20 74 88 18 36 4 42 19 41 16 73 33 4 71 81 33 46 8 18 41 18 57 40 64 7 1 16 82 22 37 52 94 72 23 10 55 19 32 30 58 2 40 71 51 0 10 70 24 55 69 55 86 58 14 1 50 68 67 14 14 88 41 88 93 80 60 4 55 43 87 2 94 77 72 17 80 17 77 97 63 52 89 3 92 76 84 46 37 56 70 14 99 28 85 94 76 55 12 41 42 0 41 67 92 90 53 29 80 57 61 98 35 89 14 38 8 76 1 66 75 86 96 50 29 28
6 51 11 10 21 52 70 75 37 84 26 66 57 82 15 34 17 44 43 89 52 88 13 3 88 22 40 33 55 58 56 55 67 95 37 56 42 35 24 5 19 15 40 62 90 25 46 52 37 13 35 95 45 61 90 74 81 25 70 15 10 94 57 89 9 20 100 27 97 78 74 89 88 22 24 75 76 29 24 11 20 60 70 52 8 10 0 2 90 72 52 91 56 84 70 47 3 55 49 59 58 71 54 76 34 33 95 50 9 88 94 49 21 85 77 87 82 8 5 18 29 32 31 9 16 31 26 78 36 33 24 86 47 0 91 92 88 47 91 0 68 27 33 17 2 94 6 85 66 18 48 70 15 33 77 80 75 38 24 52 53 21 80 66 45 38
56 45 1 44 13 36 83 75 6 47 95 45 14 64 53 50 73 6 9 87 70 3 36 35 46 66 1 1 63 71 79 95 95 71 43 53 40 1 66 36 62 22 89 75 90 29 43 37 51 40 38 23 47 93 27 36 73 6 91 49 77 37 53 40 89 18 53 54 78 13 73 32 10 18 15 81 73 68 95 13 13 11 27 55 47 70 2 0 99 74 1 99 39 96 15 23 41 73 47 32 75 76 37 100 28 78 83 21 27 34 1 67 29 26 55 77 55 61 2 52 41 19 69 69 57 22 60 100 5 56 92 53 97 23 100 1 78 74 76 23 77 46 4 100 85 26 93 82 66 58 93 74 91 63 60 97 30 82 43 96 79 25 84 97 67 22
72 20 64 85 60 55 77 67 62 10 49 75 95 44 5 9 96 34 48 91 64 54 31 61 26 59 71 93 99 45 85 92 28 70 26 61 53 28 16 90 60 7 14 86 94 100 13 69 51 36 24 27 53 61 97 12 5 68 35 69 14 53 51 61 75 39 31 78 2 100 14 16 4 34 50 95 77 37 11 11 25 95 47 61 32 24 90 99 0 12 56 14 5 37 3 98 6 23 90 76 51 69 43 86 95 13 63 30 59 95 78 19 22 80 20 65 27 8 3 71 78 39 81 75 69 65 98 16 91 75 16 38 61 59 29 75 70 70 35 87 68 80 28 48 50 52 6 29 29 83 95 37 87 22 11 86 45 15 20 22 93 15 22 40 82 10
16 63 1 73 66 54 80 32 56 93 23 56 69 91 62 26 99 46 13 78 41 92 48 37 65 37 82 100 46 46 63 36 76 3 4 36 58 69 32 48 72 19 73 28 100 0 13 93 74 55 1 45 71 35 86 29 83 50 65 48 37 89 67 61 28 44 25 61 40 78 71 56 25 39 74 10 32 81 93 62 36 42 15 68 71 55 72 74 12 0 15 51 44 8 54 11 93 37 13 61 4 0 2 80 71 100 25 59 19 35 95 61 60 49 73 66 11 82 92 34 23 31 67 29 97 61 27 80 56 1 58 82 38 5 99 41 50 10 58 10 67 53 95 38 51 72 42 98 41 10 78 59 41 50 54 38 90 20 35 27 90 63 82 98 66 49
69 74 64 66 36 55 89 22 29 91 27 67 19 54 91 30 85 67 50 86 37 88 28 73 40 65 13 7 63 25 74 0 88 63 49 7 15 85 54 27 35 2 2 2 19 43 45 100 23 92 13 81 16 64 90 6 21 65 36 99 52 40 42 90 6 54 41 42 2 67 85 69 13 30 43 18 56 31 41 41 80 51 45 45 43 69 52 1 56 15 0 70 30 73 3 6 40 78 45 41 68 47 49 65 57 41 32 49 19 49 40 30 92 86 32 65 8 70 37 70 44 97 41 17 54 5 75 44 94 87 15 2 69 76 24 79 24 45 84 2 33 63 92 53 49 83 72 18 12 92 53 95 32 34 48 79 80 66 0 96 49 5 32 69 41 32
94 98 60 13 61 96 29 70 54 39 39 10 48 24 63 70 2 68 70 8 4 73 47 76 63 8 92 84 68 33 89 56 12 46 57 45 71 89 69 10 53 97 26 45 57 6 52 34 65 9 32 92 82 30 33 96 49 50 25 17 79 56 72 3 21 96 12 39 19 43 61 71 74 19 75 54 17 1 52 90 89 65 5 48 0 55 91 99 14 51 70 0 47 96 82 39 31 57 74 87 9 8 98 36 57 100 6 3 96 66 8 66 79 8 41 20 59 29 86 76 83 17 86 64 70 45 98 34 17 90 88 28 70 13 52 44 47 100 28 38 38 1 99 53 61 15 84 61 35 37 95 44 28 6 55 60 72 74 31 20 93 50 94 34 29 39
7 95 87 41 49 80 33 28 85 69 46 73 47 63 34 64 25 86 11 56 94 34 63 85 65 18 95 25 99 8 12 45 52 98 73 51 75 50 10 67 98 76 96 68 70 73 78 63 1 17 24 80 24 92 55 39 6 57 6 53 90 8 92 49 74 97 27 1 4 27 36 11 76 6 27 60 100 0 70 8 76 18 49 8 1 86 56 39 5 44 30 47 0 62 69 82 63 13 36 56 49 62 100 76 88 5 58 59 61 1 55 48 78 10 97 86 49 13 27 31 4 1 85 52 53 68 93 17 10 94 33 9 50 3 16 26 36 36 72 21 46 34 62 20 99 91 70 48 24 82 51 74 78 100 45 53 61 26 29 21 9 9 23 83 74 48
40 64 76 62 64 77 53 46 19 91 22 94 24 81 39 17 42 68 35 68 55 35 48 69 43 73 67 74 8 93 85 64 93 35 31 86 17 53 72 59 100 23 51 16 28 77 97 15 95 58 82 82 0 15 59 5 74 83 40 85 31 10 43 10 17 32 69 38 12 15 76 10 85 5 78 75 9 53 78 99 77 67 45 69 73 58 84 96 37 8 73 96 62 0 51 94 58 91 5 23 94 75 6 55 59 96 73 83 57 16 11 67 59 8 74 100 32 34 53 29 18 67 83 58 11 96 41 26 28 14 41 45 93 23 10 97 47 61 34 1 57 54 9 51 23 62 62 57 70 23 52 57 88 68 88 51 43 49 32 45 29 38 35 83 80 42
95 100 89 3 94 35 94 37 24 86 86 77 84 85 63 68 64 47 74 94 50 53 66 33 15 100 54 40 33 24 9 78 98 80 93 66 86 88 88 51 83 18 53 95 71 93 78 1 73 66 74 5 27 60 95 69 65 100 6 88 42 32 27 7 47 81 83 33 18 33 66 30 19 6 36 21 93 77 31 37 3 97 3 96 78 14 70 15 3 54 3 82 69 51 0 18 7 65 72 13 60 37 38 42 92 46 59 69 61 29 98 87 19 88 90 10 98 37 40 2 24 50 90 38 14 56 49 19 60 54 21 16 49 86 81 44 44 16 36 22 31 19 58 42 53 20 53 17 84 90 50 74 67 6 59 41 62 30 8 78 31 78 91 16 80 39
31 12 81 88 47 96 43 53 98 47 4 12 43 30 61 23 71 25 39 83 39 7 66 47 24 22 18 30 68 75 40 63 83 5 66 69 81 9 0 42 98 66 63 75 20 53 23 94 94 19 40 51 34 69 25 65 94 20 75 17 63 78 50 14 71 37 32 61 85 31 39 46 31 1 60 58 67 68 15 49 85 42 35 70 18 1 47 23 98 11 6 39 82 94 18 0 76 19 84 62 57 66 90 62 49 43 14 22 12 67 96 49 7 54 58 26 93 49 98 80 65 60 45 64 78 39 33 52 74 49 54 5 73 53 31 80 52 40 45 48 51 100 29 70 65 24 44 79 77 90 97 33 94 22 67 33 40 79 90 21 66 74 52 25 82 44
42 68 66 41 93 54 22 58 49 88 14 86 5 23 0 79 86 19 77 35 26 17 84 47 95 53 27 75 90 75 78 8 4 22 73 40 27 25 25 64 92 4 15 96 30 20 50 56 0 50 38 73 48 39 90 45 27 42 10 11 9 26 65 52 88 45 40 99 7 87 11 46 10 76 5 58 51 5 58 33 98 29 26 1 27 50 3 41 6 93 40 31 63 58 7 76 0 66 71 97 78 18 33 42 64 42 82 56 10 53 95 16 79 50 90 25 47 82 66 80 73 8 49 47 14 52 84 17 75 100 13 3 41 10 92 35 70 30 78 66 94 56 30 58 86 55 15 70 89 72 51 60 55 44 83 25 57 28 89 79 8 9 71 41 68 42
7 51 100 89 48 71 11 100 61 69 56 13 92 4 80 5 94 47 19 46 64 49 12 60 27 81 72 71 47 76 69 43 20 89 73 66 23 68 68 31 38 50 14 0 24 76 49 94 63 65 70 57 58 59 44 60 70 98 85 72 26 58 24 9 95 43 52 2 34 15 62 13 80 3 4 100 70 18 74 77 84 56 21 27 75 68 55 73 23 37 78 57 13 91 65 19 66 0 47 48 67 24 12 98 80 50 42 67 95 28 2 92 56 15 70 99 82 12 4 7 20 72 13 42 4 80 25 72 10 7 15 21 87 5 54 28 22 58 5 74 9 22 25 7 95 84 29 15 33 45 98 23 82 34 26 15 1 29 33 28 18 1 50 99 100 27
86 33 92 40 30 43 91 28 34 9 57 95 58 63 0 56 95 86 11 99 7 58 71 50 25 26 10 46 72 72 40 22 19 48 84 50 7 3 46 65 50 5 7 19 43 4 97 74 12 74 91 55 23 44 29 85 30 30 46 54 85 76 68 37 50 59 10 81 97 64 16 14 95 50 51 37 91 42 84 99 13 41 82 20 6 67 49 47 90 13 45 74 36 5 72 84 71 47 0 30 65 8 83 64 1 63 57 84 80 1 9 53 36 99 19 93 75 30 92 81 44 41 10 52 1 90 39 20 3 77 85 82 44 42 92 73 71 40 67 79 71 48 26 54 49 51 26 50 34 55 72 50 15 29 38 39 4 40 20 11 95 44 71 57 44 83
86 31 49 10 1 77 15 72 17 68 43 6 81 80 42 9 2 17 1 94 70 71 68 22 21 100 37 82 44 88 73 95 12 90 34 65 48 18 73 79 3 58 15 52 15 20 56 49 53 48 41 66 62 34 21 87 26 9 52 27 59 48 8 69 36 36 32 78 8 36 73 30 76 18 64 2 32 63 63 15 88 65 100 96 51 14 59 32 76 61 41 87 56 23 13 62 97 48 30 0 13 4 95 83 11 39 10 21 11 79 32 0 42 11 4 68 8 49 16 2 34 100 56 41 60 22 65 95 65 61 20 68 40 93 79 83 95 40 84 84 74 2 73 55 98 96 81 48 54 84 87 38 2 67 17 5 72 18 8 75 6 72 32 2 45 48
65 5 15 42 85 57 17 70 85 10 54 15 33 43 33 15 28 16 43 64 71 13 64 66 10 74 23 59 32 20 24 13 83 95 85 89 52 81 96 26 51 31 61 69 39 17 86 71 48 48 62 5 34 21 82 62 58 69 5 64 76 90 39 8 3 86 15 66 87 61 40 99 61 59 72 39 18 89 23 55 12 49 38 93 86 14 58 75 51 4 68 9 49 94 60 57 78 67 65 13 0 97 36 47 15 53 83 30 12 98 83 6 20 65 63 48 3 20 62 95 48 41 28 38 70 96 15 21 27 4 92 78 70 65 43 34 0 14 21 82 20 53 70 43 9 86 16 17 7 61 30 35 21 22 77 2 15 9 10 62 1 79 46 36 22 12
14 50 31 99 10 21 33 33 38 71 92 66 36 57 16 44 63 64 87 10 64 16 16 8 91 13 40 47 24 7 33 53 20 93 6 60 19 18 9 97 33 23 78 8 80 84 98 55 47 43 2 71 29 18 31 88 2 22 26 47 59 65 52 14 90 28 20 87 62 43 12 5 65 13 93 24 54 4 80 33 51 100 42 91 47 88 71 76 69 0 47 8 62 75 37 66 18 24 8 4 97 0 79 57 52 61 75 15 12 58 59 26 72 62 39 36 14 82 2 77 74 93 86 37 25 88 16 49 15 4 17 51 70 85 42 74 35 92 96 43 14 74 61 85 1 62 13 69 61 85 71 38 73 67 8 95 95 85 86 14 83 18 30 3 99 14
19 31 86 37 40 63 86 54 15 17 69 72 29 26 49 27 36 99 41 82 94 77 11 11 78 80 24 11 35 55 42 53 44 43 24 29 88 30 96 84 8 83 74 93 68 48 8 24 50 96 42 21 31 5 52 77 71 21 72 42 79 33 81 1 72 12 64 22 34 49 79 32 58 63 90 98 73 69 36 12 45 37 4 90 98 41 54 37 43 2 49 98 100 6 38 90 33 12 83 95 36 79 0 59 38 67 77 24 27 34 36 7 8 4 34 22 9 63 7 0 51 70 84 51 92 75 63 7 5 94 85 83 13 15 40 3 80 78 73 69 36 98 51 0 9 26 10 41 99 31 94 15 50 90 81 74 92 19 49 48 46 47 87 81 24 97
88 16 44 18 65 16 6 37 12 64 0 89 82 74 0 38 1 66 82 64 68 79 40 59 39 99 13 76 38 30 69 83 2 42 85 58 81 93 85 71 67 59 85 23 35 75 90 71 13 95 17 53 38 40 51 26 29 84 53 45 60 0 53 1 74 93 38 25 51 0 12 83 53 73 85 9 95 28 43 61 45 28 17 83 1 88 76 100 86 80 65 36 76 55 42 62 42 98 64 83 47 57 59 0 22 53 63 74 20 73 38 27 30 38 30 7 81 5 79 15 11 54 47 34 98 7 25 47 96 81 55 8 20 59 13 61 76 71 34 94 55 45 37 52 19 97 41 71 61 52 58 66 21 97 92 2 76 10 30 43 83 32 75 88 47 28
47 37 35 91 73 73 14 93 58 72 88 73 50 86 10 49 18 46 36 59 35 63 56 5 51 43 81 84 53 85 68 79 78 33 89 26 43 51 100 20 6 82 56 20 42 50 9 65 67 92 74 57 59 16 53 47 91 55 65 62 66 11 0 89 15 99 44 95 66 41 7 78 31 10 28 7 22 39 93 18 61 99 73 38 89 93 34 28 95 71 57 57 88 59 92 49 64 80 1 11 15 52 38 22 0 85 16 23 36 97 26 50 28 48 19 29 1 44 88 37 97 69 95 41 10 98 67 5 10 42 72 63 20 39 89 38 29 73 78 80 50 96 98 22 90 81 6 28 93 66 65 29 7 92 14 90 43 62 6 55 72 59 25 50 10 83
100 43 96 50 23 12 56 0 6 3 89 49 8 92 30 54 62 65 44 83 10 24 32 96 24 64 19 60 73 40 55 24 24 55 88 58 22 82 72 43 15 2 94 9 23 36 97 74 1 55 14 10 3 42 77 12 86 79 22 17 93 91 76 25 35 17 30 46 70 32 9 0 48 72 73 33 31 14 94 15 26 31 76 32 78 80 33 78 13 100 41 100 5 96 46 43 42 50 63 39 53 61 67 53 85 0 52 56 6 53 27 44 13 79 68 84 60 59 37 21 82 64 66 7 16 42 94 54 65 52 58 63 54 1 46 47 61 54 30 82 63 94 92 43 18 98 48 98 2 78 78 43 0 37 19 79 3 46 58 3 19 21 46 62 78 51
33 60 20 13 35 30 3 77 12 27 49 36 54 30 81 79 66 17 55 8 70 19 34 97 2 60 11 68 13 85 54 93 2 21 28 47 56 29 65 0 7 48 19 51 52 88 71 23 74 86 65 62 61 9 73 50 74 12 58 44 86 82 37 14 12 72 14 71 81 25 19 49 98 50 58 97 16 6 23 18 10 73 49 14 56 60 95 83 63 25 32 6 58 73 59 14 82 42 57 10 83 75 77 63 16 52 0 13 82 100 7 39 96 3 14 85 99 82 16 86 81 76 8 57 19 51 99 7 48 20 18 54 87 99 12 27 3 19 2 51 66 50 0 33 40 58 1 67 56 11 54 20 13 1 46 36 78 39 0 80 35 79 81 98 31 69
52 67 32 35 45 15 64 100 31 38 96 49 25 75 23 95 81 97 76 21 80 85 18 72 83 35 49 38 32 52 49 58 67 3 16 91 19 88 19 21 39 22 56 84 20 81 43 58 5 92 54 89 45 53 66 12 98 33 33 75 23 22 82 70 9 93 73 36 75 78 77 57 39 72 50 2 38 85 32 28 42 64 26 95 33 4 50 21 30 59 49 3 59 83 69 22 56 67 84 21 30 15 24 74 23 56 13 0 21 19 82 55 18 53 23 49 5 33 60 91 100 36 58 13 48 54 21 82 55 61 52 82 44 63 72 10 45 26 94 10 68 24 7 90 66 71 5 28 29 73 6 77 56 92 58 54 2 32 55 61 37 81 81 48 21 75
22 98 23 68 61 30 27 14 35 11 69 74 89 72 96 23 15 54 56 1 28 53 38 40 15 45 16 46 49 82 57 49 37 9 12 93 8 30 76 48 79 3 8 40 16 41 18 90 80 94 25 61 60 91 76 15 46 0 33 95 1 97 52 54 88 10 92 71 23 32 46 91 70 33 53 82 63 10 41 47 15 22 20 40 71 55 9 27 59 19 19 96 61 57 61 12 10 95 80 11 12 12 27 20 36 6 82 21 0 98 97 62 60 96 51 55 33 18 29 11 67 82 85 13 18 0 42 79 17 48 22 64 78 31 2 14 16 97 48 42 18 34 93 56 43 10 28 0 96 64 13 85 20 49 5 2 0 59 49 41 55 10 90 12 42 92
59 38 94 7 56 42 74 45 63 88 17 95 16 12 65 85 78 52 100 64 39 52 41 78 60 83 75 36 41 79 38 42 47 59 55 53 49 23 74 58 1 96 5 62 71 63 50 25 84 20 77 83 91 96 84 1 6 39 34 96 17 71 98 98 59 65 93 60 45 59 54 0 67 60 0 96 89 23 11 33 86 67 31 76 3 43 88 34 95 35 49 66 1 16 29 67 53 28 1 79 98 58 34 73 97 53 100 19 98 0 13 42 40 36 46 76 43 6 40 81 2 1 83 54 64 91 22 89 88 64 3 45 61 97 84 42 35 13 30 72 27 16 25 77 51 51 56 14 17 33 49 63 95 50 17 18 60 72 61 99 79 75 67 88 21 86
55 8 67 88 78 54 83 3 57 41 78 32 40 61 45 41 43 23 26 24 13 97 38 0 47 40 35 89 98 4 51 99 51 5 73 63 57 94 89 76 11 96 5 10 70 54 92 61 14 16 41 27 9 96 83 10 61 77 32 65 95 90 0 94 12 75 70 50 35 54 67 27 77 13 39 34 12 73 100 33 3 92 1 18 30 87 94 1 78 95 40 8 55 11 98 96 95 2 9 32 83 59 36 38 26 27 7 82 97 13 0 79 36 68 30 63 67 54 77 48 74 64 10 45 64 87 22 38 50 56 51 33 64 60 37 16 48 81 51 44 29 41 58 64 4 58 54 21 86 66 6 5 54 65 46 49 47 33 72 77 59 56 96 62 39 4
19 62 59 63 55 77 77 47 87 21 98 3 100 36 25 64 30 40 69 66 13 60 46 70 79 31 98 37 85 87 45 81 70 32 92 46 100 42 83 27 38 93 28 35 10 7 24 84 87 76 51 8 62 29 23 88 68 27 7 99 29 94 10 85 26 63 75 42 35 13 68 33 35 58 9 91 31 16 9 61 94 61 45 13 1 2 49 67 19 61 30 66 48 67 87 49 16 92 53 0 6 26 7 27 50 44 39 55 62 42 79 0 85 86 43 50 65 49 1 22 70 23 44 60 74 9 41 19 14 20 59 63 89 38 77 7 92 33 86 39 45 96 46 82 40 49 19 81 51 18 37 94 57 40 71 69 34 61 58 64 10 10 9 21 81 16
88 54 29 58 67 56 73 15 29 66 26 95 57 85 69 53 74 93 16 39 29 48 48 63 57 60 95 88 86 39 97 31 78 12 83 16 86 47 46 39 23 49 36 100 60 65 87 48 23 65 59 71 91 76 31 82 71 58 42 29 98 57 95 89 69 38 45 25 4 18 82 24 86 8 26 30 38 7 91 68 5 86 84 98 2 94 21 29 22 60 92 79 78 59 19 7 79 56 36 42 20 72 8 30 28 13 96 18 60 40 36 85 0 54 49 73 31 86 24 84 20 38 57 79 79 51 2 79 40 52 82 87 5 52 86 67 93 52 19 56 22 52 63 65 4 34 33 76 78 47 15 45 64 22 94 74 17 2 80 13 47 2 55 8 80 9
54 28 7 74 63 71 61 57 51 32 75 60 75 45 100 4 26 0 55 16 56 27 84 82 77 6 53 92 89 78 8 58 57 47 5 42 76 7 50 46 78 83 90 9 67 70 30 81 31 19 31 86 86 94 51 81 47 76 23 3 67 55 18 97 94 85 6 91 51 5 4 9 79 30 37 58 98 62 75 7 40 11 45 37 42 77 85 26 80 49 86 8 10 8 88 54 50 15 99 11 65 62 4 38 48 79 3 53 96 36 68 86 54 0 14 97 90 73 73 9 93 53 54 2 89 76 21 93 65 88 71 68 4 48 31 40 33 35 46 10 47 49 39 75 48 78 28 49 11 89 76 37 86 75 53 14 22 74 36 40 44 8 78 98 91 17
85 26 18 41 39 69 46 59 58 38 35 100 32 3 75 35 4 54 55 2 90 24 38 22 26 23 28 83 62 21 60 97 60 96 0 24 44 70 57 79 80 83 2 90 64 89 27 99 72 82 27 70 39 25 61 52 51 22 21 73 68 74 72 42 43 22 54 18 23 98 84 46 22 99 43 70 88 20 92 40 74 69 35 55 81 72 77 55 20 73 32 41 97 74 90 58 90 70 19 4 63 39 34 30 19 68 14 23 51 46 30 43 49 14 0 52 89 93 19 100 98 45 83 0 63 27 88 60 16 50 26 88 26 41 77 53 55 5 40 8 3 45 12 80 85 35 7 71 59 86 32 62 13 52 86 58 82 59 87 25 99 88 47 24 18 44
94 91 52 23 94 95 84 54 87 79 93 46 86 79 31 25 19 89 12 76 91 86 86 83 2 18 71 98 44 76 47 58 21 77 39 47 36 83 20 63 34 57 72 83 90 51 38 79 1 9 44 37 94 64 62 78 2 28 55 4 31 37 39 98 45 17 71 60 74 46 9 62 72 93 45 23 28 80 44 65 21 43 55 33 7 17 87 77 65 66 65 20 86 100 10 26 25 99 93 68 48 36 22 7 29 84 85 49 55 76 63 50 73 97 52 0 75 78 24 61 36 86 25 99 11 56 70 33 93 83 30 51 72 87 94 13 41 84 15 62 6 7 67 76 49 67 13 56 3 36 46 1 84 25 26 73 69 2 90 38 54 15 67 72 56 29
9 24 71 62 12 98 38 29 2 51 2 74 42 51 95 65 5 82 63 57 60 63 6 37 99 57 28 87 50 71 80 83 87 72 42 12 76 18 22 77 42 27 88 45 65 27 3 2 32 92 64 23 45 10 29 20 89 38 20 90 32 49 40 79 12 32 26 41 30 3 34 99 98 79 77 2 85 1 50 75 30 35 71 47 87 80 82 55 27 11 8 59 49 32 98 93 47 82 75 8 3 14 9 81 1 60 99 5 33 43 67 65 31 90 89 75 0 5 82 90 27 25 32 98 18 14 85 49 43 89 48 2 47 39 33 26 67 38 10 86 58 34 26 4 87 62 32 38 85 11 38 18 63 58 3 71 49 82 52 47 46 90 6 9 75 17
7 41 58 14 9 90 76 70 19 69 24 37 2 13 70 56 86 85 98 83 20 27 29 43 4 6 35 58 59 43 31 65 64 97 72 72 97 0 68 86 100 37 29 85 62 35 6 19 45 35 56 84 68 94 99 74 68 72 31 95 60 86 3 34 59 71 66 70 10 79 63 18 91 81 36 81 4 38 44 81 47 29 3 70 23 17 8 61 8 82 70 29 13 34 37 49 82 12 30 49 20 82 63 5 44 59 82 33 18 6 54 49 86 73 93 78 5 0 50 84 91 33 37 39 19 49 85 66 75 76 47 77 81 69 45 24 52 5 19 92 54 45 33 91 73 84 65 20 18 72 93 75 69 2 76 25 63 30 34 83 84 42 86 36 17 30
67 21 52 46 80 95 14 48 95 80 94 87 37 67 56 11 46 85 16 50 52 71 15 44 3 77 8 60 79 39 24 49 80 83 1 5 67 73 91 80 29 61 11 91 9 48 1 26 22 16 79 45 43 98 55 89 32 60 86 100 37 0 81 10 23 50 84 38 68 99 98 12 63 86 98 0 52 20 7 68 47 83 97 74 51 77 5 2 3 92 37 86 27 53 40 98 66 4 92 16 62 2 7 79 88 37 16 60 29 40 77 1 24 73 19 24 82 50 0 29 38 91 61 27 87 22 88 34 10 62 2 40 74 87 37 47 65 80 72 71 49 75 92 11 26 30 41 37 63 27 24 48 5 26 46 17 99 16 5 20 7 43 56 43 94 27
90 7 53 25 72 1 18 13 69 56 93 1 34 52 51 47 91 69 72 93 56 11 49 56 95 91 40 99 83 12 46 3 14 90 41 95 98 27 16 31 38 5 23 16 24 92 77 30 61 30 5 22 92 51 67 8 96 22 77 73 56 51 74 50 40 6 14 68 91 28 45 4 96 61 87 64 47 78 52 52 15 19 95 44 21 97 18 52 71 34 70 76 31 29 2 80 80 7 81 2 95 77 0 15 37 21 86 91 11 81 48 22 84 9 100 61 90 84 29 0 17 84 44 30 40 84 90 91 61 43 98 25 7 8 22 58 7 15 52 57 1 56 7 53 79 42 62 64 74 37 6 48 92 69 19 60 12 32 30 72 14 26 99 60 19 31
29 66 39 95 31 47 91 76 76 55 31 64 64 70 6 65 50 54 88 76 8 53 45 28 13 47 62 14 26 12 45 73 14 94 90 6 34 30 30 44 73 15 91 94 46 2 72 32 61 86 34 88 45 79 88 3 67 51 28 60 78 91 52 34 60 36 6 45 1 71 85 3 44 37 38 65 18 25 5 66 16 88 39 60 80 63 29 41 78 23 44 83 4 18 24 65 73 20 44 34 48 74 51 11 97 82 81 100 67 2 74 70 20 93 98 36 27 91 38 17 0 7 83 36 100 84 71 77 91 63 8 94 11 10 76 0 56 31 87 70 73 19 74 2 51 79 90 36 10 82 81 72 41 75 48 75 15 4 23 69 43 73 99 5 90 5
43 55 18 99 10 92 53 75 6 2 100 76 83 87 99 82 23 33 4 79 63 63 22 15 79 67 83 50 5 37 1 12 87 85 49 30 47 24 53 91 77 75 69 89 73 42 1 41 32 5 40 81 37 75 88 53 4 27 32 31 60 14 39 24 7 34 2 16 61 35 26 62 93 75 34 90 40 78 1 30 6 9 31 60 76 52 32 19 39 31 97 17 1 67 50 60 8 72 41 100 41 93 70 54 69 64 76 36 82 1 64 23 38 53 45 86 25 33 91 84 7 0 48 94 74 92 4 98 16 18 50 66 53 20 91 91 94 66 28 43 10 34 9 41 69 82 93 91 33 80 18 34 21 80 65 63 22 66 69 8 58 3 89 94 23 25
75 7 56 15 16 18 94 33 37 3 29 4 100 68 31 30 82 16 63 87 50 40 87 33 52 61 14 51 88 27 66 56 45 72 94 81 39 97 16 84 13 20 65 79 43 62 49 4 54 77 46 34 97 14 90 14 99 0 15 73 78 46 68 34 45 44 25 24 28 53 64 15 82 32 41 33 69 53 51 56 21 100 56 62 19 89 31 69 81 67 41 86 85 83 90 45 49 13 10 56 28 86 84 47 95 66 8 58 85 83 10 44 57 54 83 25 32 37 61 44 83 48 0 76 96 19 36 64 2 79 88 63 11 92 79 14 50 29 31 58 41 53 57 65 85 89 65 9 39 79 88 64 9 74 15 85 78 22 52 55 91 83 50 3 78 95
84 3 52 24 17 67 99 35 92 6 23 57 67 16 24 56 44 99 38 14 4 44 87 32 93 6 48 14 62 20 80 40 6 2 42 33 87 38 12 1 24 96 58 87 5 52 59 69 72 36 40 78 38 65 90 90 36 60 54 84 77 36 55 31 37 31 47 58 98 42 52 57 77 5 39 72 46 30 74 4 73 49 56 68 48 3 9 69 75 29 17 64 52 58 38 64 47 42 52 41 38 37 51 34 41 7 57 13 13 54 45 60 79 2 0 99 98 39 27 30 36 94 76 0 100 93 40 43 87 75 80 6 27 3 48 99 8 28 67 87 47 58 46 30 14 57 45 34 44 29 49 53 57 18 69 54 69 93 94 18 88 84 67 52 50 89
5 5 98 58 12 71 45 51 88 91 53 68 59 14 67 52 97 14 25 39 56 17 66 63 13 56 43 85 60 72 90 80 68 15 10 64 83 23 36 24 85 88 7 59 44 24 30 28 67 52 48 79 86 37 8 9 36 45 62 11 75 75 28 100 17 79 53 37 87 33 32 11 41 15 58 84 68 92 58 69 44 48 43 7 30 92 16 57 69 97 54 70 53 11 14 78 14 4 1 60 70 25 92 98 10 16 19 48 18 64 64 74 79 89 63 11 18 19 87 40 100 74 96 100 0 83 48 1 27 33 50 99 92 64 13 96 43 0 4 80 3 99 53 68 61 97 5 62 70 3 18 88 32 1 19 99 5 89 93 8 64 29 88 22 55 16
18 74 76 96 76 13 37 55 39 58 51 8 94 96 88 26 64 16 8 46 5 99 76 12 71 3 6 29 82 12 51 76 16 77 47 69 77 67 90 69 98 59 87 76 45 67 87 21 16 91 65 75 53 41 34 34 86 58 7 63 66 58 32 37 85 21 44 10 92 94 93 66 28 96 29 40 63 13 18 74 8 34 94 68 76 76 31 22 65 61 5 45 68 96 56 39 52 80 90 22 96 88 75 7 98 42 51 54 0 91 87 9 51 76 27 56 14 49 22 84 84 92 19 93 83 0 20 23 74 19 83 68 22 3 36 82 99 36 70 9 72 32 20 13 39 69 88 75 54 79 97 34 56 100 25 45 14 10 69 49 26 98 53 88 63 49
61 70 59 84 10 82 72 54 69 15 39 30 4 49 12 18 91 94 43 85 66 32 52 3 15 29 63 22 38 91 88 56 57 86 11 77 24 56 35 64 64 53 32 47 13 6 86 91 14 59 18 39 100 38 11 27 25 11 21 27 29 32 48 61 5 0 32 45 15 41 97 36 89 62 99 55 31 6 15 1 30 42 53 16 46 84 26 60 98 27 75 98 93 41 49 33 84 25 39 65 15 16 63 25 67 94 99 21 42 22 22 41 2 21 88 70 85 85 88 90 71 4 36 40 48 20 0 41 11 88 36 85 65 100 7 6 8 21 38 5 47 21 47 82 50 59 48 20 31 56 55 56 56 89 22 55 60 79 4 82 0 0 21 20 55 75
23 89 89 18 13 32 39 4 61 1 62 67 49 48 29 53 71 69 62 73 61 59 7 11 58 13 82 64 30 12 0 64 9 39 78 31 4 88 84 15 56 76 40 34 14 47 96 18 36 82 26 87 15 30 25 39 24 11 31 66 68 86 95 35 26 20 79 2 97 34 59 47 70 63 1 45 92 91 20 98 100 5 90 100 1 46 78 100 16 80 44 34 17 26 19 52 17 72 20 95 21 49 7 47 5 54 7 82 79 89 38 19 79 93 60 33 49 66 34 91 77 98 64 43 1 23 41 0 65 19 32 91 15 66 77 35 100 76 30 55 75 51 41 38 61 70 98 41 41 43 98 41 45 54 51 20 97 44 40 77 38 90 1 66 24 90
26 45 35 60 52 99 84 92 35 59 13 1 13 45 2 47 70 71 18 42 31 59 10 19 66 43 42 1 51 82 60 65 96 88 33 98 98 20 38 21 45 57 57 12 17 18 79 31 38 100 82 63 38 75 42 27 24 2 69 68 91 53 48 38 92 44 46 17 89 76 73 24 28 90 77 97 65 50 1 12 13 80 43 23 33 37 36 5 91 56 94 17 10 28 60 74 75 10 3 65 27 15 5 96 10 65 48 55 17 88 50 14 40 65 16 93 43 75 10 61 91 16 2 87 27 74 11 65 0 50 26 76 70 0 17 14 47 27 68 11 71 10 77 82 98 92 28 39 5 8 87 28 26 80 5 45 45 10 82 100 48 22 38 46 5 6
7 42 27 49 60 97 87 93 41 39 38 27 82 50 50 9 48 29 96 96 11 88 27 16 20 69 85 96 88 59 78 43 63 77 19 66 55 83 10 34 45 20 29 27 90 75 73 42 59 49 65 97 97 21 71 51 72 74 29 42 58 86 21 17 42 37 79 26 91 73 94 85 70 43 90 47 32 54 83 43 88 99 22 90 37 56 33 56 75 1 87 90 94 14 54 49 100 7 77 61 4 4 94 81 42 52 20 61 48 64 56 20 52 88 50 83 89 76 62 43 63 18 79 75 33 19 88 19 50 0 57 67 98 89 72 3 91 40 97 41 36 83 51 36 12 17 95 40 12 27 46 83 32 86 98 36 20 21 85 43 76 40 39 96 9 3
77 44 16 98 51 94 2 91 29 0 56 32 60 74 93 6 63 2 100 53 82 61 4 16 59 76 68 87 16 31 99 42 78 26 85 87 44 88 4 26 32 35 6 8 69 62 49 94 26 82 29 52 18 47 60 36 79 68 29 93 51 32 5 22 15 27 63 40 29 38 100 52 7 72 94 50 83 61 7 64 12 73 63 97 42 70 24 92 16 58 15 88 33 41 21 54 13 15 85 20 92 17 85 55 72 58 18 52 22 3 51 59 82 71 26 30 48 47 2 98 8 50 88 80 50 83 36 32 26 57 0 43 18 70 78 85 76 96 13 14 29 50 20 80 34 33 86 63 20 7 18 52 16 60 24 79 44 62 81 94 26 64 87 25 59 46
96 15 83 17 10 7 94 19 20 15 13 98 87 23 62 15 78 67 78 4 69 82 71 31 31 10 30 78 73 49 80 92 36 70 20 46 84 49 62 57 69 53 72 67 97 2 58 20 91 13 1 42 88 63 67 70 93 74 37 78 31 58 5 70 82 14 13 30 43 32 49 31 17 11 18 24 47 63 47 22 77 49 96 94 57 14 86 53 38 82 2 28 9 45 16 5 3 21 82 68 78 51 83 8 63 63 54 82 64 45 33 63 87 68 88 51 2 77 40 25 94 66 63 6 99 68 85 91 76 67 43 0 65 34 6 59 39 55 94 41 89 80 76 77 47 5 29 22 17 40 65 33 19 97 30 89 28 20 99 60 20 82 81 59 79 78
70 12 44 47 52 1 54 6 19 80 48 72 7 88 10 35 30 65 10 51 15 97 66 55 83 74 49 15 4 91 40 57 8 56 29 66 81 6 79 78 93 50 46 96 59 52 91 45 10 14 81 37 60 10 89 50 72 89 41 69 40 66 40 5 73 9 89 84 21 91 29 6 79 13 87 47 38 1 32 62 98 91 90 38 52 99 47 97 61 38 69 70 50 93 49 73 41 87 44 40 70 70 13 20 20 54 87 44 78 61 64 89 5 4 26 72 47 81 74 7 11 53 11 27 92 22 65 15 70 98 18 65 0 28 76 17 82 2 18 38 20 35 11 89 36 49 41 0 77 7 17 39 60 22 6 17 45 71 62 22 39 41 49 66 36 37
99 7 62 22 49 10 2 93 58 92 40 12 55 60 53 15 31 2 96 3 36 19 53 76 69 7 16 21 29 41 1 23 90 81 97 65 39 78 84 37 63 53 37 40 43 27 15 25 50 47 6 71 62 15 43 7 28 25 68 31 96 10 16 97 59 2 78 97 79 11 35 63 75 63 10 98 77 28 65 57 13 28 31 39 1 28 0 23 59 5 76 13 3 23 86 53 10 5 42 93 65 85 15 59 39 1 99 63 31 97 60 38 52 48 41 87 39 69 87 8 10 20 92 3 64 3 100 66 0 89 70 34 28 0 61 42 76 42 76 27 24 42 66 4 41 67 82 49 18 84 44 72 30 30 15 36 54 50 51 99 46 24 60 78 74 81
39 76 84 39 78 41 68 55 63 48 0 100 49 76 79 19 12 78 55 42 40 66 66 89 39 62 81 26 38 15 21 0 5 11 97 43 68 45 49 62 55 56 78 82 74 22 66 62 41 63 34 35 96 52 36 37 21 41 1 84 74 94 44 40 4 17 89 9 67 77 99 15 83 87 40 99 70 76 67 53 96 28 95 3 82 85 91 100 29 99 24 52 16 10 81 31 92 54 92 79 43 42 40 13 89 46 12 72 2 84 37 77 86 31 77 94 33 45 37 22 76 91 79 48 13 36 7 77 17 72 78 6 76 61 0 27 62 41 81 85 34 29 10 81 57 76 15 39 95 6 12 35 56 2 61 2 86 10 61 99 76 99 28 37 26 46
27 92 49 90 72 10 20 77 49 100 31 39 84 27 89 92 95 29 100 0 72 40 78 61 82 39 76 24 41 79 87 62 87 69 56 83 65 64 85 62 16 8 48 38 81 38 27 98 3 54 16 87 40 35 48 81 90 40 23 72 86 26 8 63 55 25 87 27 89 58 46 27 41 90 100 32 43 73 45 57 46 95 27 22 74 94 92 1 75 41 79 44 26 97 44 80 35 28 73 83 34 74 3 61 38 47 27 10 14 42 16 7 67 40 53 13 26 24 47 58 0 91 14 99 96 82 6 35 14 3 85 59 17 42 27 0 26 81 80 77 97 53 97 56 57 22 93 92 72 83 36 33 6 26 79 42 29 33 90 10 90 31 89 31 41 0
35 7 29 94 91 77 40 99 17 10 14 20 70 28 12 99 84 38 58 47 82 0 5 91 5 54 7 79 66 27 72 54 13 52 99 71 97 68 74 72 76 70 75 69 47 9 68 78 31 58 28 42 74 12 65 39 18 77 34 82 66 94 35 5 81 27 91 61 59 86 58 8 34 50 99 24 98 65 4 64 3 8 0 23 73 76 88 78 70 50 24 47 36 47 44 52 70 22 71 95 0 35 80 76 29 61 3 45 16 35 48 92 93 33 55 41 67 52 65 7 56 94 50 8 43 99 8 100 47 91 76 39 82 76 62 26 0 18 93 87 42 54 8 95 29 13 35 70 99 12 56 26 49 95 49 10 38 16 89 11 60 96 30 26 94 47
43 45 38 30 30 39 8 55 28 16 40 36 35 26 6 81 12 89 16 72 89 85 32 8 88 60 95 26 13 11 91 1 33 25 95 46 46 63 51 75 67 44 12 85 48 62 58 29 19 7 59 22 36 41 64 4 43 11 18 54 51 73 9 84 35 60 43 56 85 72 79 17 2 87 15 63 42 51 76 35 89 29 35 38 45 55 47 74 70 10 45 100 36 61 16 40 30 58 40 40 14 92 78 71 73 54 19 26 97 13 81 33 52 35 5 84 38 5 80 15 31 66 29 28 0 36 21 76 27 40 96 55 2 42 41 81 18 0 34 57 56 70 17 59 74 95 25 52 78 6 51 59 93 9 100 16 96 67 27 7 40 36 10 14 80 36
82 64 59 66 38 79 66 16 89 88 19 64 65 99 32 76 22 44 50 91 19 58 53 10 95 52 13 58 56 79 86 5 48 55 26 53 80 90 38 11 18 31 73 56 58 61 17 83 70 52 83 89 43 25 75 100 0 41 12 28 28 6 59 47 98 1 23 95 65 32 84 17 46 84 85 32 93 36 35 18 29 7 1 44 82 12 91 76 35 58 84 28 72 34 36 45 78 5 67 84 21 96 73 34 78 30 2 94 48 30 51 86 19 46 40 15 10 19 72 52 87 28 31 67 4 70 38 30 68 97 13 94 18 76 81 80 93 34 0 5 58 96 97 8 60 28 84 89 76 44 17 78 87 63 48 0 93 85 63 47 83 13 47 45 75 17
21 69 46 56 98 40 63 10 12 77 12 42 34 87 76 57 64 6 54 98 87 70 60 24 27 69 21 48 7 75 92 72 19 80 68 89 30 31 100 44 32 3 9 100 96 89 82 19 84 79 73 54 46 23 89 67 30 20 56 71 1 77 30 92 47 62 43 33 77 98 92 12 61 83 76 98 47 78 88 40 12 18 96 55 43 41 0 23 87 10 2 38 21 1 22 48 66 74 79 84 82 43 69 94 80 82 51 10 42 72 44 39 56 10 8 62 86 92 71 57 70 43 58 87 80 9 5 55 11 41 14 41 38 27 85 77 87 57 5 0 23 78 97 33 75 60 12 26 54 87 88 64 93 66 38 80 17 99 19 93 21 40 64 25 8 5
5 52 41 30 3 92 17 73 49 82 12 83 44 9 91 43 3 26 38 19 0 33 62 39 8 73 8 17 65 10 23 55 92 66 26 98 79 63 3 0 33 53 91 96 5 62 68 55 67 23 93 43 55 60 45 7 100 61 64 12 74 42 90 76 56 76 29 19 81 33 91 43 71 60 72 49 6 43 81 34 85 87 48 54 4 42 68 77 68 67 33 38 46 57 31 51 94 9 71 74 20 14 36 55 50 63 66 68 18 27 29 45 22 47 3 6 58 54 49 1 73 10 41 47 3 72 47 75 71 36 29 89 20 24 34 97 42 56 58 23 0 87 30 6 50 40 76 10 69 85 29 99 85 43 42 86 23 54 73 98 97 86 97 59 50 15
94 91 57 37 54 65 35 29 86 40 92 60 86 79 63 82 24 26 94 21 59 0 81 61 71 10 18 37 26 18 28 91 7 99 19 86 99 83 90 57 36 85 29 7 43 4 51 27 25 79 23 51 11 17 55 16 50 23 86 1 31 83 80 19 100 30 93 13 68 17 99 90 41 13 6 35 92 64 88 35 74 76 34 31 84 0 27 46 80 53 63 1 34 54 19 100 56 22 48 2 53 74 98 45 96 94 50 24 34 16 41 96 52 49 45 7 34 45 75 56 19 34 53 58 99 32 21 51 10 83 50 80 35 42 29 53 54 70 96 78 87 0 25 37 92 76 1 19 42 33 58 67 4 40 93 91 99 81 83 23 37 86 67 41 5 49
42 62 81 87 12 69 73 3 30 92 99 93 41 2 61 93 82 59 23 48 33 89 37 1 100 65 49 28 83 46 16 61 60 65 67 100 60 92 81 77 63 64 49 84 67 71 51 83 16 88 93 48 47 66 30 73 76 78 83 71 74 81 95 37 43 42 31 63 51 11 43 62 26 43 66 5 82 45 88 35 62 17 52 67 53 41 33 4 28 95 92 99 62 9 58 29 30 25 26 73 70 61 51 37 98 92 0 7 93 25 58 46 63 39 12 67 26 33 92 7 74 9 57 46 53 20 47 41 77 51 20 76 11 66 10 97 8 17 97 97 30 25 0 57 6 6 44 78 15 92 60 23 81 2 44 30 86 4 35 64 74 95 94 29 37 91
32 60 4 21 80 35 45 1 60 41 73 56 37 64 45 13 78 43 9 42 56 60 56 77 46 99 58 73 26 70 42 7 90 16 9 37 57 46 16 30 23 87 51 47 22 100 83 66 11 69 90 69 84 54 70 15 43 88 9 26 63 5 22 41 28 56 91 54 17 85 71 22 52 39 16 93 75 26 48 30 92 80 75 50 93 67 17 100 48 38 53 53 20 51 42 70 58 7 54 55 43 85 0 52 22 43 33 90 56 77 64 82 65 75 80 76 4 91 11 53 2 41 65 30 68 13 82 38 82 36 80 77 89 4 81 56 95 59 8 33 6 37 57 0 61 51 99 55 50 41 84 89 16 69 27 50 25 11 61 55 8 69 45 62 18 100
64 78 0 14 68 81 44 68 97 7 76 32 8 63 29 44 68 87 25 84 27 70 93 71 40 98 4 46 53 70 95 46 62 10 73 68 61 39 56 29 79 68 67 34 56 4 91 58 44 81 14 66 62 23 11 81 30 43 70 2 34 38 87 0 34 6 46 11 52 86 32 68 75 40 60 16 9 66 19 59 79 95 88 14 36 92 2 85 50 51 49 61 99 23 53 65 86 95 49 98 9 1 9 19 90 18 40 66 43 51 4 40 4 48 85 49 87 73 26 79 51 69 85 14 61 39 50 61 98 12 34 47 36 41 57 57 29 74 60 75 50 92 6 61 0 99 85 9 88 25 98 23 32 50 100 20 84 96 82 70 60 47 43 75 99 98
51 76 93 34 40 51 66 81 56 47 5 14 73 82 95 81 21 8 91 8 59 15 68 35 53 49 37 79 56 95 50 32 40 50 93 59 6 41 84 19 53 19 60 84 21 83 1 4 41 71 44 69 23 46 69 92 98 52 96 21 7 97 56 21 74 7 67 47 29 53 98 11 82 22 42 28 63 39 29 88 68 16 79 61 22 90 94 26 52 72 83 15 91 62 20 24 55 84 51 96 86 62 26 97 81 98 58 71 10 51 58 49 34 78 35 67 62 84 30 42 79 82 89 57 97 69 59 70 92 17 33 5 49 67 76 22 13 95 28 60 40 76 6 51 99 0 80 14 20 62 91 75 100 78 60 59 62 1 32 7 16 27 98 41 38 90
86 66 26 12 43 34 95 53 67 51 42 89 30 46 27 65 90 15 46 34 25 40 11 37 46 60 89 62 7 75 13 41 73 75 16 29 74 51 84 14 55 61 38 79 45 26 37 44 32 72 40 66 94 6 33 13 66 21 60 8 85 43 62 4 80 47 20 96 51 23 76 27 64 58 4 82 44 94 16 78 54 7 95 44 16 53 6 93 6 42 72 84 70 62 53 44 15 29 26 81 16 13 10 41 6 48 1 5 28 56 54 19 33 28 7 13 32 65 41 62 90 93 65 45 5 88 48 98 28 95 86 29 41 82 15 93 35 25 84 12 76 1 44 99 85 80 0 75 79 92 12 31 2 0 6 13 73 59 66 52 71 88 67 87 94 45
89 87 100 27 26 25 35 85 46 64 7 69 97 93 42 64 30 20 98 36 40 3 53 90 80 27 21 45 95 18 13 55 72 5 74 55 40 50 95 20 65 17 99 38 40 49 16 22 4 23 77 95 43 74 94 18 15 69 48 26 7 97 9 31 72 69 81 73 88 13 85 34 32 13 8 82 52 93 17 98 40 96 81 8 68 29 85 82 29 98 18 61 48 57 17 79 70 15 50 48 17 69 41 71 28 98 67 28 0 14 21 81 76 49 71 56 38 20 37 64 36 91 9 34 62 75 20 41 39 40 63 22 0 49 39 92 70 52 89 26 10 19 78 55 9 14 75 0 27 10 44 57 55 13 1 89 79 41 93 97 92 65 5 34 71 26
16 13 55 35 2 57 90 18 64 18 79 31 29 89 17 41 23 67 37 64 21 94 76 58 97 72 33 4 65 51 0 10 97 53 42 35 97 84 9 48 45 14 12 11 52 52 26 97 93 63 26 81 82 9 38 70 98 49 85 16 61 79 47 19 67 75 72 44 85 37 45 12 100 26 99 100 28 90 4 25 67 74 48 37 99 80 66 66 29 41 12 35 24 70 84 77 89 33 34 54 7 61 99 61 93 2 56 29 96 17 86 51 78 11 59 3 85 18 63 74 10 33 39 44 70 54 31 41 5 12 20 17 77 18 95 72 99 78 76 54 69 42 15 50 88 20 79 27 0 72 90 11 43 19 75 21 91 74 49 10 73 48 83 77 100 19
39 74 53 13 13 10 5 54 100 18 68 20 68 23 48 79 33 73 62 57 41 99 55 81 19 75 2 90 78 4 49 26 18 67 52 96 27 5 69 17 48 29 88 48 21 98 66 52 33 98 54 28 85 41 4 41 58 87 37 2 20 0 47 38 51 52 4 23 23 3 10 76 31 96 57 45 53 27 65 19 7 17 61 65 79 57 18 58 83 10 92 37 82 23 90 90 72 45 55 84 61 85 31 52 66 78 11 73 64 33 66 18 47 89 86 36 11 72 27 37 82 80 79 29 3 79 56 43 8 27 7 40 7 84 6 83 12 6 44 87 85 33 92 41 25 62 92 10 72 0 81 10 28 71 41 20 22 54 75 39 86 67 97 59 83 18
43 96 86 50 15 27 32 100 31 11 50 35 58 81 88 19 99 60 97 88 44 40 65 15 91 72 62 92 64 95 99 47 46 34 42 81 85 14 63 69 86 91 5 34 19 24 33 8 45 100 27 92 44 48 42 23 36 70 35 53 53 63 11 100 55 65 71 4 87 5 58 90 30 65 79 93 16 2 50 63 28 17 58 19 25 61 48 93 95 78 53 95 51 52 50 97 51 98 72 87 30 71 94 58 65 78 54 6 13 49 6 37 15 76 32 46 38 93 24 6 81 18 88 49 18 97 55 98 87 46 18 65 17 44 12 36 56 51 17 88 29 58 60 84 98 91 12 44 90 81 0 93 88 55 93 84 80 19 80 26 100 78 88 24 45 86
45 57 76 31 74 85 91 52 68 85 22 12 53 60 45 53 31 17 8 88 100 47 59 12 54 73 24 37 35 100 99 11 100 44 81 18 54 51 6 61 45 24 68 67 91 74 19 51 39 92 41 26 75 69 46 93 59 29 62 98 74 76 30 86 35 13 31 100 34 41 14 80 20 37 61 2 46 87 21 34 35 73 68 75 12 98 70 74 37 59 95 44 74 57 74 33 60 23 50 38 35 38 15 66 29 43 20 77 85 63 5 94 45 37 62 1 18 75 48 48 72 34 64 53 88 34 56 41 28 83 52 33 39 72 35 33 26 59 78 64 99 67 23 89 23 75 31 57 11 10 93 0 4 1 55 37 37 6 61 45 71 29 11 5 72 1
58 13 49 64 59 34 26 73 24 62 8 66 41 83 50 37 95 61 31 5 83 48 87 93 71 58 52 32 92 19 21 29 60 79 14 44 32 31 38 43 92 94 79 79 63 66 15 25 44 72 34 57 54 21 45 56 98 80 2 24 33 73 100 2 90 70 37 83 15 97 55 15 40 0 93 60 39 68 32 64 50 5 78 40 58 35 15 91 87 41 32 28 78 88 67 94 55 82 15 2 21 73 50 21 7 0 13 56 20 95 54 57 64 86 13 84 63 69 5 92 41 21 9 57 32 56 56 45 26 32 16 19 60 30 56 6 49 93 87 93 85 4 81 16 32 100 2 55 43 28 88 4 0 96 42 71 43 48 10 68 49 4 58 85 27 61
52 71 87 55 38 56 47 85 82 1 66 85 57 88 95 65 17 67 58 78 61 70 28 74 16 6 59 9 42 72 18 26 99 66 61 86 80 55 14 24 89 32 23 47 78 48 100 97 50 70 2 53 44 30 62 7 92 27 57 71 72 8 86 13 2 64 17 26 10 31 68 36 53 61 24 22 9 90 93 25 81 30 50 51 0 89 33 63 22 50 34 6 100 68 6 22 44 34 29 67 22 67 90 97 92 37 1 92 49 50 65 40 22 75 52 25 58 2 26 69 75 80 74 18 1 100 89 54 80 86 60 97 22 30 2 26 95 9 63 66 43 40 2 69 50 78 0 13 19 71 55 1 96 0 78 99 85 75 59 82 28 36 89 23 55 13
11 49 21 18 0 4 37 60 17 71 62 90 37 97 68 17 50 32 64 0 7 47 71 70 53 61 57 16 12 98 96 36 24 95 75 74 61 7 76 79 35 44 75 22 38 85 8 4 84 48 10 78 22 75 99 14 70 93 29 93 46 72 66 14 7 0 82 67 11 10 5 54 61 26 10 93 14 3 57 9 40 57 65 83 47 14 77 60 11 54 48 55 45 88 59 67 83 26 38 17 77 8 81 92 14 19 46 58 5 17 46 71 94 53 86 26 3 76 46 19 48 65 15 69 19 25 22 51 5 98 24 30 6 15 61 79 49 100 48 38 42 93 44 27 100 60 6 1 75 41 93 55 42 78 0 79 16 22 14 85 84 26 80 24 22 100
62 87 50 80 83 14 32 36 48 37 4 25 98 88 30 97 79 18 17 48 36 41 19 72 17 80 69 95 23 1 95 2 39 99 58 47 54 62 0 7 23 7 9 93 97 49 60 20 46 15 54 31 17 44 38 84 12 56 96 48 51 100 18 92 88 18 47 78 74 93 62 32 0 24 51 5 89 84 98 70 62 87 92 3 40 38 80 97 86 38 79 60 53 51 41 33 25 15 39 5 2 95 74 2 90 79 36 54 2 18 49 69 74 14 58 73 71 25 17 60 75 63 85 54 99 45 55 20 45 36 79 89 17 36 2 42 10 16 0 80 86 91 30 50 20 59 13 89 21 20 84 37 71 99 79 0 17 0 75 81 73 1 7 18 20 17
30 96 62 90 96 0 3 66 21 96 23 11 83 42 45 50 82 39 48 84 65 14 62 81 60 66 91 73 8 70 68 23 93 50 27 72 4 19 43 42 71 21 24 18 70 30 32 11 6 31 79 15 76 65 84 47 92 99 60 69 28 79 97 90 52 22 44 58 89 36 55 26 34 88 86 46 14 76 84 100 63 74 24 12 97 8 75 30 45 90 80 72 61 43 62 40 57 1 4 72 15 95 92 76 43 3 78 2 0 60 47 34 17 22 82 69 49 63 99 12 15 22 78 69 5 14 60 97 45 20 44 28 45 54 86 29 38 96 93 17 23 99 86 25 84 62 73 79 91 22 80 37 43 85 16 17 0 79 24 22 84 68 94 54 4 41
45 65 4 53 25 86 41 67 98 35 65 63 9 23 64 4 91 76 82 34 62 96 58 6 76 34 20 92 47 88 94 28 17 51 18 32 51 94 7 24 69 68 89 91 70 71 80 12 19 95 44 78 59 37 32 88 29 69 48 8 51 60 19 48 100 75 65 92 82 43 92 35 55 46 58 5 50 6 5 94 70 5 72 48 92 76 38 82 15 20 66 74 26 49 30 79 28 29 40 18 9 85 19 10 62 46 39 32 59 72 33 61 2 74 59 2 82 30 16 32 4 66 22 93 89 10 79 44 10 21 62 20 71 50 10 33 16 67 85 99 54 81 4 11 96 1 59 41 74 54 19 6 48 75 22 0 79 0 95 62 2 70 30 79 12 32
37 73 20 15 62 39 56 68 87 96 46 6 43 43 89 22 23 79 77 35 31 39 58 61 51 17 62 20 14 57 17 38 86 80 54 43 6 45 89 79 92 65 8 35 85 40 47 99 71 12 39 3 0 20 37 8 100 7 88 95 8 47 36 93 83 72 53 88 0 65 10 30 53 39 13 52 31 82 86 49 96 71 14 29 81 1 24 43 20 35 0 31 29 32 8 90 89 33 20 8 10 86 49 30 6 58 0 55 49 61 72 58 80 36 87 90 52 34 5 30 23 69 52 94 93 69 4 40 82 85 81 99 62 51 61 90 89 27 63 19 73 83 35 61 82 32 66 93 49 75 80 61 10 59 14 75 24 95 0 29 39 72 81 15 59 69
49 85 9 83 99 94 99 42 50 3 51 52 34 24 97 40 94 83 57 90 54 1 78 61 72 64 3 86 85 47 26 3 38 58 98 66 54 0 97 83 87 37 63 82 52 74 93 52 82 43 42 88 77 49 99 85 14 15 13 45 71 45 37 32 98 94 50 34 56 34 89 19 2 59 42 59 15 73 62 80 81 47 22 97 59 66 52 96 22 27 96 20 21 45 78 21 79 28 11 75 62 14 48 43 55 3 80 61 41 99 77 64 13 40 25 38 47 83 20 72 69 8 55 18 8 49 82 77 100 43 94 60 22 99 99 10 11 7 47 93 98 23 64 55 70 7 52 97 10 39 26 45 68 82 85 81 22 62 29 0 72 46 52 5 80 17
11 2 65 35 2 35 93 70 57 4 25 12 14 16 15 39 85 43 24 23 42 9 73 9 89 14 54 89 24 72 26 17 38 82 98 82 75 1 84 50 19 7 69 31 81 38 92 93 37 83 10 94 16 77 81 9 81 36 57 63 33 96 7 40 39 82 81 83 86 99 27 94 46 68 83 27 99 95 63 25 58 76 62 64 60 75 53 79 93 90 49 93 9 29 31 66 8 18 95 6 1 83 46 83 72 19 35 37 55 79 59 10 47 44 99 54 46 84 7 14 43 58 91 88 64 26 0 38 48 76 26 20 39 46 76 90 60 40 83 21 97 37 74 8 60 16 71 92 73 86 100 71 49 28 84 73 84 2 39 72 0 51 50 4 45 0
24 92 74 67 9 77 19 55 3 100 89 24 97 7 43 52 41 66 92 15 74 45 44 88 19 93 42 82 80 12 83 51 6 70 61 28 97 62 31 57 70 79 89 37 93 94 84 43 4 95 17 40 14 29 52 14 27 39 41 2 94 75 49 10 31 43 66 92 30 73 17 94 39 77 73 35 13 90 11 69 75 67 83 25 72 86 21 25 15 63 5 50 9 38 78 74 9 1 44 72 79 18 47 32 59 21 79 81 10 75 56 10 2 8 88 15 90 42 43 26 73 3 83 84 29 98 0 90 22 40 64 82 41 24 99 31 96 36 13 40 86 86 95 69 47 27 88 65 48 67 78 29 4 36 26 1 68 70 72 46 51 0 27 56 69 0
64 47 69 83 3 22 20 11 74 61 51 61 87 22 85 40 95 29 28 27 77 56 31 49 48 0 38 38 97 61 39 34 93 86 51 96 31 68 4 60 27 95 72 37 20 50 2 40 34 83 56 70 27 82 17 52 29 35 84 10 8 60 74 30 13 8 49 67 56 7 12 54 69 33 96 6 71 64 24 64 93 44 71 56 27 96 80 84 22 82 32 94 23 35 91 52 71 50 71 32 46 30 87 75 25 46 81 81 90 67 96 9 55 78 47 67 6 86 56 99 99 89 50 67 88 53 21 1 38 39 87 81 49 60 28 89 30 10 47 64 97 67 94 45 43 98 67 5 83 97 88 11 58 89 80 7 94 30 81 52 50 27 0 73 84 25
25 94 37 58 14 65 58 44 55 85 45 63 24 31 74 14 62 97 73 88 23 47 62 54 52 25 93 29 46 41 6 89 85 35 68 47 31 66 78 31 77 20 63 33 61 85 30 60 83 56 78 99 89 88 60 43 61 67 46 96 38 93 14 1 39 1 60 60 6 93 6 89 17 85 38 54 49 92 25 88 79 72 20 99 21 50 66 97 40 98 69 34 83 83 16 25 41 99 57 2 36 3 81 88 50 62 98 48 12 88 62 21 8 98 24 72 9 36 43 60 5 94 3 52 22 88 20 66 46 96 25 59 66 78 37 31 26 14 45 25 59 41 29 62 75 41 87 34 77 59 24 5 85 23 24 18 54 79 15 5 4 56 73 0 22 20
4 27 53 25 26 74 61 6 83 77 93 54 15 85 9 91 83 61 14 56 100 99 19 36 24 82 41 59 73 60 73 48 80 68 76 13 6 24 96 75 24 32 93 83 59 20 61 30 4 28 99 62 78 32 82 78 99 86 93 48 11 96 28 14 32 45 78 85 17 21 73 6 45 15 51 76 86 27 57 93 37 82 46 19 96 29 45 67 82 66 41 29 74 80 80 82 68 100 44 45 22 99 24 47 10 78 31 21 42 21 39 81 80 91 18 56 75 17 94 19 90 23 78 50 55 63 55 24 5 9 59 79 36 74 26 41 94 80 75 8 50 5 37 18 99 38 94 71 100 83 45 72 27 55 22 20 4 12 59 80 45 69 84 22 0 84
42 58 94 60 83 54 84 90 5 24 64 28 4 51 22 58 36 3 37 43 63 79 86 17 67 55 41 48 15 10 85 50 37 67 58 68 37 85 83 34 80 83 31 8 15 48 60 13 64 11 57 79 65 54 76 32 34 100 64 99 12 62 97 67 37 34 26 26 45 35 93 0 80 5 79 79 83 15 33 11 33 25 49 74 34 28 38 22 10 49 32 39 48 42 39 44 42 27 83 48 12 14 97 28 83 51 69 75 92 86 4 16 9 17 44 29 17 30 27 31 5 25 95 89 16 49 75 90 6 3 46 78 37 81 46 0 47 36 17 5 15 49 91 100 98 90 45 26 19 18 86 1 61 13 100 17 41 32 69 17 0 0 25 20 84 0
