170 9
50 53 32 13 27 67 34 23 98 86 52 32 61 29 28 87 92 41 82 39 45 79 6 35 10 81 63 10 89 56 96 5 73 65 50 99 28 83 98 21 23 83 36 96 56 36 31 5 53 81 81 66 16 72 90 56 81 77 83 53 69 27 17 92 58 39 98 11 52 73 7 90 86 24 5 74 16 94 39 86 2 3 5 69 66 93 8 26 78 15 8 38 15 28 95 52 67 17 9 46 33 50 37 35 24 26 85 28 100 1 99 27 83 12 70 43 67 79 41 59 55 0 46 63 80 84 3 17 12 56 35 4 84 74 66 3 87 27 92 28 32 88 61 90 96 10 50 19 32 46 58 92 41 8 34 79 99 81 2 88 57 66 22 6 93 66 47 35 22 17
0 84 70 6 49 35 26 37 4 14 94 17 58 66 33 37 9 25 62 49 86 77 40 34 98 94 0 78 68 53 95 16 56 98 32 81 1 21 41 70 23 55 66 19 1 96 57 18 97 5 91 79 96 26 73 83 93 4 100 3 65 4 42 19 85 68 73 77 47 25 34 14 58 72 66 37 32 74 35 42 84 50 92 69 77 68 62 43 4 86 85 0 25 95 50 20 17 82 97 21 70 14 26 38 64 19 76 44 5 92 48 100 72 51 90 31 91 10 40 40 45 50 81 2 47 20 16 95 64 10 74 1 56 34 99 95 47 36 26 91 66 6 69 27 66 7 95 61 17 95 92 11 50 22 55 47 39 91 26 30 68 7 2 28 56 72 48 24 91 6 4
84 0 44 57 68 74 68 68 2 48 57 79 75 18 57 14 67 61 71 25 11 35 50 51 27 20 68 48 93 7 49 62 20 88 22 12 52 52 95 96 55 8 80 32 94 53 80 24 51 76 25 54 68 23 2 29 29 2 40 70 44 8 60 72 72 51 64 84 42 89 19 96 71 7 69 79 55 28 27 47 83 0 62 31 95 70 50 72 1 41 4 12 23 39 56 39 15 20 22 54 10 62 2 85 76 14 38 52 62 50 59 61 56 13 6 34 6 95 29 31 5 94 82 61 16 2 42 30 8 91 1 39 50 44 9 8 38 10 22 66 70 61 56 10 72 44 32 44 22 3 37 77 39 76 15 35 19 18 6 87 71 36 66 76 67 89 63 55 53 73 23
70 44 0 96 59 65 2 41 77 30 23 5 68 39 85 8 17 43 85 68 97 46 26 23 13 20 65 71 49 39 58 88 22 61 13 25 87 63 18 44 62 44 8 87 36 92 85 100 11 38 42 43 64 23 11 69 92 79 12 80 68 35 35 47 13 63 70 71 9 91 2 31 74 18 53 72 7 55 38 24 57 50 30 38 96 0 4 71 39 51 49 53 100 39 58 2 38 54 9 13 51 92 20 25 90 92 49 65 69 66 31 35 41 51 62 54 14 7 40 15 5 3 69 90 33 81 64 16 46 12 84 9 11 15 41 35 31 4 32 72 96 93 77 72 4 99 44 80 42 17 19 15 38 1 37 69 25 21 54 86 32 0 10 0 80 63 14 41 69 92 28
6 57 96 0 59 32 40 7 79 0 28 15 95 10 31 45 67 74 39 53 49 67 96 4 83 84 99 73 74 78 44 77 37 10 71 36 33 11 93 45 44 81 14 16 69 78 86 59 89 95 50 4 31 9 73 89 49 18 79 3 83 70 20 54 98 49 62 91 70 96 5 66 55 22 91 67 96 55 29 59 29 85 50 51 17 6 46 12 76 9 88 68 69 63 67 41 90 0 36 88 36 2 82 60 34 68 43 51 2 23 37 55 40 87 78 17 100 99 61 4 33 57 83 63 68 30 20 67 42 75 42 61 93 83 28 36 42 24 92 80 81 96 26 6 84 28 53 50 6 11 78 93 92 91 7 17 12 27 71 82 63 51 98 1 90 7 95 33 30 38 94
49 68 59 59 0 52 40 82 6 38 91 35 96 18 51 23 46 75 78 38 51 47 95 73 63 0 17 62 57 35 88 42 88 9 22 91 24 7 19 18 44 29 16 99 28 37 82 40 9 80 41 75 51 1 76 40 72 49 54 54 12 100 14 72 48 84 45 18 0 11 86 36 99 82 46 22 20 59 85 48 62 86 99 51 27 35 47 77 88 89 6 34 50 84 34 40 53 90 15 33 93 96 92 54 24 71 28 60 55 60 85 56 25 84 4 18 33 52 22 15 43 59 96 8 47 84 13 20 11 89 25 17 61 16 52 54 67 14 61 34 7 85 72 2 76 53 41 70 12 86 29 30 96 53 15 88 65 47 98 89 68 97 6 57 21 32 9 31 94 20 22
35 74 65 32 52 0 65 61 47 69 78 58 63 94 69 8 35 48 94 89 61 78 48 22 72 23 96 65 97 34 71 16 99 87 43 23 70 50 24 84 10 89 40 98 46 39 76 12 97 17 56 53 95 80 65 66 40 24 70 11 42 85 94 37 80 100 66 3 59 14 100 67 34 16 34 87 6 59 71 73 4 10 5 88 27 76 26 100 94 7 33 72 50 0 47 13 81 17 29 44 37 87 35 76 49 20 96 10 53 0 90 37 1 66 36 19 62 95 4 46 94 47 40 38 59 84 24 50 12 75 79 73 44 19 23 22 22 58 70 70 8 51 93 97 77 74 31 52 23 80 63 37 1 38 81 43 36 43 79 23 100 69 63 7 88 7 84 29 16 73 81
26 68 2 40 40 65 0 25 34 3 90 41 20 41 7 74 16 2 42 66 18 62 92 80 58 80 46 38 30 90 16 88 80 42 95 19 52 43 75 57 85 58 83 30 65 44 76 43 19 67 43 21 72 77 69 96 20 44 37 50 4 79 20 52 51 30 14 80 11 65 92 99 42 2 9 91 70 71 76 76 80 78 30 1 82 44 76 61 65 96 18 21 83 13 21 51 78 16 1 50 27 22 84 30 22 28 1 73 15 98 0 80 22 69 25 43 100 4 91 75 79 42 40 75 80 43 45 24 6 79 16 96 64 74 99 32 57 73 91 71 51 15 91 100 85 25 43 60 83 18 87 33 67 82 85 44 79 28 11 16 48 63 44 8 30 2 47 32 58 78 82
37 68 41 7 82 61 25 0 36 79 41 56 59 2 84 29 95 25 72 99 1 52 26 43 93 69 18 80 81 61 7 43 50 43 65 92 19 26 1 59 20 27 11 68 42 90 50 61 5 87 11 17 80 18 76 58 76 51 80 73 7 49 24 92 13 36 63 91 39 12 97 3 8 42 93 85 71 60 75 74 80 34 81 83 14 39 26 52 35 38 31 35 63 17 25 60 15 58 65 88 94 94 77 25 0 91 60 4 68 53 70 55 76 84 16 100 75 89 41 11 84 22 80 50 98 60 6 1 13 49 25 50 34 96 94 35 75 51 1 82 57 57 28 52 84 73 11 5 69 98 1 12 57 32 87 98 84 51 95 9 97 28 91 14 88 60 23 92 95 8 85
4 2 77 79 6 47 34 36 0 53 84 21 51 17 63 69 22 44 1 82 45 15 97 66 5 43 18 36 79 85 55 83 54 79 88 3 91 27 39 45 63 35 76 76 59 63 57 14 90 60 37 58 100 49 39 98 38 13 69 61 57 57 40 21 63 41 81 51 22 86 81 66 39 19 80 0 100 17 13 40 83 47 74 47 20 49 60 35 10 17 92 30 2 38 5 24 83 4 66 47 11 41 73 68 75 7 35 40 93 58 89 88 28 26 31 91 27 59 98 0 64 92 28 83 60 35 88 1 56 37 98 7 29 93 17 59 30 81 74 6 89 53 88 94 98 83 92 70 80 100 97 38 66 52 10 43 56 67 95 64 7 94 11 25 0 1 49 78 77 61 92
14 48 30 0 38 69 3 79 53 0 60 39 91 50 16 77 20 19 79 40 13 85 81 70 65 42 24 73 92 45 67 79 42 4 58 18 19 12 74 9 16 75 67 16 60 79 41 78 73 97 10 39 15 36 82 99 76 57 27 45 27 56 99 49 1 0 25 34 9 1 95 4 45 82 97 33 40 7 89 86 47 6 89 58 87 57 44 30 36 68 22 94 82 70 74 35 11 38 22 92 37 0 45 82 99 84 32 34 14 71 46 3 45 45 90 96 70 54 58 89 49 55 26 88 36 33 8 83 6 88 70 2 63 67 96 68 69 68 85 74 97 29 41 77 53 46 50 36 19 47 35 58 13 0 85 83 55 49 66 4 48 46 44 40 33 100 48 15 37 35 42
94 57 23 28 91 78 90 41 84 60 0 85 77 63 11 58 31 95 3 27 34 23 31 47 99 76 7 47 96 21 82 2 40 4 12 37 49 8 11 79 43 49 23 89 72 86 79 43 29 5 78 52 15 36 33 20 86 35 13 12 32 92 97 64 85 33 52 77 94 20 71 48 18 19 18 19 75 2 90 37 90 57 11 50 54 56 56 32 34 1 85 65 19 31 16 71 75 46 65 89 46 76 54 23 52 59 21 61 38 62 71 43 9 63 30 67 71 43 55 92 17 3 99 43 2 90 45 45 2 84 69 49 99 60 37 26 90 92 18 84 78 83 47 74 21 35 47 73 78 84 14 84 13 68 99 82 65 28 22 10 70 16 34 22 11 12 20 72 74 70 18
17 79 5 15 35 58 41 56 21 39 85 0 86 22 98 54 62 100 94 7 35 46 1 14 6 13 6 3 26 59 47 71 45 34 1 58 41 77 25 4 50 89 100 68 96 5 76 28 73 29 68 8 74 49 19 82 48 20 30 91 18 38 46 90 78 82 93 94 22 65 80 95 1 96 66 68 67 11 1 68 5 77 0 0 14 63 86 51 6 41 22 8 58 79 2 10 3 4 54 28 21 64 12 80 56 47 20 99 91 70 62 37 72 71 95 3 46 80 16 50 48 75 97 10 31 30 52 2 95 56 87 29 83 12 22 42 56 41 1 28 43 39 15 99 69 29 82 83 75 59 53 30 14 99 5 79 52 36 45 15 33 15 95 12 83 71 67 39 53 82 77
58 75 68 95 96 63 20 59 51 91 77 86 0 25 2 13 14 65 90 17 73 30 3 52 100 13 27 12 67 59 17 79 11 18 14 47 11 36 20 66 31 9 48 92 69 99 97 25 85 7 92 81 62 47 31 87 6 17 79 26 18 37 7 76 50 7 41 20 34 17 100 92 47 34 25 2 89 35 68 71 52 49 61 43 61 17 100 74 86 43 44 58 36 39 14 59 50 57 87 65 21 23 98 47 83 86 71 5 76 4 13 25 65 51 92 60 74 84 93 15 82 11 89 22 23 7 1 43 53 0 41 20 0 80 97 11 41 2 81 51 3 40 45 8 59 5 67 83 23 49 83 39 55 35 59 98 36 70 21 17 56 28 4 64 63 85 69 98 97 79 61
66 18 39 10 18 94 41 2 17 50 63 22 25 0 8 27 11 32 49 18 20 55 49 93 71 55 34 63 1 98 55 79 84 25 48 72 54 89 97 50 38 67 51 51 85 76 35 88 69 85 32 98 35 90 24 37 75 80 62 66 50 25 55 90 42 31 73 90 30 62 7 3 85 18 10 96 61 74 90 53 50 72 57 89 23 92 81 16 83 56 35 26 65 81 48 25 58 2 32 93 93 20 15 63 93 77 46 66 98 51 96 73 31 99 25 34 35 13 33 89 52 32 64 29 89 45 71 49 63 43 54 46 10 97 67 74 26 26 71 83 90 2 98 76 72 47 65 39 41 58 76 66 92 76 25 90 33 34 69 92 92 50 34 88 51 41 89 25 48 41 90
33 57 85 31 51 69 7 84 63 16 11 98 2 8 0 11 41 61 1 10 13 4 69 5 29 49 3 49 34 95 26 94 91 71 72 36 13 100 32 90 28 78 29 77 85 91 20 64 86 57 27 61 48 46 3 66 62 26 95 56 56 78 75 30 50 68 33 34 46 51 74 93 71 43 82 4 36 68 13 69 69 43 81 84 17 36 14 10 50 57 93 47 67 10 49 46 46 25 54 29 29 88 72 65 58 68 28 25 14 99 78 11 65 12 30 13 11 8 99 32 52 41 81 36 51 84 87 62 36 63 99 31 17 60 13 5 20 72 89 79 56 65 63 88 42 40 1 25 97 69 15 59 28 83 34 12 47 82 91 72 59 25 76 88 24 59 44 31 8 82 23
37 14 8 45 23 8 74 29 69 77 58 54 13 27 11 0 60 68 42 20 31 69 90 81 61 92 12 55 100 87 86 39 49 70 29 0 6 34 19 43 49 46 83 6 96 72 49 51 29 19 23 15 47 9 59 8 25 48 95 65 79 37 16 22 97 30 6 24 30 50 63 26 55 34 52 82 36 44 58 55 18 8 77 80 96 39 25 36 67 15 24 78 14 52 21 86 9 41 5 11 6 12 72 84 33 9 5 47 6 3 34 92 8 49 71 74 17 23 18 27 67 64 78 93 47 45 56 25 5 64 67 6 83 75 16 51 100 94 8 21 58 21 7 22 35 82 98 86 13 96 35 65 27 89 0 16 75 72 37 4 52 92 39 25 15 21 81 91 53 36 8
9 67 17 67 46 35 16 95 22 20 31 62 14 11 41 60 0 44 7 31 59 61 87 73 85 98 5 64 44 25 71 21 22 64 23 1 45 39 50 3 54 9 26 72 16 68 15 7 87 99 12 64 40 61 21 6 100 100 54 92 18 32 57 0 9 82 48 64 43 23 35 48 63 77 48 88 24 48 13 65 26 72 3 88 39 15 56 69 62 17 0 50 9 60 36 56 85 80 62 31 80 48 8 4 42 19 81 56 97 29 24 4 85 65 54 71 37 83 4 19 33 45 27 33 63 63 60 94 83 94 81 16 22 41 72 13 33 14 42 26 1 85 46 25 35 70 10 96 52 2 35 51 99 3 58 26 13 21 94 3 45 28 61 100 77 2 92 43 24 70 82
25 61 43 74 75 48 2 25 44 19 95 100 65 32 61 68 44 0 8 19 62 89 93 1 41 9 72 34 50 37 15 39 29 70 26 66 9 52 12 6 82 65 99 8 56 67 94 6 16 67 56 62 82 55 1 5 91 83 69 18 37 16 44 83 44 4 79 81 34 32 66 84 88 74 3 39 64 58 33 80 21 82 71 95 87 29 68 34 39 56 17 75 45 29 51 96 45 93 36 41 79 18 98 84 95 25 78 79 75 53 89 90 33 20 97 84 53 61 34 53 4 36 62 0 37 34 41 17 33 44 58 47 36 2 7 66 80 36 33 46 33 83 54 55 16 60 35 36 21 84 80 26 92 52 11 95 30 77 29 62 11 41 77 54 91 93 26 90 38 24 16
62 71 85 39 78 94 42 72 1 79 3 94 90 49 1 42 7 8 0 1 23 17 33 79 71 90 29 29 71 15 0 84 72 96 4 63 75 29 45 68 66 42 20 86 67 75 52 30 0 94 80 49 66 13 28 33 41 39 72 73 60 100 26 29 41 76 11 100 32 54 38 57 65 84 66 28 48 93 95 99 24 100 23 63 98 77 47 28 59 56 45 59 75 59 68 29 88 100 94 0 26 86 80 52 32 11 54 25 3 1 13 55 43 89 88 44 92 72 6 6 68 24 95 42 30 7 91 5 43 17 95 45 15 77 51 33 98 59 87 74 45 25 81 86 27 61 89 7 25 0 76 33 94 68 39 42 54 58 75 3 28 20 29 47 16 52 69 46 54 2 20
49 25 68 53 38 89 66 99 82 40 27 7 17 18 10 20 31 19 1 0 26 56 56 15 73 7 60 57 95 88 11 90 47 11 60 48 85 62 71 99 72 17 88 53 62 46 1 63 71 70 88 92 45 80 100 98 42 89 3 91 36 12 61 11 83 20 41 64 51 65 7 14 62 35 59 17 63 3 8 100 3 31 36 9 57 2 8 20 38 21 78 10 26 20 16 17 27 1 65 34 63 10 2 0 37 56 26 82 31 94 55 100 62 82 91 27 4 44 43 19 46 34 52 64 6 21 0 9 0 80 75 58 4 73 0 31 40 89 62 32 42 50 9 16 30 79 99 47 2 56 75 99 48 75 31 37 74 46 66 67 10 94 70 60 45 98 69 48 55 35 88
86 11 97 49 51 61 18 1 45 13 34 35 73 20 13 31 59 62 23 26 0 57 76 37 22 48 21 87 38 42 43 64 86 18 6 72 0 47 69 74 56 28 1 36 37 11 59 96 80 94 43 54 90 95 43 59 60 61 27 40 51 98 5 5 5 16 21 11 50 54 67 3 0 70 34 42 59 30 1 32 24 43 92 56 41 81 100 63 41 25 92 37 93 85 42 30 60 29 88 17 72 68 52 81 17 92 66 40 52 32 46 54 26 43 74 16 81 7 2 53 94 13 56 2 12 12 31 91 84 33 92 0 58 68 82 39 18 13 74 60 43 100 9 10 66 88 49 49 85 69 0 59 57 81 88 91 52 43 86 3 61 20 20 28 68 73 49 19 6 40 20
77 35 46 67 47 78 62 52 15 85 23 46 30 55 4 69 61 89 17 56 57 0 2 10 11 16 21 6 69 65 16 96 3 7 88 82 5 31 44 35 12 15 98 19 2 27 100 47 72 11 43 79 34 30 39 23 88 69 69 93 87 55 56 21 26 30 67 35 7 36 71 96 9 48 40 55 58 55 55 93 67 13 70 59 12 88 29 60 92 43 4 66 4 52 77 99 90 39 57 88 7 18 65 3 15 13 20 70 91 0 50 20 47 15 63 3 35 100 72 68 23 56 27 15 18 29 98 8 55 8 12 49 44 56 85 78 97 28 16 14 86 21 17 7 30 39 72 93 70 31 61 43 86 89 86 60 4 9 23 88 41 5 68 67 54 14 70 7 86 52 99
40 50 26 96 95 48 92 26 97 81 31 1 3 49 69 90 87 93 33 56 76 2 0 84 14 61 56 29 61 73 50 37 81 90 71 4 77 63 53 71 18 40 18 92 54 80 10 37 21 16 37 26 34 7 6 89 90 81 87 62 58 47 32 39 0 31 44 84 46 65 78 93 8 17 10 22 39 54 50 73 56 76 68 5 84 60 6 17 25 86 47 57 89 4 61 98 10 7 23 47 31 97 49 82 89 66 78 92 1 16 87 79 26 45 49 67 14 71 25 61 43 15 82 73 86 54 22 43 16 66 59 54 36 84 71 42 6 91 31 7 61 9 50 56 57 0 92 10 97 61 71 69 97 23 0 75 16 48 31 99 59 15 33 34 24 70 63 4 58 50 95
34 51 23 4 73 22 80 43 66 70 47 14 52 93 5 81 73 1 79 15 37 10 84 0 52 51 22 86 95 95 64 87 49 60 70 44 74 79 80 43 100 92 91 82 79 15 71 65 64 22 9 5 76 86 63 77 23 1 9 9 38 48 77 48 34 0 6 72 7 22 25 9 91 45 22 37 71 11 79 89 13 76 47 33 15 92 76 98 12 14 76 20 68 38 60 79 5 91 5 84 36 73 23 35 40 57 43 39 88 72 15 49 59 96 51 11 43 3 86 27 95 84 55 16 39 36 68 48 98 24 34 84 66 99 30 96 66 81 19 97 38 94 45 15 6 98 15 37 76 31 61 82 6 47 41 40 2 39 18 90 83 8 29 10 56 41 98 93 39 23 64
98 27 13 83 63 72 58 93 5 65 99 6 100 71 29 61 85 41 71 73 22 11 14 52 0 60 48 25 63 16 42 34 86 59 94 45 55 45 20 4 94 14 54 45 6 83 36 70 41 25 93 3 49 62 17 43 67 95 41 10 80 12 19 33 28 64 83 52 1 20 9 54 16 9 95 73 63 34 68 88 90 13 100 78 66 82 70 24 98 61 16 88 21 100 73 39 38 5 34 10 65 44 55 95 62 73 84 67 50 40 22 1 80 77 51 27 42 94 85 72 28 77 56 50 65 70 10 82 13 90 86 83 93 95 50 36 22 73 74 13 15 45 45 37 54 79 46 80 32 59 12 61 96 54 89 74 90 41 11 85 85 8 43 41 2 92 53 8 47 6 23
94 20 20 84 0 23 80 69 43 42 76 13 13 55 49 92 98 9 90 7 48 16 61 51 60 0 13 94 23 7 27 38 54 18 10 73 98 82 21 47 26 67 2 62 2 97 13 89 42 16 12 82 24 81 37 40 40 50 53 90 48 5 24 3 90 28 11 85 59 34 65 44 25 81 77 45 71 17 84 54 56 57 91 24 52 70 50 31 54 20 53 47 31 10 53 26 26 61 35 92 30 14 5 4 70 2 66 3 73 24 48 49 61 32 66 78 25 22 47 22 10 97 49 65 16 40 61 59 13 17 93 39 67 32 86 16 21 3 75 90 93 23 45 13 0 8 70 100 47 82 23 93 68 86 36 3 83 75 50 76 87 19 52 32 67 30 2 81 47 71 43
0 68 65 99 17 96 46 18 18 24 7 6 27 34 3 12 5 72 29 60 21 21 56 22 48 13 0 22 74 73 53 47 61 88 17 24 47 99 51 42 79 6 67 74 68 87 94 79 96 48 0 22 23 16 17 11 15 47 87 38 48 43 80 56 39 92 87 18 40 50 22 94 32 5 18 74 72 13 2 20 81 67 52 30 57 50 59 83 30 29 51 72 43 41 96 41 88 17 99 38 99 30 9 28 21 41 51 37 30 50 23 64 77 68 15 28 94 87 81 58 25 81 47 24 34 70 14 19 9 100 73 64 42 28 59 66 27 1 50 34 38 64 96 4 91 46 98 55 7 36 11 87 0 41 46 33 97 5 49 58 90 25 79 75 56 43 19 1 12 60 61
78 48 71 73 62 65 38 80 36 73 47 3 12 63 49 55 64 34 29 57 87 6 29 86 25 94 22 0 59 98 5 78 45 48 68 18 93 45 93 99 5 81 12 96 56 19 100 73 61 35 64 58 90 16 72 4 53 1 23 12 33 69 22 54 5 29 89 79 70 57 29 57 11 53 95 16 76 81 8 71 21 19 10 76 18 41 82 28 33 22 59 57 10 67 3 33 74 73 4 38 2 79 27 86 31 39 46 84 9 17 2 82 20 0 65 11 50 21 32 75 91 61 6 89 8 48 40 91 91 46 10 16 34 81 90 38 21 74 87 64 99 3 32 22 19 37 38 94 62 24 38 99 96 16 11 99 4 68 8 69 35 91 92 22 94 46 43 41 31 34 43
68 93 49 74 57 97 30 81 79 92 96 26 67 1 34 100 44 50 71 95 38 69 61 95 63 23 74 59 0 58 92 76 6 90 10 39 11 77 22 50 72 72 43 59 40 71 26 95 99 62 40 22 55 61 72 46 74 22 83 11 54 58 29 82 86 3 19 80 46 66 38 1 42 12 58 18 10 60 55 87 45 53 44 10 53 22 74 22 84 94 98 30 7 3 48 55 23 2 55 52 2 7 44 2 24 61 90 68 28 32 97 81 95 30 79 3 55 86 59 73 18 6 42 51 11 100 61 36 71 7 54 17 67 42 73 72 71 58 26 85 73 10 46 9 99 49 76 25 58 43 70 71 89 72 21 79 67 11 20 95 1 97 24 34 26 47 90 36 14 69 52
53 7 39 78 35 34 90 61 85 45 21 59 59 98 95 87 25 37 15 88 42 65 73 95 16 7 73 98 58 0 17 70 7 83 65 28 77 17 94 2 25 70 15 87 56 46 67 65 41 64 91 33 79 18 87 64 30 2 79 10 36 0 67 3 25 58 71 25 18 89 38 95 9 47 62 50 83 83 37 87 56 85 2 94 15 24 98 47 86 18 28 3 20 2 24 1 93 24 52 99 6 91 20 98 13 45 56 11 2 46 60 95 63 41 77 88 98 42 83 84 52 46 32 33 81 16 10 72 46 17 65 24 46 34 11 75 71 22 47 29 69 59 98 2 53 72 27 37 100 86 63 49 96 52 77 59 21 34 50 9 23 32 97 79 25 59 82 57 24 24 66
95 49 58 44 88 71 16 7 55 67 82 47 17 55 26 86 71 15 0 11 43 16 50 64 42 27 53 5 92 17 0 26 99 49 96 37 53 73 8 15 26 6 47 28 98 60 86 26 0 5 65 92 81 32 64 40 81 40 17 35 95 22 80 83 66 51 0 89 68 39 84 69 94 55 95 54 85 70 23 36 8 25 50 31 36 15 6 46 52 50 10 0 1 22 29 5 63 21 7 40 63 11 47 2 5 18 14 91 18 43 28 65 68 96 53 60 45 64 43 92 5 66 2 33 36 92 77 52 80 48 93 69 10 24 11 17 98 54 13 15 36 29 44 95 57 43 38 93 80 7 26 57 90 72 64 24 17 6 51 49 31 41 20 58 32 18 64 26 84 76 95
16 62 88 77 42 16 88 43 83 79 2 71 79 79 94 39 21 39 84 90 64 96 37 87 34 38 47 78 76 70 26 0 46 76 22 33 66 84 60 6 3 67 37 42 39 70 79 4 72 95 90 14 20 56 76 59 55 91 18 39 62 27 55 19 60 65 61 62 23 98 61 58 64 9 15 69 89 17 14 64 50 6 65 81 64 19 81 4 72 83 89 51 28 32 89 19 3 53 52 92 65 21 5 30 41 15 96 58 93 83 47 91 56 96 86 13 89 35 45 96 60 66 29 81 16 73 34 83 74 48 82 77 63 69 21 17 75 50 43 75 80 8 84 34 22 62 36 32 82 36 24 80 34 11 80 84 98 10 79 1 4 59 68 18 29 5 39 5 99 80 29
56 20 22 37 88 99 80 50 54 42 40 45 11 84 91 49 22 29 72 47 86 3 81 49 86 54 61 45 6 7 99 46 0 4 63 29 93 14 29 14 11 72 30 54 60 68 41 61 2 74 82 86 79 30 60 3 25 58 78 21 35 89 49 16 77 1 16 5 31 81 10 48 19 69 2 77 89 100 60 80 39 82 69 3 87 43 37 26 62 88 22 54 39 0 31 13 1 78 25 43 18 5 27 8 50 60 80 38 27 78 64 24 46 79 7 69 40 2 2 62 59 97 84 60 74 100 35 14 79 25 87 56 83 59 79 3 42 1 68 70 50 50 16 68 43 64 77 15 59 3 29 54 35 9 92 5 61 13 73 51 24 24 27 18 17 13 94 71 25 59 53
98 88 61 10 9 87 42 43 79 4 4 34 18 25 71 70 64 70 96 11 18 7 90 60 59 18 88 48 90 83 49 76 4 0 28 65 77 69 23 90 53 15 74 71 77 94 28 74 66 16 51 36 86 74 18 36 44 88 98 5 98 80 30 69 78 75 4 71 77 1 92 36 17 1 65 52 28 39 76 79 56 89 37 64 69 51 46 8 50 77 42 70 17 65 72 40 33 93 9 96 32 88 49 78 99 4 80 51 12 60 51 83 35 24 80 45 2 88 14 26 88 55 25 10 85 40 31 9 61 70 0 99 59 64 62 66 11 55 32 47 34 55 60 21 70 98 80 5 7 73 90 24 44 21 8 0 20 42 85 30 93 34 11 33 95 42 39 39 2 94 54
32 22 13 71 22 43 95 65 88 58 12 1 14 48 72 29 23 26 4 60 6 88 71 70 94 10 17 68 10 65 96 22 63 28 0 90 47 79 78 94 99 69 58 70 34 26 66 40 43 39 83 72 95 72 29 5 47 27 100 89 79 19 58 57 61 68 84 78 0 66 29 25 73 40 75 20 51 90 40 49 16 56 15 79 59 60 64 60 11 40 50 3 56 2 64 2 38 82 35 57 77 81 76 73 80 17 85 59 19 37 90 97 13 30 50 19 8 24 73 72 99 68 92 9 71 32 54 61 27 21 96 12 19 21 40 15 78 97 47 80 34 53 0 78 38 87 30 38 4 80 75 92 34 85 99 43 18 41 58 12 25 26 49 55 51 70 36 60 18 66 32
81 12 25 36 91 23 19 92 3 18 37 58 47 72 36 0 1 66 63 48 72 82 4 44 45 73 24 18 39 28 37 33 29 65 90 0 44 39 72 42 82 83 63 38 70 42 23 64 48 52 81 26 78 32 22 84 31 29 59 22 45 21 67 34 2 9 94 12 35 50 17 78 82 21 20 8 55 31 99 50 78 26 20 67 70 26 61 55 53 6 2 68 52 22 17 71 91 15 13 18 85 7 10 99 59 89 56 64 92 70 40 46 32 13 78 99 26 63 69 31 89 80 33 59 36 30 61 10 23 49 2 85 18 55 58 6 70 80 90 37 87 98 37 56 30 84 30 36 78 99 28 20 55 86 38 53 39 89 36 79 4 17 39 8 77 54 99 15 94 82 59
1 52 87 33 24 70 52 19 91 19 49 41 11 54 13 6 45 9 75 85 0 5 77 74 55 98 47 93 11 77 53 66 93 77 47 44 0 37 53 45 99 43 18 67 98 99 37 70 21 57 60 18 92 8 92 0 57 76 6 67 43 26 16 89 100 53 46 18 40 91 54 9 77 16 95 19 31 39 36 34 16 68 78 56 52 77 49 8 32 88 97 59 26 85 62 47 72 29 58 4 81 44 47 34 3 64 95 44 48 89 58 5 23 3 30 22 40 79 9 22 21 3 75 34 88 19 17 75 1 88 76 92 97 71 50 91 46 24 58 29 98 44 69 72 18 10 20 7 2 20 6 25 16 30 14 27 53 83 77 40 5 18 43 26 69 88 92 5 31 49 63
21 52 63 11 7 50 43 26 27 12 8 77 36 89 100 34 39 52 29 62 47 31 63 79 45 82 99 45 77 17 73 84 14 69 79 39 37 0 71 50 94 49 12 33 64 21 34 21 37 6 84 71 74 99 48 18 69 83 96 18 62 60 62 82 87 18 47 8 93 67 95 40 47 84 26 51 28 74 60 23 63 88 88 83 16 92 61 97 16 34 55 79 55 23 42 74 64 92 18 4 59 90 41 7 24 72 72 7 19 91 68 95 59 11 58 74 53 63 9 72 67 63 85 69 76 12 67 67 52 54 51 31 73 89 93 66 94 85 50 69 60 78 5 87 37 40 16 5 99 81 75 69 97 42 9 15 28 86 25 5 3 55 0 43 77 61 7 88 23 37 94
41 95 18 93 19 24 75 1 39 74 11 25 20 97 32 19 50 12 45 71 69 44 53 80 20 21 51 93 22 94 8 60 29 23 78 72 53 71 0 72 94 97 45 12 92 5 0 36 44 48 94 41 18 7 10 24 79 24 92 71 63 21 70 59 51 100 34 82 97 72 54 94 61 86 24 18 52 50 73 93 41 13 55 78 28 42 96 63 16 69 10 81 76 9 39 5 74 65 91 40 86 29 10 53 41 2 12 76 27 51 20 77 39 87 81 30 21 63 15 24 29 75 1 70 71 15 17 75 52 97 78 17 89 68 76 64 53 14 82 20 33 62 94 7 58 6 76 16 8 0 90 91 43 73 42 85 97 45 17 13 91 71 91 52 48 59 3 98 55 14 22
70 96 44 45 18 84 57 59 45 9 79 4 66 50 90 43 3 6 68 99 74 35 71 43 4 47 42 99 50 2 15 6 14 90 94 42 45 50 72 0 59 97 69 95 64 73 26 81 21 18 63 8 58 95 53 65 14 38 78 70 1 16 22 1 7 74 46 91 55 0 77 48 27 53 67 56 33 55 58 95 22 20 90 74 70 42 63 69 98 52 14 80 0 13 75 15 11 99 91 39 31 86 42 79 56 46 17 89 32 6 97 3 31 61 66 2 31 69 71 36 39 75 57 47 42 95 59 87 57 41 16 4 32 9 64 87 7 96 91 47 57 17 47 8 71 66 55 67 17 32 67 100 60 37 11 5 34 87 11 17 16 9 76 52 1 29 93 53 33 56 10
23 55 62 44 44 10 85 20 63 16 43 50 31 38 28 49 54 82 66 72 56 12 18 100 94 26 79 5 72 25 26 3 11 53 99 82 99 94 94 59 0 77 48 59 8 75 56 26 9 46 40 18 81 34 50 87 54 74 9 100 5 94 77 86 70 70 14 85 31 7 66 37 79 14 29 32 35 18 29 31 19 1 69 87 83 84 70 45 60 72 8 67 92 100 90 30 88 97 54 30 29 52 23 51 31 46 0 43 42 85 40 38 64 92 51 64 73 7 7 9 95 67 52 30 70 69 3 33 30 1 89 97 2 23 71 92 22 32 98 85 40 43 8 86 3 24 32 32 96 52 72 63 93 14 15 23 9 6 95 44 73 3 11 96 21 32 87 33 85 21 73
55 8 44 81 29 89 58 27 35 75 49 89 9 67 78 46 9 65 42 17 28 15 40 92 14 67 6 81 72 70 6 67 72 15 69 83 43 49 97 97 77 0 47 14 35 68 61 93 57 51 96 60 99 97 8 45 63 85 94 26 13 49 87 44 74 75 82 46 3 100 30 4 73 76 14 29 27 99 98 3 45 93 82 46 63 51 42 17 91 0 15 87 72 7 50 44 33 65 49 78 1 12 57 29 26 57 80 2 77 10 27 90 24 47 31 42 23 29 35 71 7 42 3 27 74 71 19 50 18 4 31 7 22 10 89 62 49 69 22 81 80 15 80 94 93 80 58 43 2 43 27 7 48 43 20 40 75 77 73 13 18 0 27 99 17 17 23 38 77 19 73
66 80 8 14 16 40 83 11 76 67 23 100 48 51 29 83 26 99 20 88 1 98 18 91 54 2 67 12 43 15 47 37 30 74 58 63 18 12 45 69 48 47 0 63 71 21 6 48 56 48 39 56 55 56 17 74 27 47 44 21 12 61 77 57 10 73 28 66 84 64 41 92 5 82 74 29 65 53 76 91 92 74 85 90 0 91 19 3 38 77 62 9 67 11 75 7 8 85 94 92 32 82 56 37 10 73 90 13 66 86 96 96 8 65 37 41 61 5 54 3 31 29 91 12 51 76 15 89 31 71 74 82 95 16 64 98 76 61 70 49 49 31 36 69 0 16 88 25 34 20 49 73 81 52 20 73 100 82 14 24 16 36 83 24 84 74 16 70 54 8 34
19 32 87 16 99 98 30 68 76 16 89 68 92 51 77 6 72 8 86 53 36 19 92 82 45 62 74 96 59 87 28 42 54 71 70 38 67 33 12 95 59 14 63 0 80 91 15 49 20 74 41 100 36 98 82 23 14 94 90 34 63 2 19 77 61 64 50 85 0 31 63 1 54 53 95 23 16 63 23 97 100 26 87 19 1 45 43 38 58 99 46 89 7 63 75 42 4 56 98 66 15 91 26 49 28 19 29 4 70 39 31 21 6 2 66 29 53 69 26 69 30 30 61 59 55 73 20 48 1 38 87 14 83 67 53 15 69 46 69 70 7 95 65 48 88 46 52 94 29 91 42 42 28 52 38 39 2 87 9 80 30 28 65 76 69 14 60 2 97 54 30
1 94 36 69 28 46 65 42 59 60 72 96 69 85 85 96 16 56 67 62 37 2 54 79 6 2 68 56 40 56 98 39 60 77 34 70 98 64 92 64 8 35 71 80 0 88 46 40 84 46 46 3 22 73 100 26 93 57 63 25 33 18 15 81 38 2 96 49 50 8 45 7 58 11 33 92 86 19 91 49 44 29 55 58 60 37 70 58 26 77 82 40 18 9 30 32 9 52 81 51 88 100 84 63 86 64 25 89 71 59 30 9 75 9 98 41 43 99 32 71 79 80 44 27 4 58 59 82 69 37 84 27 1 30 49 82 32 23 20 71 78 82 26 36 46 40 83 21 99 5 81 92 20 11 49 94 16 40 72 32 86 26 5 44 49 34 12 70 54 57 69
96 53 92 78 37 39 44 90 63 79 86 5 99 76 91 72 68 67 75 46 11 27 80 15 83 97 87 19 71 46 60 70 68 94 26 42 99 21 5 73 75 68 21 91 88 0 44 68 80 72 47 64 17 6 17 52 42 35 50 0 45 59 77 19 36 72 97 13 41 81 35 9 38 94 10 46 35 2 22 57 31 18 77 14 10 26 0 6 86 45 28 15 67 71 61 20 28 58 7 39 97 93 81 48 53 6 5 91 95 4 40 39 12 52 59 20 75 87 54 97 10 46 20 35 61 46 58 65 91 95 29 88 26 81 36 4 96 74 59 62 97 32 55 33 36 38 98 13 27 37 23 39 95 41 0 31 54 55 60 100 96 3 18 68 41 83 76 42 11 80 34
57 80 85 86 82 76 76 50 57 41 79 76 97 35 20 49 15 94 52 1 59 100 10 71 36 13 94 100 26 67 86 79 41 28 66 23 37 34 0 26 56 61 6 15 46 44 0 75 17 34 82 42 93 55 13 54 20 78 55 1 20 37 65 97 72 23 26 77 70 12 35 48 99 58 83 0 56 8 12 31 70 19 36 30 35 44 18 53 86 62 39 97 98 45 85 38 96 31 44 16 33 49 61 37 87 1 46 37 48 16 28 5 32 96 0 69 37 52 40 74 45 37 57 62 73 10 12 11 71 6 22 9 62 76 42 70 5 47 12 75 58 37 69 1 54 90 41 99 99 99 89 10 51 4 66 88 44 43 3 83 19 42 30 85 88 60 14 100 53 19 68
18 24 100 59 40 12 43 61 14 78 43 28 25 88 64 51 7 6 30 63 96 47 37 65 70 89 79 73 95 65 26 4 61 74 40 64 70 21 36 81 26 93 48 49 40 68 75 0 23 75 7 38 2 14 52 72 47 69 68 28 50 32 7 53 87 96 61 97 69 97 55 65 43 64 63 39 0 29 0 32 44 56 19 92 28 83 93 83 21 91 0 39 52 96 30 93 91 75 27 21 52 88 34 73 23 34 90 53 84 70 6 65 95 56 44 43 22 51 26 60 22 34 52 12 57 51 87 81 76 36 75 44 54 87 78 18 88 50 4 89 26 81 24 73 77 82 92 55 54 0 87 2 39 1 86 59 80 62 57 47 73 68 75 34 88 17 28 89 9 76 44
97 51 11 89 9 97 19 5 90 73 29 73 85 69 86 29 87 16 0 71 80 72 21 64 41 42 96 61 99 41 0 72 2 66 43 48 21 37 44 21 9 57 56 20 84 80 17 23 0 74 47 91 98 14 96 73 91 90 5 83 37 73 99 89 36 63 87 39 80 81 24 85 81 96 89 96 89 37 46 79 13 6 53 42 61 38 40 23 65 72 3 49 1 100 1 1 36 36 29 99 33 97 41 24 26 12 72 56 62 34 94 61 83 65 100 58 69 61 87 58 50 81 45 76 85 77 17 92 55 47 47 90 82 6 85 48 44 92 57 24 8 3 74 29 49 71 52 96 64 74 71 19 5 19 88 90 70 67 64 37 43 12 52 40 51 69 6 62 10 94 10
5 76 38 95 80 17 67 87 60 97 5 29 7 85 57 19 99 67 94 70 94 11 16 22 25 16 48 35 62 64 5 95 74 16 39 52 57 6 48 18 46 51 48 74 46 72 34 75 74 0 29 93 34 45 64 42 45 69 63 35 79 90 68 65 100 38 33 10 70 88 55 30 98 15 23 73 31 21 58 83 80 100 88 73 27 67 57 68 94 29 86 66 10 94 99 2 7 50 12 6 78 60 55 39 13 11 11 55 57 100 66 10 77 45 18 28 84 91 66 74 6 27 96 62 29 49 82 77 32 85 21 21 44 48 22 26 21 44 50 92 51 44 56 40 66 17 39 19 24 40 22 17 32 19 96 30 72 88 55 82 1 47 17 4 86 68 8 46 40 40 29
91 25 42 50 41 56 43 11 37 10 78 68 92 32 27 23 12 56 80 88 43 43 37 9 93 12 0 64 40 91 65 90 82 51 83 81 60 84 94 63 40 96 39 41 46 47 82 7 47 29 0 20 37 98 31 80 98 98 34 2 78 92 25 86 77 2 17 39 36 99 24 8 0 46 66 55 65 51 95 29 20 68 0 50 88 31 42 10 72 72 63 26 11 61 23 14 8 7 19 34 3 37 66 13 29 35 62 64 48 92 26 65 25 78 85 37 88 25 30 17 36 17 46 62 24 98 22 24 53 20 48 3 96 85 69 58 65 62 55 87 20 52 87 50 15 17 54 61 56 16 82 15 89 89 88 2 70 80 48 95 95 92 84 86 93 10 51 29 28 93 30
79 54 43 4 75 53 21 17 58 39 52 8 81 98 61 15 64 62 49 92 54 79 26 5 3 82 22 58 22 33 92 14 86 36 72 26 18 71 41 8 18 60 56 100 3 64 42 38 91 93 20 0 58 33 94 6 68 47 67 30 23 56 27 46 25 84 41 54 26 88 39 87 7 85 84 40 28 80 100 84 35 51 37 52 64 72 75 83 74 63 53 18 63 44 36 25 52 94 59 62 20 89 13 94 76 71 49 17 24 16 33 65 42 79 14 37 29 0 94 35 50 1 10 49 97 85 77 40 1 70 95 34 28 91 17 89 29 41 91 43 27 89 78 55 10 47 88 52 8 50 16 33 86 34 24 62 3 45 75 55 34 54 17 63 42 26 57 1 74 61 92
96 68 64 31 51 95 72 80 100 15 15 74 62 35 48 47 40 82 66 45 90 34 34 76 49 24 23 90 55 79 81 20 79 86 95 78 92 74 18 58 81 99 55 36 22 17 93 2 98 34 37 58 0 2 72 43 48 61 2 59 73 38 60 18 37 9 78 60 2 3 11 37 30 30 68 65 38 100 37 72 32 98 84 78 24 24 79 40 35 50 71 87 20 100 97 68 57 76 43 89 12 8 78 52 50 16 39 20 52 26 43 40 22 73 29 15 100 68 42 36 18 48 60 64 70 70 9 46 74 34 65 52 14 65 64 65 63 2 94 33 84 59 33 72 79 43 19 0 21 90 20 92 28 47 31 43 86 35 1 51 41 53 65 2 83 52 42 12 61 100 35
26 23 23 9 1 80 77 18 49 36 36 49 47 90 46 9 61 55 13 80 95 30 7 86 62 81 16 16 61 18 32 56 30 74 72 32 8 99 7 95 34 97 56 98 73 6 55 14 14 45 98 33 2 0 91 44 6 44 42 91 20 46 12 64 59 34 33 36 1 23 2 80 32 57 0 86 72 55 45 2 14 23 9 39 66 68 3 68 1 41 41 99 87 31 7 41 60 79 61 86 6 30 31 57 85 89 51 11 15 96 56 26 65 75 96 5 46 94 83 35 69 58 93 32 64 41 33 52 79 55 6 60 12 61 5 61 30 93 44 26 63 77 32 16 49 37 83 72 71 87 3 74 35 56 58 13 31 81 37 16 97 66 48 56 7 56 44 24 36 92 60
73 2 11 73 76 65 69 76 39 82 33 19 31 24 3 59 21 1 28 100 43 39 6 63 17 37 17 72 72 87 64 76 60 18 29 22 92 48 10 53 50 8 17 82 100 17 13 52 96 64 31 94 72 91 0 95 20 4 81 5 29 51 96 38 14 26 0 74 18 34 51 89 98 96 30 80 9 97 41 21 4 79 43 24 81 66 66 81 27 82 32 6 81 45 66 28 88 46 78 61 22 24 63 90 34 97 35 46 71 72 87 30 24 18 90 36 65 28 80 48 24 21 15 59 84 56 71 7 22 81 53 24 97 56 78 33 1 32 79 17 64 31 18 63 0 62 69 15 75 45 17 52 51 73 89 78 17 88 47 0 66 54 70 82 78 25 7 13 87 27 86
83 29 69 89 40 66 96 58 98 99 20 82 87 37 66 8 6 5 33 98 59 23 89 77 43 40 11 4 46 64 40 59 3 36 5 84 0 18 24 65 87 45 74 23 26 52 54 72 73 42 80 6 43 44 95 0 17 38 39 15 73 72 41 16 20 9 91 22 2 53 10 45 72 15 29 15 32 36 36 6 60 18 8 57 86 17 73 64 66 21 2 35 27 0 44 2 77 21 68 63 91 39 11 34 30 59 10 94 53 46 24 23 21 21 48 29 99 0 3 46 32 67 65 21 25 64 64 16 4 19 20 13 1 34 93 75 26 26 36 64 7 81 71 93 66 54 56 70 45 39 69 24 12 83 68 12 59 15 21 90 17 5 76 10 9 22 45 83 22 3 19
93 29 92 49 72 40 20 76 38 76 86 48 6 75 62 25 100 91 41 42 60 88 90 23 67 40 15 53 74 30 81 55 25 44 47 31 57 69 79 14 54 63 27 14 93 42 20 47 91 45 98 68 48 6 20 17 0 70 52 57 92 70 70 65 39 35 11 93 97 86 74 40 57 3 80 32 3 67 14 83 19 91 33 61 21 93 87 76 64 46 7 97 37 89 100 13 6 80 79 25 14 75 1 91 46 28 89 56 33 18 1 75 83 56 76 60 57 75 68 50 13 95 82 73 86 11 95 99 77 8 39 75 71 37 97 92 38 49 44 68 36 61 80 77 85 50 8 19 39 5 71 34 33 12 67 55 87 71 23 13 53 80 42 41 73 94 11 9 89 62 9
4 2 79 18 49 24 44 51 13 57 35 20 17 80 26 48 100 83 39 89 61 69 81 1 95 50 47 1 22 2 40 91 58 88 27 29 76 83 24 38 74 85 47 94 57 35 78 69 90 69 98 47 61 44 4 38 70 0 93 19 16 20 53 17 7 57 18 1 29 80 30 87 62 3 21 59 84 10 48 51 72 41 34 3 49 9 84 3 20 85 67 81 26 89 14 45 67 19 100 20 19 94 41 46 88 45 93 34 36 8 69 41 56 82 74 3 44 70 4 27 74 2 29 44 56 89 53 95 26 67 64 74 13 87 66 7 80 26 59 44 36 4 38 9 50 97 88 53 78 9 45 35 0 45 37 53 26 47 44 57 25 70 95 85 55 67 0 78 38 87 100
100 40 12 79 54 70 37 80 69 27 13 30 79 62 95 95 54 69 72 3 27 69 87 9 41 53 87 23 83 79 17 18 78 98 100 59 6 96 92 78 9 94 44 90 63 50 55 68 5 63 34 67 2 42 81 39 52 93 0 20 65 46 11 95 99 92 16 0 39 42 27 30 55 14 26 84 42 25 18 99 49 88 22 50 39 6 31 68 74 53 39 90 34 71 94 22 66 74 3 36 83 78 21 21 19 49 63 12 3 30 20 2 75 45 46 63 54 60 8 1 91 23 25 0 15 50 47 27 77 54 81 99 13 83 90 1 41 38 78 92 48 65 13 99 16 81 88 66 56 51 33 84 71 35 59 13 77 70 79 4 66 91 95 57 7 33 22 79 43 32 81
3 70 80 3 54 11 50 73 61 45 12 91 26 66 56 65 92 18 73 91 40 93 62 9 10 90 38 12 11 10 35 39 21 5 89 22 67 18 71 70 100 26 21 34 25 0 1 28 83 35 2 30 59 91 5 15 57 19 20 0 85 23 85 91 3 4 59 47 78 18 47 46 75 53 24 83 27 19 27 47 90 29 53 60 99 56 75 61 63 29 62 21 62 1 18 97 10 7 0 76 58 15 91 63 60 75 95 34 39 17 41 21 25 95 90 94 9 87 32 13 89 4 70 38 17 48 78 18 51 25 60 1 15 74 27 15 52 64 0 79 90 59 87 24 0 91 7 19 79 27 27 59 75 86 89 82 67 67 30 39 66 75 100 48 40 19 86 67 71 57 25
65 44 68 83 12 42 4 7 57 27 32 18 18 50 56 79 18 37 60 36 51 87 58 38 80 48 48 33 54 36 95 62 35 98 79 45 43 62 63 1 5 13 12 63 33 45 20 50 37 79 78 23 73 20 29 73 92 16 65 85 0 40 46 16 99 27 7 44 33 6 4 77 81 56 79 80 0 80 46 33 8 58 20 26 53 22 38 60 37 58 99 0 49 6 77 85 95 6 91 57 61 26 8 51 57 45 81 17 35 46 24 26 81 20 48 85 97 10 29 11 38 50 73 78 58 21 35 52 30 70 52 79 10 83 56 12 38 71 60 58 68 79 16 79 58 15 87 89 67 47 85 11 87 56 93 84 56 97 29 29 30 48 61 57 58 65 21 95 8 14 30
4 8 35 70 100 85 79 49 57 56 92 38 37 25 78 37 32 16 100 12 98 55 47 48 12 5 43 69 58 0 22 27 89 80 19 21 26 60 21 16 94 49 61 2 18 59 37 32 73 90 92 56 38 46 51 72 70 20 46 23 40 0 32 68 61 38 65 58 94 37 37 63 3 52 31 40 81 77 29 4 33 15 69 14 5 24 16 20 6 49 83 56 14 63 81 7 18 10 68 72 57 86 88 35 43 29 44 66 37 27 10 33 75 79 51 73 65 15 26 61 100 59 64 92 20 59 28 9 82 10 75 60 27 95 10 49 100 66 26 75 18 8 72 49 28 89 96 10 82 32 79 82 81 66 34 45 76 45 58 27 82 49 95 59 11 88 50 49 88 22 58
42 60 35 20 14 94 20 24 40 99 97 46 7 55 75 16 57 44 26 61 5 56 32 77 19 24 80 22 29 67 80 55 49 30 58 67 16 62 70 22 77 87 77 19 15 77 65 7 99 68 25 27 60 12 96 41 70 53 11 85 46 32 0 33 52 9 64 72 9 80 21 99 33 94 16 23 73 31 11 12 12 35 54 98 65 25 74 70 21 54 76 22 9 84 5 55 70 86 61 43 40 80 96 78 34 67 2 27 64 69 36 20 86 2 8 80 6 72 84 91 52 15 83 65 76 66 64 44 54 43 3 71 49 27 50 84 37 57 87 8 31 66 76 25 48 16 23 76 94 94 71 89 23 93 30 55 76 56 51 4 82 25 51 45 62 95 79 1 55 13 26
19 72 47 54 72 37 52 92 21 49 64 90 76 90 30 22 0 83 29 11 5 21 39 48 33 3 56 54 82 3 83 19 16 69 57 34 89 82 59 1 86 44 57 77 81 19 97 53 89 65 86 46 18 64 38 16 65 17 95 91 16 68 33 0 9 39 18 79 79 0 94 75 1 38 26 78 74 14 49 95 76 28 4 88 23 84 2 95 4 60 47 41 88 44 12 77 13 6 32 68 99 57 64 15 0 47 55 100 56 60 84 57 87 85 81 37 69 2 33 97 75 80 21 86 14 82 69 2 45 34 93 3 56 22 17 69 21 7 45 82 84 76 45 84 0 73 95 96 9 11 80 96 30 31 71 2 11 41 25 83 89 16 19 4 90 59 53 48 57 26 97
85 72 13 98 48 80 51 13 63 1 85 78 50 42 50 97 9 44 41 83 5 26 0 34 28 90 39 5 86 25 66 60 77 78 61 2 100 87 51 7 70 74 10 61 38 36 72 87 36 100 77 25 37 59 14 20 39 7 99 3 99 61 52 9 0 0 14 98 82 67 39 11 64 81 1 33 56 82 52 3 50 99 97 90 39 81 28 71 82 69 74 0 0 34 25 56 79 79 18 30 77 84 19 40 53 47 98 2 6 27 12 8 55 18 52 78 44 96 8 90 13 54 49 25 12 78 20 97 6 97 35 36 79 25 68 5 20 90 14 3 61 50 48 20 38 31 75 1 95 43 83 27 25 22 96 89 74 32 65 35 54 45 82 14 34 86 15 65 84 37 39
68 51 63 49 84 100 30 36 41 0 33 82 7 31 68 30 82 4 76 20 16 30 31 0 64 28 92 29 3 58 51 65 1 75 68 9 53 18 100 74 70 75 73 64 2 72 23 96 63 38 2 84 9 34 26 9 35 57 92 4 27 38 9 39 0 0 63 56 21 22 11 70 69 80 92 79 41 22 81 72 84 16 7 3 83 56 30 45 43 93 88 55 91 19 85 59 44 97 63 69 3 84 51 86 55 41 77 73 100 23 1 76 11 88 80 43 92 73 1 4 14 13 9 37 94 56 23 88 81 89 16 43 63 69 19 13 89 72 27 87 5 82 93 82 86 10 64 17 100 86 64 76 98 66 36 7 67 46 92 53 61 75 84 80 70 32 39 18 62 15 4
73 64 70 62 45 66 14 63 81 25 52 93 41 73 33 6 48 79 11 41 21 67 44 6 83 11 87 89 19 71 0 61 16 4 84 94 46 47 34 46 14 82 28 50 96 97 26 61 87 33 17 41 78 33 0 91 11 18 16 59 7 65 64 18 14 63 0 80 60 66 90 61 24 45 47 87 69 68 9 88 66 49 31 98 91 23 42 43 23 89 62 13 42 68 28 66 13 31 61 53 19 14 100 63 29 7 59 16 98 66 22 84 1 74 3 95 35 85 12 91 13 89 33 9 69 21 89 20 57 71 10 66 90 16 44 34 53 17 5 66 43 47 42 64 65 25 53 43 1 25 4 62 89 26 48 74 79 78 86 43 92 1 73 8 65 74 33 46 59 50 80
77 84 71 91 18 3 80 91 51 34 77 94 20 90 34 24 64 81 100 64 11 35 84 72 52 85 18 79 80 25 89 62 5 71 78 12 18 8 82 91 85 46 66 85 49 13 77 97 39 10 39 54 60 36 74 22 93 1 0 47 44 58 72 79 98 56 80 0 16 42 87 73 63 19 5 17 2 73 85 77 86 79 47 39 17 98 44 97 69 36 48 39 98 86 43 51 85 68 98 46 26 59 20 52 11 6 7 19 59 24 26 15 28 48 96 74 38 74 16 80 86 11 69 35 80 85 52 46 79 25 99 41 90 20 54 33 71 0 62 75 26 53 8 97 33 2 35 26 20 11 8 77 56 50 62 9 54 48 21 48 76 12 3 4 94 60 96 43 51 34 24
47 42 9 70 0 59 11 39 22 9 94 22 34 30 46 30 43 34 32 51 50 7 46 7 1 59 40 70 46 18 68 23 31 77 0 35 40 93 97 55 31 3 84 0 50 41 70 69 80 70 36 26 2 1 18 2 97 29 39 78 33 94 9 79 82 21 60 16 0 8 68 31 76 26 43 35 2 64 29 54 29 30 52 53 62 68 23 40 94 41 86 41 43 95 17 71 15 29 15 92 29 77 98 8 18 13 93 32 29 26 58 13 77 61 57 38 22 42 55 22 92 38 93 20 72 24 72 73 79 1 53 52 67 66 5 85 41 74 75 82 1 15 31 37 65 85 27 67 35 38 67 2 33 85 81 49 6 74 18 42 23 100 3 39 8 40 8 43 73 4 87
25 89 91 96 11 14 65 12 86 1 20 65 17 62 51 50 23 32 54 65 54 36 65 22 20 34 50 57 66 89 39 98 81 1 66 50 91 67 72 0 7 100 64 31 8 81 12 97 81 88 99 88 3 23 34 53 86 80 42 18 6 37 80 0 67 22 66 42 8 0 79 43 76 4 69 67 2 55 67 41 51 28 43 15 70 5 66 25 21 1 89 81 39 43 39 12 71 43 62 6 49 82 61 70 9 79 72 56 36 66 51 87 52 64 11 39 15 48 82 25 63 16 93 3 28 66 0 51 40 71 9 98 19 9 27 84 19 82 6 64 49 69 25 0 87 22 10 95 21 26 53 69 88 2 72 83 28 67 48 54 88 24 30 67 83 31 1 61 87 75 82
34 19 2 5 86 100 92 97 81 95 71 80 100 7 74 63 35 66 38 7 67 71 78 25 9 65 22 29 38 38 84 61 10 92 29 17 54 95 54 77 66 30 41 63 45 35 35 55 24 55 24 39 11 2 51 10 74 30 27 47 4 37 21 94 39 11 90 87 68 79 0 58 67 80 57 31 26 23 45 3 37 14 13 39 71 54 65 60 93 45 36 19 48 69 78 66 93 3 45 83 78 29 74 72 36 37 34 35 98 11 70 46 99 10 33 3 70 69 63 79 92 75 61 99 45 82 34 94 42 71 54 72 25 4 7 83 50 14 84 67 9 82 47 82 67 86 32 59 51 3 61 43 41 67 34 8 56 80 38 54 100 49 65 16 63 68 17 22 46 69 82
14 96 31 66 36 67 99 3 66 4 48 95 92 3 93 26 48 84 57 14 3 96 93 9 54 44 94 57 1 95 69 58 48 36 25 78 9 40 94 48 37 4 92 1 7 9 48 65 85 30 8 87 37 80 89 45 40 87 30 46 77 63 99 75 11 70 61 73 31 43 58 0 62 59 97 56 28 76 37 13 38 70 48 51 52 44 92 86 33 15 85 66 25 3 13 94 37 81 68 54 35 62 68 41 83 86 47 92 47 0 0 39 18 59 66 4 20 8 88 43 39 41 79 43 16 81 44 24 65 22 40 2 57 29 66 76 85 9 29 71 53 32 67 76 93 80 35 48 58 81 5 47 8 1 3 84 90 29 87 93 54 39 74 26 48 86 41 72 84 32 34
58 71 74 55 99 34 42 8 39 45 18 1 47 85 71 55 63 88 65 62 0 9 8 91 16 25 32 11 42 9 94 64 19 17 73 82 77 47 61 27 79 73 5 54 58 38 99 43 81 98 0 7 30 32 98 72 57 62 55 75 81 3 33 1 64 69 24 63 76 76 67 62 0 68 59 26 20 93 52 76 38 62 71 41 52 58 45 70 49 74 71 2 7 81 55 69 54 16 27 49 19 8 67 9 75 85 92 77 65 48 66 70 17 55 46 32 35 31 24 27 89 18 84 88 62 56 53 31 84 95 68 80 70 16 66 48 48 34 33 96 53 24 73 67 34 50 32 64 28 51 59 88 86 97 74 11 36 68 14 63 55 41 52 3 6 27 39 68 83 28 44
72 7 18 22 82 16 2 42 19 82 19 96 34 18 43 34 77 74 84 35 70 48 17 45 9 81 5 53 12 47 55 9 69 1 40 21 16 84 86 53 14 76 82 53 11 94 58 64 96 15 46 85 30 57 96 15 3 3 14 53 56 52 94 38 81 80 45 19 26 4 80 59 68 0 65 68 95 4 0 71 97 73 0 41 32 31 42 86 47 20 40 98 7 57 86 6 76 89 12 92 43 0 67 100 75 29 73 25 64 16 79 74 96 71 41 95 60 48 26 28 9 56 9 18 46 72 44 75 78 22 59 35 36 60 47 5 86 41 3 81 38 38 96 54 11 74 13 47 34 62 15 93 53 59 83 69 11 91 23 22 6 32 50 83 61 63 38 66 63 16 23
66 69 53 91 46 34 9 93 80 97 18 66 25 10 82 52 48 3 66 59 34 40 10 22 95 77 18 95 58 62 95 15 2 65 75 20 95 26 24 67 29 14 74 95 33 10 83 63 89 23 66 84 68 0 30 29 80 21 26 24 79 31 16 26 1 92 47 5 43 69 57 97 59 65 0 54 81 54 68 94 15 52 82 54 41 43 19 83 53 47 70 88 67 48 90 65 25 89 82 88 70 42 30 25 25 24 61 13 11 20 77 49 73 71 90 59 32 82 48 79 76 55 65 32 89 71 60 59 96 33 93 85 12 22 65 76 39 42 35 93 59 21 98 99 14 19 83 26 92 51 23 16 34 25 13 29 6 2 12 15 50 8 15 80 16 21 29 21 16 26 27
37 79 72 67 22 87 91 85 0 33 19 68 2 96 4 82 88 39 28 17 42 55 22 37 73 45 74 16 18 50 54 69 77 52 20 8 19 51 18 56 32 29 29 23 92 46 0 39 96 73 55 40 65 86 80 15 32 59 84 83 80 40 23 78 33 79 87 17 35 67 31 56 26 68 54 0 70 78 45 66 59 78 68 24 72 73 75 41 67 66 66 76 47 60 9 80 39 71 15 8 32 44 66 6 79 8 20 54 72 26 57 54 99 76 37 19 41 54 89 47 68 78 64 19 66 20 36 70 15 35 36 65 99 78 40 50 61 44 16 15 13 34 8 70 50 46 15 54 58 51 43 75 90 61 56 94 39 49 60 66 89 35 52 86 37 31 80 95 78 59 15
32 55 7 96 20 6 70 71 100 40 75 67 89 61 36 36 24 64 48 63 59 58 39 71 63 71 72 76 10 83 85 89 89 28 51 55 31 28 52 33 35 27 65 16 86 35 56 0 89 31 65 28 38 72 9 32 3 84 42 27 0 81 73 74 56 41 69 2 2 2 26 28 20 95 81 70 0 69 100 98 16 63 73 49 36 23 31 43 0 24 93 10 89 69 18 79 13 33 55 33 91 3 40 12 8 70 15 94 22 75 42 1 74 30 97 75 53 84 53 92 42 1 13 85 66 82 7 74 12 21 76 33 19 74 1 92 35 62 48 87 53 15 48 94 52 7 84 45 7 80 49 90 38 67 52 55 79 48 15 92 100 59 97 9 28 10 27 2 23 63 93
74 28 55 55 59 59 71 60 17 7 2 11 35 74 68 44 48 58 93 3 30 55 54 11 34 17 13 81 60 83 70 17 100 39 90 31 39 74 50 55 18 99 53 63 19 2 8 29 37 21 51 80 100 55 97 36 67 10 25 19 80 77 31 14 82 22 68 73 64 55 23 76 93 4 54 78 69 0 72 4 51 46 58 87 44 29 92 46 43 62 10 47 22 7 9 75 40 80 2 6 2 86 45 7 95 60 88 4 95 55 97 49 36 91 25 20 26 74 1 92 54 66 15 66 85 82 81 15 24 24 11 4 98 88 36 70 63 33 32 64 48 12 20 21 5 77 52 36 39 86 29 12 52 68 6 73 16 44 41 60 4 98 10 82 78 46 63 33 18 95 39
35 27 38 29 85 71 76 75 13 89 90 1 68 90 13 58 13 33 95 8 1 55 50 79 68 84 2 8 55 37 23 14 60 76 40 99 36 60 73 58 29 98 76 23 91 22 12 0 46 58 95 100 37 45 41 36 14 48 18 27 46 29 11 49 52 81 9 85 29 67 45 37 52 0 68 45 100 72 0 20 85 54 66 86 63 50 54 96 58 92 75 48 35 83 88 22 36 29 59 49 16 31 81 48 28 39 75 83 73 40 64 37 7 63 88 78 41 10 0 16 76 48 81 5 4 13 89 24 55 33 24 52 44 65 72 52 35 25 43 19 2 100 41 31 40 36 91 3 27 19 36 4 51 25 38 77 81 8 96 17 85 40 32 73 95 39 92 14 54 80 32
42 47 24 59 48 73 76 74 40 86 37 68 71 53 69 55 65 80 99 100 32 93 73 89 88 54 20 71 87 87 36 64 80 79 49 50 34 23 93 95 31 3 91 97 49 57 31 32 79 83 29 84 72 2 21 6 83 51 99 47 33 4 12 95 3 72 88 77 54 41 3 13 76 71 94 66 98 4 20 0 99 11 79 29 63 70 22 16 18 84 56 59 50 15 48 43 85 53 81 98 12 16 37 56 85 4 37 7 30 78 15 57 87 60 50 2 21 34 91 27 34 64 17 60 11 48 82 61 95 64 76 3 44 28 78 77 43 83 46 65 65 19 3 9 60 54 7 76 91 96 28 90 45 29 15 28 36 19 69 26 45 98 100 50 82 6 95 52 94 36 80
84 83 57 29 62 4 80 80 83 47 90 5 52 50 69 18 26 21 24 3 24 67 56 13 90 56 81 21 45 56 8 50 39 56 16 78 16 63 41 22 19 45 92 100 44 31 70 44 13 80 20 35 32 14 4 60 19 72 49 90 8 33 12 76 50 84 66 86 29 51 37 38 38 97 15 59 16 51 85 99 0 33 68 16 45 88 97 40 36 56 37 26 16 41 72 25 68 79 84 84 61 53 66 48 2 44 40 65 53 30 40 0 7 72 15 30 86 44 29 29 65 32 42 67 78 96 49 52 11 58 77 11 63 94 31 68 16 41 97 90 62 51 49 19 41 29 35 57 30 46 76 72 39 97 35 76 12 93 46 0 26 89 23 22 16 92 3 6 87 10 52
50 0 50 85 86 10 78 34 47 6 57 77 49 72 43 8 72 82 100 31 43 13 76 76 13 57 67 19 53 85 25 6 82 89 56 26 68 88 13 20 1 93 74 26 29 18 19 56 6 100 68 51 98 23 79 18 91 41 88 29 58 15 35 28 99 16 49 79 30 28 14 70 62 73 52 78 63 46 54 11 33 0 10 44 34 43 78 63 12 89 87 82 85 88 68 8 31 18 27 8 61 11 36 40 37 60 38 76 87 34 79 36 83 47 92 83 44 19 42 69 40 25 16 75 62 18 66 50 33 28 52 78 39 29 26 18 46 50 78 46 73 42 47 75 7 19 26 32 40 27 26 91 57 91 73 15 24 80 11 93 57 13 99 41 63 6 93 55 26 85 21
92 62 30 50 99 5 30 81 74 89 11 0 61 57 81 77 3 71 23 36 92 70 68 47 100 91 52 10 44 2 50 65 69 37 15 20 78 88 55 90 69 82 85 87 55 77 36 19 53 88 0 37 84 9 43 8 33 34 22 53 20 69 54 4 97 7 31 47 52 43 13 48 71 0 82 68 73 58 66 79 68 10 0 36 40 34 43 84 8 77 13 21 93 49 14 52 85 79 94 69 19 7 68 46 75 90 17 58 42 93 90 4 62 36 93 10 36 52 89 40 80 62 29 4 49 36 0 91 36 20 57 72 76 58 73 36 88 4 92 50 85 51 25 0 27 68 10 76 37 93 35 68 11 96 48 99 4 8 33 70 97 14 1 48 16 50 46 43 75 59 30
69 31 38 51 51 88 1 83 47 58 50 0 43 89 84 80 88 95 63 9 56 59 5 33 78 24 30 76 10 94 31 81 3 64 79 67 56 83 78 74 87 46 90 19 58 14 30 92 42 73 50 52 78 39 24 57 61 3 50 60 26 14 98 88 90 3 98 39 53 15 39 51 41 41 54 24 49 87 86 29 16 44 36 0 72 76 23 73 74 62 94 83 40 10 44 5 45 28 87 43 1 50 13 7 86 25 11 57 33 33 83 13 0 31 8 98 42 12 71 82 1 44 48 67 95 27 70 68 81 94 79 64 64 75 55 23 61 17 47 61 48 56 83 26 33 8 40 64 47 92 14 3 28 1 43 54 21 85 57 98 97 3 20 65 13 95 94 78 42 39 50
77 95 96 17 27 27 82 14 20 87 54 14 61 23 17 96 39 87 98 57 41 12 84 15 66 52 57 18 53 15 36 64 87 69 59 70 52 16 28 70 83 63 0 1 60 10 35 28 61 27 88 64 24 66 81 86 21 49 39 99 53 5 65 23 39 83 91 17 62 70 71 52 52 32 41 72 36 44 63 63 45 34 40 72 0 66 1 94 31 60 18 92 63 78 62 22 69 2 17 42 71 49 41 41 91 96 39 28 96 37 56 10 59 76 93 21 4 30 46 57 86 73 73 49 11 31 100 18 69 66 97 9 55 76 26 5 94 99 84 74 1 62 39 92 4 92 89 71 30 29 68 18 33 6 3 76 52 41 73 61 42 35 96 12 98 18 67 48 40 33 33
68 70 0 6 35 76 44 39 49 57 56 63 17 92 36 39 15 29 77 2 81 88 60 92 82 70 50 41 22 24 15 19 43 51 60 26 77 92 42 42 84 51 91 45 37 26 44 83 38 67 31 72 24 68 66 17 93 9 6 56 22 24 25 84 81 56 23 98 68 5 54 44 58 31 43 73 23 29 50 70 88 43 34 76 66 0 27 73 22 52 99 15 95 88 46 35 67 38 52 15 93 91 97 88 87 84 85 85 62 29 85 27 52 9 18 90 36 58 73 15 57 27 13 37 97 47 6 67 65 52 27 92 44 38 20 76 42 14 33 27 69 72 88 13 93 0 91 49 87 97 34 86 17 45 1 22 56 85 81 76 76 77 53 13 82 85 85 7 98 72 91
62 50 4 46 47 26 76 26 60 44 56 86 100 81 14 25 56 68 47 8 100 29 6 76 70 50 59 82 74 98 6 81 37 46 64 61 49 61 96 63 70 42 19 43 70 0 18 93 40 57 42 75 79 3 66 73 87 84 31 75 38 16 74 2 28 30 42 44 23 66 65 92 45 42 19 75 31 92 54 22 97 78 43 23 1 27 0 1 77 64 55 39 95 10 13 3 62 93 72 33 65 30 22 97 3 7 29 29 46 17 97 70 0 54 38 4 79 23 20 18 58 18 21 51 63 79 66 13 85 69 95 62 75 64 75 75 84 100 8 16 87 59 1 98 49 96 98 30 81 57 60 48 41 27 4 63 94 21 10 16 15 60 6 87 67 67 83 33 43 41 5
43 72 71 12 77 100 61 52 35 30 32 51 74 16 10 36 69 34 28 20 63 60 17 98 24 31 83 28 22 47 46 4 26 8 60 55 8 97 63 69 45 17 3 38 58 6 53 83 23 68 10 83 40 68 81 64 76 3 68 61 60 20 70 95 71 45 43 97 40 25 60 86 70 86 83 41 43 46 96 16 40 63 84 73 94 73 1 0 92 49 56 80 28 31 95 31 6 96 59 83 32 17 28 98 63 84 33 95 43 41 98 57 49 75 18 14 85 63 100 66 54 81 45 18 85 17 79 44 54 37 25 79 56 57 88 89 1 31 13 65 34 82 78 3 40 12 13 84 28 12 17 83 91 30 8 75 22 47 51 76 99 85 20 82 21 67 88 30 47 15 88
4 1 39 76 88 94 65 35 10 36 34 6 86 83 50 67 62 39 59 38 41 92 25 12 98 54 30 33 84 86 52 72 62 50 11 53 32 16 16 98 60 91 38 58 26 86 86 21 65 94 72 74 35 1 27 66 64 20 74 63 37 6 21 4 82 43 23 69 94 21 93 33 49 47 53 67 0 43 58 18 36 12 8 74 31 22 77 92 0 8 3 41 51 59 48 37 92 14 12 41 34 40 77 45 77 4 84 6 10 38 18 56 95 36 57 33 58 96 66 100 15 96 58 19 49 31 71 11 84 86 13 16 85 9 95 32 98 89 4 30 72 96 19 93 14 100 12 56 39 73 20 92 91 69 54 49 68 92 86 40 96 20 71 14 44 99 69 19 14 75 100
86 41 51 9 89 7 96 38 17 68 1 41 43 56 57 15 17 56 56 21 25 43 86 14 61 20 29 22 94 18 50 83 88 77 40 6 88 34 69 52 72 0 77 99 77 45 62 91 72 29 72 63 50 41 82 21 46 85 53 29 58 49 54 60 69 93 89 36 41 1 45 15 74 20 47 66 24 62 92 84 56 89 77 62 60 52 64 49 8 0 17 19 39 27 84 10 68 57 58 46 22 70 99 100 10 15 71 17 97 32 89 92 54 16 40 26 82 58 54 82 66 30 68 58 63 80 97 8 83 17 30 18 50 84 89 63 69 39 3 66 55 98 48 36 56 39 32 66 76 38 11 16 68 88 19 67 13 24 36 34 41 46 97 90 35 25 42 7 58 49 81
85 4 49 88 6 33 18 31 92 22 85 22 44 35 93 24 0 17 45 78 92 4 47 76 16 53 51 59 98 28 10 89 22 42 50 2 97 55 10 14 8 15 62 46 82 28 39 0 3 86 63 53 71 41 32 2 7 67 39 62 99 83 76 47 74 88 62 48 86 89 36 85 71 40 70 66 93 10 75 56 37 87 13 94 18 99 55 56 3 17 0 39 4 67 25 64 61 42 30 54 49 88 33 4 35 58 60 31 78 51 72 13 43 2 93 52 74 95 66 46 11 28 19 35 17 100 61 11 7 2 19 82 96 42 66 0 89 82 32 72 45 7 45 99 55 0 82 44 58 45 96 17 5 27 75 29 88 8 22 92 61 44 34 74 27 5 0 60 27 6 36
0 12 53 68 34 72 21 35 30 94 65 8 58 26 47 78 50 75 59 10 37 66 57 20 88 47 72 57 30 3 0 51 54 70 3 68 59 79 81 80 67 87 9 89 40 15 97 39 49 66 26 18 87 99 6 35 97 81 90 21 0 56 22 41 0 55 13 39 41 81 19 66 2 98 88 76 10 47 48 59 26 82 21 83 92 15 39 80 41 19 39 0 62 74 69 51 83 84 16 41 43 8 41 98 48 78 88 5 22 89 61 32 14 100 1 21 58 9 73 79 87 40 54 12 44 100 30 3 7 74 82 100 83 22 9 19 81 97 32 97 85 93 77 42 99 39 91 91 70 5 16 48 1 41 6 56 55 10 56 84 56 27 98 73 96 4 73 20 58 37 45
25 23 100 69 50 50 83 63 2 82 19 58 36 65 67 14 9 45 75 26 93 4 89 68 21 31 43 10 7 20 1 28 39 17 56 52 26 55 76 0 92 72 67 7 18 67 98 52 1 10 11 63 20 87 81 27 37 26 34 62 49 14 9 88 0 91 42 98 43 39 48 25 7 7 67 47 89 22 35 50 16 85 93 40 63 95 95 28 51 39 4 62 0 55 31 99 95 63 69 42 82 44 86 6 57 47 84 49 10 34 59 36 14 52 2 59 36 98 56 18 80 89 24 53 36 60 85 4 38 10 57 76 59 94 34 72 53 86 31 54 36 87 24 54 85 27 97 50 23 13 87 85 54 20 48 64 30 18 61 15 61 21 92 83 30 48 30 61 73 12 38
95 39 39 63 84 0 13 17 38 70 31 79 39 81 10 52 60 29 59 20 85 52 4 38 100 10 41 67 3 2 22 32 0 65 2 22 85 23 9 13 100 7 11 63 9 71 45 96 100 94 61 44 100 31 45 0 89 89 71 1 6 63 84 44 34 19 68 86 95 43 69 3 81 57 48 60 69 7 83 15 41 88 49 10 78 88 10 31 59 27 67 74 55 0 87 70 22 34 13 49 33 9 28 43 83 75 89 15 18 68 20 14 82 18 70 69 47 71 98 46 90 37 16 64 21 65 49 5 44 13 59 80 41 98 57 0 63 8 84 16 91 78 98 63 40 13 51 79 23 51 94 31 100 51 79 2 17 57 83 83 27 62 26 91 62 45 25 99 43 41 73
50 56 58 67 34 47 21 25 5 74 16 2 14 48 49 21 36 51 68 16 42 77 61 60 73 53 96 3 48 24 29 89 31 72 64 17 62 42 39 75 90 50 75 75 30 61 85 30 1 99 23 36 97 7 66 44 100 14 94 18 77 81 5 12 25 85 28 43 17 39 78 13 55 86 90 9 18 9 88 48 72 68 14 44 62 46 13 95 48 84 25 69 31 87 0 38 14 72 88 62 62 2 5 81 47 46 34 46 14 90 89 77 93 6 7 30 58 59 88 80 18 25 29 75 94 53 96 32 53 85 37 15 80 44 77 84 98 28 3 87 41 88 62 86 88 41 12 5 15 25 36 32 14 62 33 26 100 46 25 12 11 77 63 22 49 29 81 90 81 77 51
20 39 2 41 40 13 51 60 24 35 71 10 59 25 46 86 56 96 29 17 30 99 98 79 39 26 41 33 55 1 5 19 13 40 2 71 47 74 5 15 30 44 7 42 32 20 38 93 1 2 14 25 68 41 28 2 13 45 22 97 85 7 55 77 56 59 66 51 71 12 66 94 69 6 65 80 79 75 22 43 25 8 52 5 22 35 3 31 37 10 64 51 99 70 38 0 42 23 3 72 66 10 36 35 56 72 44 76 42 53 61 48 32 7 8 34 96 39 94 12 80 70 17 95 97 30 2 64 24 34 81 78 65 47 82 77 79 69 99 23 66 80 99 76 73 73 81 14 28 50 14 90 93 50 31 37 58 100 60 72 62 85 31 98 29 79 17 81 71 14 37
17 15 38 90 53 81 78 15 83 11 75 3 50 58 46 9 85 45 88 27 60 90 10 5 38 26 88 74 23 93 63 3 1 33 38 91 72 64 74 11 88 33 8 4 9 28 96 91 36 7 8 52 57 60 88 77 6 67 66 10 95 18 70 13 79 44 13 85 15 71 93 37 54 76 25 39 13 40 36 85 68 31 85 45 69 67 62 6 92 68 61 83 95 22 14 42 0 77 63 60 44 84 11 35 81 13 54 31 78 78 91 78 33 93 69 14 8 17 65 22 3 100 72 56 85 71 82 15 99 100 24 42 91 28 62 61 3 83 57 65 1 38 95 39 22 11 51 61 14 93 5 90 17 88 38 16 59 5 73 47 59 5 25 89 47 65 67 16 100 47 49
82 20 54 0 90 17 16 58 4 38 46 4 57 2 25 41 80 93 100 1 29 39 7 91 5 61 17 73 2 24 21 53 78 93 82 15 29 92 65 99 97 65 85 56 52 58 31 75 36 50 7 94 76 79 46 21 80 19 74 7 6 10 86 6 79 97 31 68 29 43 3 81 16 89 89 71 33 80 29 53 79 18 79 28 2 38 93 96 14 57 42 84 63 34 72 23 77 0 1 63 67 5 19 52 93 68 26 21 9 65 91 40 19 53 34 1 63 63 25 10 5 5 74 46 61 33 9 79 17 91 77 18 22 97 97 51 31 94 47 63 68 26 28 78 66 40 50 84 84 7 47 91 27 27 62 94 41 66 70 76 41 90 32 16 2 56 74 53 100 72 78
97 22 9 36 15 29 1 65 66 22 65 54 87 32 54 5 62 36 94 65 88 57 23 5 34 35 99 4 55 52 7 52 25 9 35 13 58 18 91 91 54 49 94 98 81 7 44 27 29 12 19 59 43 61 78 68 79 100 3 0 91 68 61 32 18 63 61 98 15 62 45 68 27 12 82 15 55 2 59 81 84 27 94 87 17 52 72 59 12 58 30 16 69 13 88 3 63 1 0 3 21 81 64 23 25 89 67 54 42 96 69 43 23 16 40 14 9 56 57 33 10 16 51 41 58 83 73 35 82 36 79 21 4 98 64 45 69 15 75 11 33 77 61 5 95 2 82 24 83 13 52 65 6 73 13 66 11 61 2 85 21 60 62 55 7 100 88 50 55 68 45
21 54 13 88 33 44 50 88 47 92 89 28 65 93 29 11 31 41 0 34 17 88 47 84 10 92 38 38 52 99 40 92 43 96 57 18 4 4 40 39 30 78 92 66 51 39 16 21 99 6 34 62 89 86 61 63 25 20 36 76 57 72 43 68 30 69 53 46 92 6 83 54 49 92 88 8 33 6 49 98 84 8 69 43 42 15 33 83 41 46 54 41 42 49 62 72 60 63 3 0 41 27 40 97 91 13 100 13 50 6 64 64 43 85 11 22 62 24 7 67 0 50 29 67 19 17 70 82 58 53 71 5 25 58 75 17 27 94 91 19 28 85 72 27 1 94 45 70 3 35 11 78 51 75 35 5 7 76 8 66 40 80 96 28 72 79 59 44 90 0 3
70 10 51 36 93 37 27 94 11 37 46 21 21 93 29 6 80 79 26 63 72 7 31 36 65 30 99 2 2 6 63 65 18 32 77 85 81 59 86 31 29 1 32 15 88 97 33 52 33 78 3 20 12 6 22 91 14 19 83 58 61 57 40 99 77 3 19 26 29 49 78 35 19 43 70 32 91 2 16 12 61 61 19 1 71 93 65 32 34 22 49 43 82 33 62 66 44 67 21 41 0 39 3 32 1 42 35 59 11 13 97 50 41 71 15 11 3 70 93 92 90 4 27 63 0 67 87 34 72 96 63 58 98 93 32 78 100 65 80 13 39 31 83 66 27 77 90 32 42 94 25 71 24 94 46 19 55 12 85 90 95 20 52 74 13 25 5 85 30 28 52
14 62 92 2 96 87 22 94 41 0 76 64 23 20 88 12 48 18 86 10 68 18 97 73 44 14 30 79 7 91 11 21 5 88 81 7 44 90 29 86 52 12 82 91 100 93 49 88 97 60 37 89 8 30 24 39 75 94 78 15 26 86 80 57 84 84 14 59 77 82 29 62 8 0 42 44 3 86 31 16 53 11 7 50 49 91 30 17 40 70 88 8 44 9 2 10 84 5 81 27 39 0 18 43 88 3 62 3 72 97 20 44 74 55 72 38 41 37 9 31 49 93 59 23 81 56 15 87 84 13 35 25 40 85 42 49 35 43 33 76 97 11 30 32 22 28 77 91 28 56 88 39 3 73 81 55 53 1 9 84 66 36 63 42 3 89 46 18 13 3 16
26 2 20 82 92 35 84 77 73 45 54 12 98 15 72 72 8 98 80 2 52 65 49 23 55 5 9 27 44 20 47 5 27 49 76 10 47 41 10 42 23 57 56 26 84 81 61 34 41 55 66 13 78 31 63 11 1 41 21 91 8 88 96 64 19 51 100 20 98 61 74 68 67 67 30 66 40 45 81 37 66 36 68 13 41 97 22 28 77 99 33 41 86 28 5 36 11 19 64 40 3 18 0 12 100 23 96 52 70 84 50 90 51 8 98 79 67 25 33 43 29 29 80 62 40 85 8 93 8 81 100 82 62 42 100 98 60 91 97 30 18 51 46 31 62 55 33 36 13 59 89 0 4 21 54 86 99 48 60 56 45 17 6 9 42 64 45 87 18 76 46
38 85 25 60 54 76 30 25 68 82 23 80 47 63 65 84 4 84 52 0 81 3 82 35 95 4 28 86 2 98 2 30 8 78 73 99 34 7 53 79 51 29 37 49 63 48 37 73 24 39 13 94 52 57 90 34 91 46 21 63 51 35 78 15 40 86 63 52 8 70 72 41 9 100 25 6 12 7 48 56 48 40 46 7 41 88 97 98 45 100 4 98 6 43 81 35 35 52 23 97 32 43 12 0 18 53 13 60 33 52 73 78 16 78 59 69 18 30 61 98 61 28 93 83 52 69 27 58 59 32 37 53 8 16 92 72 15 80 41 24 96 39 84 85 4 76 2 3 14 62 52 89 98 19 18 59 76 54 23 65 95 27 9 87 73 11 22 95 18 64 73
64 76 90 34 24 49 22 0 75 99 52 56 83 93 58 33 42 95 32 37 17 15 89 40 62 70 21 31 24 13 5 41 50 99 80 59 3 24 41 56 31 26 10 28 86 53 87 23 26 13 29 76 50 85 34 30 46 88 19 60 57 43 34 0 53 55 29 11 18 9 36 83 75 75 25 79 8 95 28 85 2 37 75 86 91 87 3 63 77 10 35 48 57 83 47 56 81 93 25 91 1 88 100 18 0 32 9 96 66 86 58 34 87 67 68 42 39 31 65 30 77 100 77 32 21 49 3 2 66 60 54 61 57 63 14 63 16 88 17 34 53 68 1 94 35 14 32 2 10 0 13 73 13 52 72 4 1 36 78 59 49 33 39 25 84 2 28 97 0 93 55
19 14 92 68 71 20 28 91 7 84 59 47 86 77 68 9 19 25 11 56 92 13 66 57 73 2 41 39 61 45 18 15 60 4 17 89 64 72 2 46 46 57 73 19 64 6 1 34 12 11 35 71 16 89 97 59 28 45 49 75 45 29 67 47 47 41 7 6 13 79 37 86 85 29 24 8 70 60 39 4 44 60 90 25 96 84 7 84 4 15 58 78 47 75 46 72 13 68 89 13 42 3 23 53 32 0 83 33 72 18 30 9 18 4 12 0 74 42 73 92 68 78 29 17 63 52 1 62 97 49 52 1 44 51 65 92 87 62 58 45 87 89 18 50 28 25 27 92 93 19 81 62 22 64 79 91 62 8 20 83 28 57 10 88 72 100 36 38 87 90 79
76 38 49 43 28 96 1 60 35 32 21 20 71 46 28 5 81 78 54 26 66 20 78 43 84 66 51 46 90 56 14 96 80 80 85 56 95 72 12 17 0 80 90 29 25 5 46 90 72 11 62 49 39 51 35 10 89 93 63 95 81 44 2 55 98 77 59 7 93 72 34 47 92 73 61 20 15 88 75 37 40 38 17 11 39 85 29 33 84 71 60 88 84 89 34 44 54 26 67 100 35 62 96 13 9 83 0 59 45 23 64 17 12 39 65 48 56 55 45 37 62 30 97 79 60 58 87 78 97 13 70 51 81 79 31 51 23 95 11 53 100 52 4 36 68 77 62 37 54 77 46 43 8 76 43 29 47 48 30 88 62 78 86 18 2 61 64 17 44 29 26
44 52 65 51 60 10 73 4 40 34 61 99 5 66 25 47 56 79 25 82 40 70 92 39 67 3 37 84 68 11 91 58 38 51 59 64 44 7 76 89 43 2 13 4 89 91 37 53 56 55 64 17 20 11 46 94 56 34 12 34 17 66 27 100 2 73 16 19 32 56 35 92 77 25 13 54 94 4 83 7 65 76 58 57 28 85 29 95 6 17 31 5 49 15 46 76 31 21 54 13 59 3 52 60 96 33 59 0 48 93 11 52 64 15 66 60 9 71 81 30 61 64 24 35 37 18 44 21 8 46 60 47 56 29 38 52 72 6 83 55 96 27 69 22 12 53 48 63 73 12 18 67 35 13 5 2 61 75 15 84 91 32 53 42 39 4 41 58 87 41 51
5 62 69 2 55 53 15 68 93 14 38 91 76 98 14 6 97 75 3 31 52 91 1 88 50 73 30 9 28 2 18 93 27 12 19 92 48 19 27 32 42 77 66 70 71 95 48 84 62 57 48 24 52 15 71 53 33 36 3 39 35 37 64 56 6 100 98 59 29 36 98 47 65 64 11 72 22 95 73 30 53 87 42 33 96 62 46 43 10 97 78 22 10 18 14 42 78 9 42 50 11 72 70 33 66 72 45 48 0 50 50 10 15 81 28 26 72 91 71 41 71 53 91 59 67 50 82 75 40 33 87 31 63 43 21 3 55 14 24 31 87 15 18 45 75 43 52 78 60 7 77 74 33 16 1 54 51 82 74 5 59 94 58 42 46 56 79 6 64 36 79
92 50 66 23 60 0 98 53 58 71 62 70 4 51 99 3 29 53 1 94 32 0 16 72 40 24 50 17 32 46 43 83 78 60 37 70 89 91 51 6 85 10 86 39 59 4 16 70 34 100 92 16 26 96 72 46 18 8 30 17 46 27 69 60 27 23 66 24 26 66 11 0 48 16 20 26 75 55 40 78 30 34 93 33 37 29 17 41 38 32 51 89 34 68 90 53 78 65 96 6 13 97 84 52 86 18 23 93 50 0 12 66 52 24 39 5 31 80 74 75 22 58 83 52 7 41 44 14 16 9 40 65 90 60 17 20 22 36 69 26 62 28 79 90 72 3 29 25 6 80 15 30 60 66 42 80 2 75 27 4 32 4 13 56 91 65 1 60 78 47 63
48 59 31 37 85 90 0 70 89 46 71 62 13 96 78 34 24 89 13 55 46 50 87 15 22 48 23 2 97 60 28 47 64 51 90 40 58 68 20 97 40 27 96 31 30 40 28 6 94 66 26 33 43 56 87 24 1 69 20 41 24 10 36 84 12 1 22 26 58 51 70 0 66 79 77 57 42 97 64 15 40 79 90 83 56 85 97 98 18 89 72 61 59 20 89 61 91 91 69 64 97 20 50 73 58 30 64 11 50 12 0 62 30 61 36 97 48 95 54 42 81 11 67 60 4 10 71 19 3 39 42 91 55 8 11 6 23 1 43 42 52 79 6 58 90 21 70 23 49 23 82 45 78 86 58 16 61 3 54 77 94 38 42 43 34 12 64 87 32 40 32
100 61 35 55 56 37 80 55 88 3 43 37 25 73 11 92 4 90 55 100 54 20 79 49 1 49 64 82 81 95 65 91 24 83 97 46 5 95 77 3 38 90 96 21 9 39 5 65 61 10 65 65 40 26 30 23 75 41 2 21 26 33 20 57 8 76 84 15 13 87 46 39 70 74 49 54 1 49 37 57 0 36 4 13 10 27 70 57 56 92 13 32 36 14 77 48 78 40 43 64 50 44 90 78 34 9 17 52 10 66 62 0 38 0 23 84 30 85 78 7 69 13 51 61 16 42 94 14 15 58 52 59 65 34 9 49 59 41 35 80 46 62 11 11 86 62 56 35 60 88 33 73 40 59 12 21 87 95 7 41 30 92 69 14 32 25 37 94 27 5 5
72 56 41 40 25 1 22 76 28 45 9 72 65 31 65 8 85 33 43 62 26 47 26 59 80 61 77 20 95 63 68 56 46 35 13 32 23 59 39 31 64 24 8 6 75 12 32 95 83 77 25 42 22 65 24 21 83 56 75 25 81 75 86 87 55 11 1 28 77 52 99 18 17 96 73 99 74 36 7 87 7 83 62 0 59 52 0 49 95 54 43 14 14 82 93 32 33 19 23 43 41 74 51 16 87 18 12 64 15 52 30 38 0 60 77 91 28 49 50 9 71 95 87 19 10 77 1 65 0 88 38 58 6 12 96 54 92 39 24 26 32 44 100 86 33 1 40 39 88 28 87 32 91 71 76 93 51 100 18 10 37 9 49 38 12 13 24 38 95 27 70
51 13 51 87 84 66 69 84 26 45 63 71 51 99 12 49 65 20 89 82 43 15 45 96 77 32 68 0 30 41 96 96 79 24 30 13 3 11 87 61 92 47 65 2 9 52 96 56 65 45 78 79 73 75 18 21 56 82 45 95 20 79 2 85 18 88 74 48 61 64 10 59 55 71 71 76 30 91 63 60 72 47 36 31 76 9 54 75 36 16 2 100 52 18 6 7 93 53 16 85 71 55 8 78 67 4 39 15 81 24 61 0 60 0 82 50 2 9 75 43 1 37 73 53 44 94 0 12 9 8 36 23 14 59 40 63 98 86 77 53 7 98 96 34 53 8 96 61 40 73 15 25 30 9 37 17 71 56 4 27 68 61 29 87 36 71 84 73 68 100 87
90 6 62 78 4 36 25 16 31 90 30 95 92 25 30 71 54 97 88 91 74 63 49 51 51 66 15 65 79 77 53 86 7 80 50 78 30 58 81 66 51 31 37 66 98 59 0 44 100 18 85 14 29 96 90 48 76 74 46 90 48 51 8 81 52 80 3 96 57 11 33 66 46 41 90 37 97 25 88 50 15 92 93 8 93 18 38 18 57 40 93 1 2 70 7 8 69 34 40 11 15 72 98 59 68 12 65 66 28 39 36 23 77 82 0 15 52 16 50 91 89 39 74 54 18 57 3 14 27 30 54 19 63 26 37 97 7 88 41 2 94 100 69 8 76 88 49 10 29 68 16 17 8 75 28 23 57 64 22 89 23 36 33 85 14 26 51 0 24 50 93
31 34 54 17 18 19 43 100 91 96 67 3 60 34 13 74 71 84 44 27 16 3 67 11 27 78 28 11 3 88 60 13 69 45 19 99 22 74 30 2 64 42 41 29 41 20 69 43 58 28 37 37 15 5 36 29 60 3 63 94 85 73 80 37 78 43 95 74 38 39 3 4 32 95 59 19 75 20 78 2 30 83 10 98 21 90 4 14 33 26 52 21 59 69 30 34 14 1 14 22 11 38 79 69 42 0 48 60 26 5 97 84 91 50 15 0 40 98 14 70 9 21 35 19 97 86 29 90 44 29 86 66 75 52 30 89 99 38 10 44 88 80 70 21 49 83 64 57 92 30 100 20 13 77 52 26 55 22 76 42 34 61 18 95 59 79 10 12 2 58 74
91 6 14 100 33 62 100 75 27 70 71 46 74 35 11 17 37 53 92 4 81 35 14 43 42 25 94 50 55 98 45 89 40 2 8 26 40 53 21 31 73 23 61 53 43 75 37 22 69 84 88 29 100 46 65 99 57 44 54 9 97 65 6 69 44 92 35 38 22 15 70 20 35 60 32 41 53 26 41 21 86 44 36 42 4 36 79 85 58 82 74 58 36 47 58 96 8 63 9 62 3 41 67 18 39 74 56 9 72 31 48 30 28 2 52 40 0 3 33 79 54 95 9 65 19 79 78 0 68 12 54 70 76 47 42 34 22 53 15 82 50 74 32 48 58 26 26 52 90 55 77 6 72 87 33 72 43 19 20 82 3 83 97 67 0 56 64 15 1 99 12
10 95 7 99 52 95 4 89 59 54 43 80 84 13 8 23 83 61 72 44 7 100 71 3 94 22 87 21 86 42 64 35 2 88 24 63 79 63 63 69 7 29 5 69 99 87 52 51 61 91 25 0 68 94 28 0 75 70 60 87 10 15 72 2 96 73 85 74 42 48 69 8 31 48 82 54 84 74 10 34 44 19 52 12 30 58 23 63 96 58 95 9 98 71 59 39 17 63 56 24 70 37 25 30 31 42 55 71 91 80 95 85 49 9 16 98 3 0 63 54 91 23 70 16 83 49 47 46 62 50 73 33 79 55 73 90 17 2 22 6 68 92 72 39 88 59 26 71 16 46 49 83 93 52 10 54 98 83 94 45 56 59 37 96 64 40 35 30 51 0 46
40 29 40 61 22 4 91 41 98 58 55 16 93 33 99 18 4 34 6 43 2 72 25 86 85 47 81 32 59 83 43 45 2 14 73 69 9 9 15 71 7 35 54 26 32 54 40 26 87 66 30 94 42 83 80 3 68 4 8 32 29 26 84 33 8 1 12 16 55 82 63 88 24 26 48 89 53 1 0 91 29 42 89 71 46 73 20 100 66 54 66 73 56 98 88 94 65 25 57 7 93 9 33 61 65 73 45 81 71 74 54 78 50 75 50 14 33 63 0 98 31 81 81 32 56 54 78 43 70 68 51 0 74 63 57 35 43 51 30 60 17 77 5 42 36 59 89 72 66 99 77 25 92 42 68 57 1 43 30 76 6 22 54 49 93 31 47 7 88 18 85
40 31 15 4 15 46 75 11 0 89 92 50 15 89 32 27 19 53 6 19 53 68 61 27 72 22 58 75 73 84 92 96 62 26 72 31 22 72 24 36 9 71 3 69 71 97 74 60 58 74 17 35 36 35 48 46 50 27 1 13 11 61 91 97 90 4 91 80 22 25 79 43 27 28 79 47 92 92 16 27 29 69 40 82 57 15 18 66 100 82 46 79 18 46 80 12 22 10 33 67 92 31 43 98 30 92 37 30 41 75 42 7 9 43 91 70 79 54 98 0 55 99 0 43 14 35 58 7 60 43 80 77 64 93 88 82 86 34 31 6 19 2 84 96 55 6 1 57 69 84 11 49 96 87 5 17 50 18 6 10 60 50 94 24 98 83 16 55 58 50 62
45 5 5 33 43 94 79 84 64 49 17 48 82 52 52 67 33 4 68 46 94 23 43 95 28 10 25 91 18 52 5 60 59 88 99 89 21 67 29 39 95 7 31 30 79 10 45 22 50 6 36 50 18 69 24 32 13 74 91 89 38 100 52 75 13 14 13 86 92 63 92 39 89 9 76 68 42 54 76 34 65 40 80 1 86 57 58 54 15 66 11 87 80 90 18 80 3 5 10 0 90 49 29 61 77 68 62 61 71 22 81 69 71 1 89 9 54 91 31 55 0 60 61 28 93 84 33 67 1 49 74 35 59 18 3 57 55 60 69 45 87 94 47 66 20 90 11 21 73 81 38 49 53 34 8 55 45 17 92 29 16 30 89 84 7 88 95 99 66 73 69
50 94 3 57 59 47 42 22 92 55 3 75 11 32 41 64 45 36 24 34 13 56 15 84 77 97 81 61 6 46 66 66 97 55 68 80 3 63 75 75 67 42 29 30 80 46 37 34 81 27 17 1 48 58 21 67 95 2 23 4 50 59 15 80 54 13 89 11 38 16 75 41 18 56 55 78 1 66 48 64 32 25 62 44 73 27 18 81 96 30 28 40 89 37 25 70 100 5 16 50 4 93 29 28 100 78 30 64 53 58 11 13 95 37 39 21 95 23 81 99 60 0 70 86 3 13 37 11 38 91 92 88 67 54 40 30 96 6 30 38 43 9 32 97 11 50 76 26 50 92 1 98 99 80 63 94 88 35 26 49 10 95 28 32 43 41 20 17 98 72 39
81 82 69 83 96 40 40 80 28 26 99 97 89 64 81 78 27 62 95 52 56 27 82 55 56 49 47 6 42 32 2 29 84 25 92 33 75 85 1 57 52 3 91 61 44 20 57 52 45 96 46 10 60 93 15 65 82 29 25 70 73 64 83 21 49 9 33 69 93 93 61 79 84 9 65 64 13 15 81 17 42 16 29 48 73 13 21 45 58 68 19 54 24 16 29 17 72 74 51 29 27 59 80 93 77 29 97 24 91 83 67 51 87 73 74 35 9 70 81 0 61 70 0 29 80 20 9 27 18 42 60 54 79 80 58 15 18 41 11 27 51 5 2 67 25 25 19 95 94 47 48 99 97 72 23 62 27 74 48 44 54 86 32 97 32 80 45 44 48 44 24
2 61 90 63 8 38 75 50 83 88 43 10 22 29 36 93 33 0 42 64 2 15 73 16 50 65 24 89 51 33 33 81 60 10 9 59 34 69 70 47 30 27 12 59 27 35 62 12 76 62 62 49 64 32 59 21 73 44 0 38 78 92 65 86 25 37 9 35 20 3 99 43 88 18 32 19 85 66 5 60 67 75 4 67 49 37 51 18 19 58 35 12 53 64 75 95 56 46 41 67 63 23 62 83 32 17 79 35 59 52 60 61 19 53 54 19 65 16 32 43 28 86 29 0 52 46 0 3 40 13 29 25 29 20 59 12 62 52 72 85 84 42 87 11 66 26 90 61 86 17 34 73 71 62 19 7 7 100 44 90 49 7 35 83 51 16 23 49 66 36 49
47 16 33 68 47 59 80 98 60 36 2 31 23 89 51 47 63 37 30 6 12 18 86 39 65 16 34 8 11 81 36 16 74 85 71 36 88 76 71 42 70 74 51 55 4 61 73 57 85 29 24 97 70 64 84 25 86 56 15 17 58 20 76 14 12 94 69 80 72 28 45 16 62 46 89 66 66 85 4 11 78 62 49 95 11 97 63 85 49 63 17 44 36 21 94 97 85 61 58 19 0 81 40 52 21 63 60 37 67 7 4 16 10 44 18 97 19 83 56 14 93 3 80 52 0 52 19 34 87 74 15 92 85 26 57 78 40 10 30 36 35 37 63 89 82 48 36 81 91 26 88 66 76 4 87 24 40 3 69 14 43 86 67 96 37 2 25 36 59 9 6
20 2 81 30 84 84 43 60 35 33 90 30 7 45 84 45 63 34 7 21 12 29 54 36 70 40 70 48 100 16 92 73 100 40 32 30 19 12 15 95 69 71 76 73 58 46 10 51 77 49 98 85 70 41 56 64 11 89 50 48 21 59 66 82 78 56 21 85 24 66 82 81 56 72 71 20 82 82 13 48 96 18 36 27 31 47 79 17 31 80 100 100 60 65 53 30 71 33 83 17 67 56 85 69 49 52 58 18 50 41 10 42 77 94 57 86 79 49 54 35 84 13 20 46 52 0 70 85 20 42 63 99 77 37 5 19 91 25 41 33 76 66 5 6 14 98 12 69 70 16 75 32 52 14 38 38 9 16 66 34 81 57 19 30 33 96 79 95 87 79 55
16 42 64 20 13 24 45 6 88 8 45 52 1 71 87 56 60 41 91 0 31 98 22 68 10 61 14 40 61 10 77 34 35 31 54 61 17 67 17 59 3 19 15 20 59 58 12 87 17 82 22 77 9 33 71 64 95 53 47 78 35 28 64 69 20 23 89 52 72 0 34 44 53 44 60 36 7 81 89 82 49 66 0 70 100 6 66 79 71 97 61 30 85 49 96 2 82 9 73 70 87 15 8 27 3 1 87 44 82 44 71 94 1 0 3 29 78 47 78 58 33 37 9 0 19 70 0 38 90 65 58 44 30 54 64 6 37 41 35 39 99 7 89 15 64 96 11 22 95 33 98 22 82 33 65 9 62 54 99 85 67 41 6 21 35 33 27 22 0 75 85
95 30 16 67 20 50 24 1 1 83 45 2 43 49 62 25 94 17 5 9 91 8 43 48 82 59 19 91 36 72 52 83 14 9 61 10 75 67 75 87 33 50 89 48 82 65 11 81 92 77 24 40 46 52 7 16 99 95 27 18 52 9 44 2 97 88 20 46 73 51 94 24 31 75 59 70 74 15 24 61 52 50 91 68 18 67 13 44 11 8 11 3 4 5 32 64 15 79 35 82 34 87 93 58 2 62 78 21 75 14 19 14 65 12 14 90 0 46 43 7 67 11 27 3 34 85 38 0 30 49 87 20 3 24 93 2 92 85 8 20 30 57 39 39 5 58 3 73 85 49 49 98 91 43 64 66 10 7 58 57 6 89 94 51 98 5 33 42 94 75 51
64 8 46 42 11 12 6 13 56 6 2 95 53 63 36 5 83 33 43 0 84 55 16 98 13 13 9 91 71 46 80 74 79 61 27 23 1 52 52 57 30 18 31 1 69 91 71 76 55 32 53 1 74 79 22 4 77 26 77 51 30 82 54 45 6 81 57 79 79 40 42 65 84 78 96 15 12 24 55 95 11 33 36 81 69 65 85 54 84 83 7 7 38 44 53 24 99 17 82 58 72 84 8 59 66 97 97 8 40 16 3 15 0 9 27 44 68 62 70 60 1 38 18 40 87 20 90 30 0 83 100 14 6 0 31 92 90 7 40 25 57 33 71 29 97 61 18 59 48 62 86 22 82 76 19 32 86 37 71 61 65 86 20 81 72 26 35 95 5 48 20
10 91 12 75 89 75 79 49 37 88 84 56 0 43 63 64 94 44 17 80 33 8 66 24 90 17 100 46 7 17 48 48 25 70 21 49 88 54 97 41 1 4 71 38 37 95 6 36 47 85 20 70 34 55 81 19 8 67 54 25 70 10 43 34 97 89 71 25 1 71 71 22 95 22 33 35 21 24 33 64 58 28 20 94 66 52 69 37 86 17 2 74 10 13 85 34 100 91 36 53 96 13 81 32 60 49 13 46 33 9 39 58 88 8 30 29 12 50 68 43 49 91 42 13 74 42 65 49 83 0 63 51 39 72 94 85 86 72 64 97 26 82 29 86 21 82 6 88 26 90 54 41 55 24 40 39 75 24 97 5 30 80 32 65 79 66 19 63 19 15 44
74 1 84 42 25 79 16 25 98 70 69 87 41 54 99 67 81 58 95 75 92 12 59 34 86 93 73 10 54 65 93 82 87 0 96 2 76 51 78 16 89 31 74 87 84 29 22 75 47 21 48 95 65 6 53 20 39 64 81 60 52 75 3 93 35 16 10 99 53 9 54 40 68 59 93 36 76 11 24 76 77 52 57 79 97 27 95 25 13 30 19 82 57 59 37 81 24 77 79 71 63 35 100 37 54 52 70 60 87 40 42 52 38 36 54 86 54 73 51 80 74 92 60 29 15 63 58 87 100 63 0 50 0 83 72 48 85 20 24 23 34 42 85 8 48 38 47 51 96 39 71 55 0 94 29 75 47 2 51 48 12 75 35 6 86 58 3 97 68 14 100
1 39 9 61 17 73 96 50 7 2 49 29 20 46 31 6 16 47 45 58 0 49 54 84 83 39 64 16 17 24 69 77 56 99 12 85 92 31 17 4 97 7 82 14 27 88 9 44 90 21 3 34 52 60 24 13 75 74 99 1 79 60 71 3 36 43 66 41 52 98 72 2 80 35 85 65 33 4 52 3 11 78 72 64 9 92 62 79 16 18 82 100 76 80 15 78 42 18 21 5 58 25 82 53 61 1 51 47 31 65 91 59 58 23 19 66 70 33 0 77 35 88 54 25 92 99 44 20 14 51 50 0 11 92 23 49 98 38 70 75 98 56 85 10 7 49 51 1 57 55 74 96 35 15 70 2 17 25 40 4 69 90 84 87 70 36 94 32 16 64 9
56 50 11 93 61 44 64 34 29 63 99 83 0 10 17 83 22 36 15 4 58 44 36 66 93 67 42 34 67 46 10 63 83 59 19 18 97 73 89 32 2 22 95 83 1 26 62 54 82 44 96 28 14 12 97 1 71 13 13 15 10 27 49 56 79 63 90 90 67 19 25 57 70 36 12 99 19 98 44 44 63 39 76 64 55 44 75 56 85 50 96 83 59 41 80 65 91 22 4 25 98 40 62 8 57 44 81 56 63 90 55 65 6 14 63 75 76 79 74 64 59 67 79 29 85 77 30 3 6 39 0 11 0 70 93 89 88 4 34 55 27 88 97 64 96 74 20 51 41 26 85 99 40 71 71 9 44 8 86 61 22 64 63 17 80 91 61 49 76 89 12
34 44 15 83 16 19 74 96 93 67 60 12 80 97 60 75 41 2 77 73 68 56 84 99 95 32 28 81 42 34 24 69 59 64 21 55 71 89 68 9 23 10 16 67 30 81 76 87 6 48 85 91 65 61 56 34 37 87 83 74 83 95 27 22 25 69 16 20 66 9 4 29 16 60 22 78 74 88 65 28 94 29 58 75 76 38 64 57 9 84 42 22 94 98 44 47 28 97 98 58 93 85 42 16 63 51 79 29 43 60 8 34 12 59 26 52 47 55 63 93 18 54 80 20 26 37 54 24 0 72 83 92 70 0 67 29 48 30 38 64 28 79 63 64 83 2 73 99 56 98 65 98 73 40 53 48 74 1 47 8 90 62 18 90 45 44 41 22 89 44 1
99 9 41 28 52 23 99 94 17 96 37 22 97 67 13 16 72 7 51 0 82 85 71 30 50 86 59 90 73 11 11 21 79 62 40 58 50 93 76 64 71 89 64 53 49 36 42 78 85 22 69 17 64 5 78 93 97 66 90 27 56 10 50 17 68 19 44 54 5 27 7 66 66 47 65 40 1 36 72 78 31 26 73 55 26 20 75 88 95 89 66 9 34 57 77 82 62 97 64 75 32 42 100 92 14 65 31 38 21 17 11 9 96 40 37 30 42 73 57 88 3 40 58 59 57 5 64 93 31 94 72 23 93 67 0 18 75 98 40 27 56 69 70 35 56 39 34 10 7 89 52 88 74 20 98 32 48 97 9 38 65 23 4 61 14 57 89 46 81 7 44
95 8 35 36 54 22 32 35 59 68 26 42 11 74 5 51 13 66 33 31 39 78 42 96 36 16 66 38 72 75 17 17 3 66 15 6 91 66 64 87 92 62 98 15 82 4 70 18 48 26 58 89 65 61 33 75 92 7 1 15 12 49 84 69 5 13 34 33 85 84 83 76 48 5 76 50 92 70 52 77 68 18 36 23 5 76 75 89 32 63 0 19 72 0 84 77 61 51 45 17 78 49 98 72 63 92 51 52 3 20 6 49 54 63 97 89 34 90 35 82 57 30 15 12 78 19 6 2 92 85 48 49 89 29 18 0 68 80 50 94 99 86 100 26 34 40 86 44 23 60 90 63 88 35 49 42 16 21 66 1 83 34 94 61 76 41 30 23 93 7 11
47 38 31 42 67 22 57 75 30 69 90 56 41 26 20 100 33 80 98 40 18 97 6 66 22 21 27 21 71 71 98 75 42 11 78 70 46 94 53 7 22 49 76 69 32 96 5 88 44 21 65 29 63 30 1 26 38 80 41 52 38 100 37 21 20 89 53 71 41 19 50 85 48 86 39 61 35 63 35 43 16 46 88 61 94 42 84 1 98 69 89 81 53 63 98 79 3 31 69 27 100 35 60 15 16 87 23 72 55 22 23 59 92 98 7 99 22 17 43 86 55 96 18 62 40 91 37 92 90 86 85 98 88 48 75 68 0 27 74 91 3 20 36 59 78 55 90 83 18 98 10 71 42 16 67 61 77 76 26 20 90 95 44 53 57 22 3 69 75 52 59
36 10 4 24 14 58 73 51 81 68 92 41 2 26 72 94 14 36 59 89 13 28 91 81 73 3 1 74 58 22 54 50 1 55 97 80 24 85 14 96 32 69 61 46 23 74 47 50 92 44 62 41 2 93 32 26 49 26 38 64 71 66 57 7 90 72 17 0 74 82 14 9 34 41 42 44 62 33 25 83 41 50 4 17 99 14 100 31 89 39 82 97 86 8 28 69 83 94 15 94 65 43 91 80 88 62 95 6 14 36 1 41 39 86 88 38 53 2 51 34 60 6 41 52 10 25 41 85 7 72 20 38 4 30 98 80 27 0 35 82 56 62 73 33 81 61 46 26 48 74 21 31 85 24 32 97 90 93 33 35 88 55 62 2 62 31 63 4 77 25 58
26 22 32 92 61 70 91 1 74 85 18 1 81 71 89 8 42 33 87 62 74 16 31 19 74 75 50 87 26 47 13 43 68 32 47 90 58 50 82 91 98 22 70 69 20 59 12 4 57 50 55 91 94 44 79 36 44 59 78 0 60 26 87 45 14 27 5 62 75 6 84 29 33 3 35 16 48 32 43 46 97 78 92 47 84 33 8 13 4 3 32 32 31 84 3 99 57 47 75 91 80 33 97 41 17 58 11 83 24 69 43 35 24 77 41 10 15 22 30 31 69 30 11 72 30 41 35 8 40 64 24 70 34 38 40 50 74 35 0 5 92 52 38 30 37 59 20 85 99 74 84 96 41 70 59 92 22 11 69 47 37 73 30 71 32 27 98 24 34 0 17
91 66 72 80 34 70 71 82 6 74 84 28 51 83 79 21 26 46 74 32 60 14 7 97 13 90 34 64 85 29 15 75 70 47 80 37 29 69 20 47 85 81 49 70 71 62 75 89 24 92 87 43 33 26 17 64 68 44 92 79 58 75 8 82 3 87 66 75 82 64 67 71 96 81 93 15 87 64 19 65 90 46 50 61 74 27 16 65 30 66 72 97 54 16 87 23 65 63 11 19 13 76 30 24 34 45 53 55 31 26 42 80 26 53 2 44 82 6 60 6 45 38 27 85 36 33 39 20 25 97 23 75 55 64 27 94 91 82 5 0 77 8 17 54 94 19 58 27 61 10 67 37 26 41 60 36 77 28 74 19 93 27 67 4 51 17 66 64 38 56 59
66 70 96 81 7 8 51 57 89 97 78 43 3 90 56 58 1 33 45 42 43 86 61 38 15 93 38 99 73 69 36 80 50 34 34 87 98 60 33 57 40 80 49 7 78 97 58 26 8 51 20 27 84 63 64 7 36 36 48 90 68 18 31 84 61 5 43 26 1 49 9 53 53 38 59 13 53 48 2 65 62 73 85 48 1 69 87 34 72 55 45 85 36 91 41 66 1 68 33 28 39 97 18 96 53 87 100 96 87 62 52 46 32 7 94 88 50 68 17 19 87 43 51 84 35 76 99 30 57 26 34 98 27 28 56 99 3 56 92 77 0 2 61 3 71 7 41 67 17 95 72 0 24 70 80 93 0 16 79 77 97 8 75 100 80 28 75 43 13 72 35
6 61 93 96 85 51 15 57 53 29 83 39 40 2 65 21 85 83 25 50 100 21 9 94 45 23 64 3 10 59 29 8 50 55 53 98 44 78 62 17 43 15 31 95 82 32 37 81 3 44 52 89 59 77 31 81 61 4 65 59 79 8 66 76 50 82 47 53 15 69 82 32 24 38 21 34 15 12 100 19 51 42 51 56 62 72 59 82 96 98 7 93 87 78 88 80 38 26 77 85 31 11 51 39 68 89 52 27 15 28 79 62 44 98 100 80 74 92 77 2 94 9 5 42 37 66 7 57 33 82 42 56 88 79 69 86 20 62 52 8 2 0 6 49 84 23 19 16 63 34 7 91 94 37 53 87 26 76 100 100 53 97 38 45 5 61 55 97 8 5 15
69 56 77 26 72 93 91 28 88 41 47 15 45 98 63 7 46 54 81 9 9 17 50 45 45 45 96 32 46 98 44 84 16 60 0 37 69 5 94 47 8 80 36 65 26 55 69 24 74 56 87 78 33 32 18 71 80 38 13 87 16 72 76 45 48 93 42 8 31 25 47 67 73 96 98 8 48 20 41 3 49 47 25 83 39 88 1 78 19 48 45 77 24 98 62 99 95 28 61 72 83 30 46 84 1 18 4 69 18 79 6 11 100 96 69 70 32 72 5 84 47 32 2 87 63 5 89 39 71 29 85 85 97 63 70 100 36 73 38 17 61 6 0 7 54 41 40 96 78 20 99 67 33 39 97 67 91 35 80 67 34 8 76 8 39 69 35 97 40 86 13
27 10 72 6 2 97 100 52 94 77 74 99 8 76 88 22 25 55 86 16 10 7 56 15 37 13 4 22 9 2 95 34 68 21 78 56 72 87 7 8 86 94 69 48 36 33 1 73 29 40 50 55 72 16 63 93 77 9 99 24 79 49 25 84 20 82 64 97 37 0 82 76 67 54 99 70 94 21 31 9 19 75 0 26 92 13 98 3 93 36 99 42 54 63 86 76 39 78 5 27 66 32 31 85 94 50 36 22 45 90 58 11 86 34 8 21 48 39 42 96 66 97 67 11 89 6 15 39 29 86 8 10 64 64 35 26 59 33 30 54 3 49 7 0 95 51 57 22 27 42 33 20 55 13 99 30 37 7 36 46 50 20 51 81 44 45 95 10 25 94 88
66 72 4 84 76 77 85 84 98 53 21 69 59 72 42 35 35 16 27 30 66 30 57 6 54 0 91 19 99 53 57 22 43 70 38 30 18 37 58 71 3 93 0 88 46 36 54 77 49 66 15 10 79 49 0 66 85 50 16 0 58 28 48 0 38 86 65 33 65 87 67 93 34 11 14 50 52 5 40 60 41 7 27 33 4 93 49 40 14 56 55 99 85 40 88 73 22 66 95 1 27 22 62 4 35 28 68 12 75 72 90 86 33 53 76 49 58 88 36 55 20 11 25 66 82 14 64 5 97 21 48 7 96 83 56 34 78 81 37 94 71 84 54 95 0 67 73 58 78 32 76 97 21 73 97 94 64 11 90 45 64 12 78 88 47 79 68 55 12 13 64
7 44 99 28 53 74 25 73 83 46 35 29 5 47 40 82 70 60 61 79 88 39 0 98 79 8 46 37 49 72 43 62 64 98 87 84 10 40 6 66 24 80 16 46 40 38 90 82 71 17 17 47 43 37 62 54 50 97 81 91 15 89 16 73 31 10 25 2 85 22 86 80 50 74 19 46 7 77 36 54 29 19 68 8 92 0 96 12 100 39 0 39 27 13 41 73 11 40 2 94 77 28 55 76 14 25 77 53 43 3 21 62 1 8 88 83 26 59 59 6 90 50 25 26 48 98 96 58 61 82 38 49 74 2 39 40 55 61 59 19 7 23 41 51 67 0 48 98 59 64 49 98 70 47 68 32 56 94 58 96 70 12 70 51 88 71 21 79 5 35 20
95 32 44 53 41 31 43 11 92 50 47 82 67 65 1 98 10 35 89 99 49 72 92 15 46 70 98 38 76 27 38 36 77 80 30 30 20 16 76 55 32 58 88 52 83 98 41 92 52 39 54 88 19 83 69 56 8 88 88 7 87 96 23 95 75 64 53 35 27 10 32 35 32 13 83 15 84 52 91 7 35 26 10 40 89 91 98 13 12 32 82 91 97 51 12 81 51 50 82 45 90 77 33 2 32 27 62 48 52 29 70 56 40 96 49 64 26 26 89 1 11 76 19 90 36 12 11 3 18 6 47 51 20 73 34 86 90 46 20 58 41 19 40 57 73 48 0 75 36 45 58 87 46 37 77 61 99 5 54 58 9 63 73 53 45 29 50 84 89 39 63
61 44 80 50 70 52 60 5 70 36 73 83 83 39 25 86 96 36 7 47 49 93 10 37 80 100 55 94 25 37 93 32 15 5 38 36 7 5 16 67 32 43 25 94 21 13 99 55 96 19 61 52 0 72 15 70 19 53 66 19 89 10 76 96 1 17 43 26 67 95 59 48 64 47 26 54 45 36 3 76 57 32 76 64 71 49 30 84 56 66 44 91 50 79 5 14 61 84 24 70 32 91 36 3 2 92 37 63 78 25 23 35 39 61 10 57 52 71 72 57 21 26 95 61 81 69 22 73 59 88 51 1 51 99 10 44 83 26 85 27 67 16 96 22 58 98 75 0 79 51 22 56 90 68 100 94 45 32 47 5 39 7 83 20 9 16 56 61 88 39 7
17 22 42 6 12 23 83 69 80 19 78 75 23 41 97 13 52 21 25 2 85 70 97 76 32 47 7 62 58 100 80 82 59 7 4 78 2 99 8 17 96 2 34 29 99 27 99 54 64 24 56 8 21 71 75 45 39 78 56 79 67 82 94 9 95 100 1 20 35 21 51 58 28 34 92 58 7 39 27 91 30 40 37 47 30 87 81 28 39 76 58 70 23 23 15 28 14 84 83 3 42 28 13 14 10 93 54 73 60 6 49 60 88 40 29 92 90 16 66 69 73 50 94 86 91 70 95 85 48 26 96 57 41 56 7 23 18 48 99 61 17 63 78 27 78 59 36 79 0 77 59 50 4 89 54 35 65 10 47 22 8 16 87 80 38 45 21 56 77 33 89
95 3 17 11 86 80 18 98 100 47 84 59 49 58 69 96 2 84 0 56 69 31 61 31 59 82 36 24 43 86 7 36 3 73 80 99 20 81 0 32 52 43 20 91 5 37 99 0 74 40 16 50 90 87 45 39 5 9 51 27 47 32 94 11 43 86 25 11 38 26 3 81 51 62 51 51 80 86 19 96 46 27 93 92 29 97 57 12 73 38 45 5 13 51 25 50 93 7 13 35 94 56 59 62 0 19 77 12 7 80 23 88 28 73 68 30 55 46 99 84 81 92 47 17 26 16 33 49 62 90 39 55 26 98 89 60 98 74 74 10 95 34 20 42 32 64 45 51 77 0 35 50 58 26 42 54 40 63 17 81 20 35 20 26 65 75 34 90 17 58 30
92 37 19 78 29 63 87 1 97 35 14 53 83 76 15 35 35 80 76 75 0 61 71 61 12 23 11 38 70 63 26 24 29 90 75 28 6 75 90 67 72 27 49 42 81 23 89 87 71 22 82 16 20 3 17 69 71 45 33 27 85 79 71 80 83 64 4 8 67 53 61 5 59 15 23 43 49 29 36 28 76 26 35 14 68 34 60 17 20 11 96 16 87 94 36 14 5 47 52 11 25 88 89 52 13 81 46 18 77 15 82 33 87 15 16 100 77 49 77 11 38 1 48 34 88 75 98 49 86 54 71 74 85 65 52 90 10 21 84 67 72 7 99 33 76 49 58 22 59 35 0 93 13 29 98 6 67 99 40 23 43 55 64 3 2 77 69 29 48 53 13
11 77 15 93 30 37 33 12 38 58 84 30 39 66 59 65 51 26 33 99 59 43 69 82 61 93 87 99 71 49 57 80 54 24 92 20 25 69 91 100 63 7 73 42 92 39 10 2 19 17 15 33 92 74 52 24 34 35 84 59 11 82 89 96 27 76 62 77 2 69 43 47 88 93 16 75 90 12 4 90 72 91 68 3 18 86 48 83 92 16 17 48 85 31 32 90 90 91 65 78 71 39 0 89 73 62 43 67 74 30 45 73 32 25 17 20 6 83 25 49 49 98 99 73 66 32 22 98 22 41 55 96 99 98 88 63 71 31 96 37 0 91 67 20 97 98 87 56 50 50 93 0 42 14 30 21 53 47 35 60 32 48 20 31 96 70 79 78 23 79 29
50 39 38 92 96 1 67 57 66 13 13 14 55 92 28 27 99 92 94 48 57 86 97 6 96 68 0 96 89 96 90 34 35 44 34 55 16 97 43 60 93 48 81 28 20 95 51 39 5 32 89 86 28 35 51 12 33 0 71 75 87 81 23 30 25 98 89 56 33 88 41 8 86 53 34 90 38 52 51 45 39 57 11 28 33 17 41 91 91 68 5 1 54 100 14 93 17 27 6 51 24 3 4 98 13 22 8 35 33 60 78 40 91 30 8 13 72 93 92 96 53 99 97 71 76 52 82 91 82 55 0 35 40 73 74 88 42 85 41 26 24 94 33 55 21 70 46 90 4 58 13 42 0 98 85 53 71 68 19 64 81 90 33 88 22 88 85 9 33 68 43
22 76 1 91 53 38 82 32 52 0 68 99 35 76 83 89 3 52 68 75 81 89 23 47 54 86 41 16 72 52 72 11 9 21 85 86 30 42 73 37 14 43 52 52 11 41 4 1 19 19 89 34 47 56 73 83 12 45 35 86 56 66 93 31 22 66 26 50 85 2 67 1 97 59 25 61 67 68 25 29 97 91 96 1 6 45 27 30 69 88 27 41 20 51 62 50 88 27 73 75 94 73 21 19 52 64 76 13 16 66 86 59 71 9 75 77 87 52 42 87 34 80 72 62 4 14 33 43 76 24 94 15 71 40 20 35 16 24 70 41 70 37 39 13 73 47 37 68 89 26 29 14 98 0 90 36 49 17 18 28 7 80 42 13 2 5 33 86 93 26 4
55 15 37 7 15 81 85 87 10 85 99 5 59 25 34 0 58 11 39 31 88 86 0 41 89 36 46 11 21 77 64 80 92 8 99 38 14 9 42 11 15 20 20 38 49 0 66 86 88 96 88 24 31 58 89 68 67 37 59 89 93 34 30 71 96 36 48 62 81 72 34 3 74 83 13 56 52 6 38 15 35 73 48 43 3 1 4 8 54 19 75 6 48 79 33 31 38 62 13 35 46 81 54 18 72 79 43 5 1 42 58 12 76 37 28 52 33 10 68 5 8 63 23 19 87 38 65 64 19 40 29 70 71 53 98 49 67 32 59 60 80 53 97 99 97 68 77 100 54 42 98 30 85 90 0 36 14 7 41 63 25 82 84 46 69 93 2 99 97 93 27
47 35 69 17 88 43 44 98 43 83 82 79 98 90 12 16 26 95 42 37 91 60 75 40 74 3 33 99 79 59 24 84 5 0 43 53 27 15 85 5 23 40 73 39 94 31 88 59 90 30 2 62 43 13 78 12 55 53 13 82 84 45 55 2 89 7 74 9 49 83 8 84 11 69 29 94 55 73 77 28 76 15 99 54 76 22 63 75 49 67 29 56 64 2 26 37 16 94 66 5 19 55 86 59 4 91 29 2 54 80 16 21 93 17 23 26 72 54 57 17 55 94 62 7 24 38 9 66 32 39 75 2 9 48 32 42 61 97 92 36 93 87 67 30 94 32 61 94 35 54 6 21 53 36 36 0 78 50 90 59 90 76 4 93 9 92 56 93 85 1 68
39 19 25 12 65 36 79 84 56 55 65 52 36 33 47 75 13 30 54 74 52 4 16 2 90 83 97 4 67 21 17 98 61 20 18 39 53 28 97 34 9 75 100 2 16 54 44 80 70 72 70 3 86 31 17 59 87 26 77 67 56 76 76 11 74 67 79 54 6 28 56 90 36 11 6 39 79 16 81 36 12 24 4 21 52 56 94 22 68 13 88 55 30 17 100 58 59 41 11 7 55 53 99 76 1 62 47 61 51 2 61 87 51 71 57 55 43 98 1 50 45 88 27 7 40 9 62 10 86 75 47 17 44 74 48 16 77 90 22 77 0 26 91 37 64 56 99 45 65 40 67 53 71 49 14 78 0 64 70 78 31 2 49 1 27 16 76 75 41 63 59
91 18 21 27 47 43 28 51 67 49 28 36 70 34 82 72 21 77 58 46 43 9 48 39 41 75 5 68 11 34 6 10 13 42 41 89 83 86 45 87 6 77 82 87 40 55 43 62 67 88 80 45 35 81 88 15 71 47 70 67 97 45 56 41 32 46 78 48 74 67 80 29 68 91 2 49 48 44 8 19 93 80 8 85 41 85 21 47 92 24 8 10 18 57 46 100 5 66 61 76 12 1 48 54 36 8 48 75 82 75 3 95 100 56 64 22 19 83 43 18 17 35 74 100 3 16 54 7 37 24 2 25 8 1 97 21 76 93 11 28 16 76 35 7 11 94 5 32 10 63 99 47 68 17 7 50 64 0 29 100 40 57 67 80 72 89 78 40 11 97 64
26 6 54 71 98 79 11 95 95 66 22 45 21 69 91 37 94 29 75 66 86 23 31 18 11 50 49 8 20 50 51 79 73 85 58 36 77 25 17 11 95 73 14 9 72 60 3 57 64 55 48 75 1 37 47 21 23 44 79 30 29 58 51 25 65 92 86 21 18 48 38 87 14 23 12 60 15 41 96 69 46 11 33 57 73 81 10 51 86 36 22 56 61 83 25 60 73 70 2 8 85 9 60 23 78 20 30 15 74 27 54 7 18 4 22 76 20 94 30 6 92 26 48 44 69 66 99 58 71 97 51 40 86 47 9 66 26 33 69 74 79 100 80 36 90 58 54 47 47 17 40 35 19 18 41 90 70 29 0 92 70 91 86 76 93 84 87 10 83 44 78
30 87 86 82 89 23 16 9 64 4 10 15 17 92 72 4 3 62 3 67 3 88 99 90 85 76 58 69 95 9 49 1 51 30 12 79 40 5 13 17 44 13 24 80 32 100 83 47 37 82 95 55 51 16 0 90 13 57 4 39 29 27 4 83 35 53 43 48 42 54 54 93 63 22 15 66 92 60 17 26 0 93 70 98 61 76 16 76 40 34 92 84 15 83 12 72 47 76 85 66 90 84 56 65 59 83 88 84 5 4 77 41 10 27 89 42 82 45 76 10 29 49 44 90 14 34 85 57 61 5 48 4 61 8 38 1 20 35 47 19 77 100 67 46 45 96 58 5 22 81 23 60 64 28 63 59 78 100 92 0 4 40 95 68 99 62 56 10 11 62 9
68 71 32 63 68 100 48 97 7 48 70 33 56 92 59 52 45 11 28 10 61 41 59 83 85 87 90 35 1 23 31 4 24 93 25 4 5 3 91 16 73 18 16 30 86 96 19 73 43 1 95 34 41 97 66 17 53 25 66 66 30 82 82 89 54 61 92 76 23 88 100 54 55 6 50 89 100 4 85 45 26 57 97 97 42 76 15 99 96 41 61 56 61 27 11 62 59 41 21 40 95 66 45 95 49 28 62 91 59 32 94 30 37 68 23 34 3 56 6 60 16 10 54 49 43 81 67 6 65 30 12 69 22 90 65 83 90 88 37 93 97 53 34 50 64 70 9 39 8 20 43 32 81 7 25 90 31 40 70 4 0 6 32 68 3 32 14 36 46 50 34
7 36 0 51 97 69 63 28 94 46 16 15 28 50 25 92 28 41 20 94 20 5 15 8 8 19 25 91 97 32 41 59 24 34 26 17 18 55 71 9 3 0 36 28 26 3 42 68 12 47 92 54 53 66 54 5 80 70 91 75 48 49 25 16 45 75 1 12 100 24 49 39 41 32 8 35 59 98 40 98 89 13 14 3 35 77 60 85 20 46 44 27 21 62 77 85 5 90 60 80 20 36 17 27 33 57 78 32 94 4 38 92 9 61 36 61 83 59 22 50 30 95 86 7 86 57 41 89 86 80 75 90 64 62 23 34 95 55 73 27 8 97 8 20 12 12 63 7 16 35 55 48 90 80 82 76 2 57 91 40 6 0 0 13 14 96 42 49 91 55 53
2 66 10 98 6 63 44 91 11 44 34 95 4 34 76 39 61 77 29 70 20 68 33 29 43 52 79 92 24 97 20 68 27 11 49 39 43 0 91 76 11 27 83 65 5 18 30 75 52 17 84 17 65 48 70 76 42 95 95 100 61 95 51 19 82 84 73 3 3 30 65 74 52 50 15 52 97 10 32 100 23 99 1 20 96 53 6 20 71 97 34 98 92 26 63 31 25 32 62 96 52 63 6 9 39 10 86 53 58 13 42 69 49 29 33 18 97 37 54 94 89 28 32 35 67 19 6 94 20 32 35 84 63 18 4 94 44 62 30 67 75 38 76 51 78 70 73 83 87 20 64 20 33 42 84 4 49 67 86 95 32 0 0 41 46 53 80 96 88 35 66
28 76 0 1 57 7 8 14 25 40 22 12 64 88 88 25 100 54 47 60 28 67 34 10 41 32 75 22 34 79 58 18 18 33 55 8 26 43 52 52 96 99 24 76 44 68 85 34 40 4 86 63 2 56 82 10 41 85 57 48 57 59 45 4 14 80 8 4 39 67 16 26 3 83 80 86 9 82 73 50 22 41 48 65 12 13 87 82 14 90 74 73 83 91 22 98 89 16 55 28 74 42 9 87 25 88 18 42 42 56 43 14 38 87 85 95 67 96 49 24 84 32 97 83 96 30 21 51 81 65 6 87 17 90 61 61 53 2 71 4 100 45 8 81 88 51 53 20 80 26 3 31 88 13 46 93 1 80 76 68 68 13 41 0 29 96 92 77 80 14 0
56 67 80 90 21 88 30 88 0 33 11 83 63 51 24 15 77 91 16 45 68 54 24 56 2 67 56 94 26 25 32 29 17 95 51 77 69 77 48 1 21 17 84 69 49 41 88 88 51 86 93 42 83 7 78 9 73 55 7 40 58 11 62 90 34 70 65 94 8 83 63 48 6 61 16 37 28 78 95 82 16 63 16 13 98 82 67 21 44 35 27 96 30 62 49 29 47 2 7 72 13 3 42 73 84 72 2 39 46 91 34 32 12 36 14 59 0 64 93 98 7 43 32 51 37 33 35 98 72 79 86 70 80 45 14 76 57 62 32 51 80 5 39 44 47 88 45 9 38 65 2 96 22 2 69 9 27 72 93 99 3 14 46 29 0 24 55 41 39 72 67
72 89 63 7 32 7 2 60 1 100 12 71 85 41 59 21 2 93 52 98 73 14 70 41 92 30 43 46 47 59 18 5 13 42 70 54 88 61 59 29 32 17 74 14 34 83 60 17 69 68 10 26 52 56 25 22 94 67 33 19 65 88 95 59 86 32 74 60 40 31 68 86 27 63 21 31 10 46 39 6 92 6 50 95 18 85 67 67 99 25 5 4 48 45 29 79 65 56 100 79 25 89 64 11 2 100 61 4 56 65 12 25 13 71 26 79 56 40 31 83 88 41 80 16 2 96 33 5 26 66 58 36 91 44 57 41 22 31 27 17 28 61 69 45 79 71 29 16 45 75 77 70 88 5 93 92 16 89 84 62 32 96 53 96 24 0 56 84 40 25 19
48 63 14 95 9 84 47 23 49 48 20 67 69 89 44 81 92 26 69 69 49 70 63 98 53 2 19 43 90 82 64 39 94 39 36 99 92 7 3 93 87 23 16 60 12 76 14 28 6 8 51 57 42 44 7 45 11 0 22 86 21 50 79 53 15 39 33 96 8 1 17 41 39 38 29 80 27 63 92 95 3 93 46 94 67 85 83 88 69 42 0 73 30 25 81 17 67 74 88 59 5 46 45 22 28 36 64 41 79 1 64 37 24 84 51 10 64 35 47 16 95 20 45 23 25 79 27 33 35 19 3 94 61 41 89 30 3 63 98 66 75 55 35 95 68 21 50 56 21 34 69 79 85 33 2 56 76 78 87 56 14 42 80 92 55 56 0 40 66 65 11
24 55 41 33 31 29 32 92 78 15 72 39 98 25 31 91 43 90 46 48 19 7 4 93 8 81 1 41 36 57 26 5 71 39 60 15 5 88 98 53 33 38 70 2 70 42 100 89 62 46 29 1 12 24 13 83 9 78 79 67 95 49 1 48 65 18 46 43 43 61 22 72 68 66 21 95 2 33 14 52 6 55 43 78 48 7 33 30 19 7 60 20 61 99 90 81 16 53 50 44 85 18 87 95 97 38 17 58 6 60 87 94 38 73 0 12 15 30 7 55 99 17 44 49 36 95 22 42 95 63 97 32 49 22 46 23 69 4 24 64 43 97 97 10 55 79 84 61 56 90 29 78 9 86 99 93 75 40 10 10 36 49 96 77 41 84 40 0 43 57 75
91 53 69 30 94 16 58 95 77 37 74 53 97 48 8 53 24 38 54 55 6 86 58 39 47 47 12 31 14 24 84 99 25 2 18 94 31 23 55 33 85 77 54 97 54 11 53 9 10 40 28 74 61 36 87 22 89 38 43 71 8 88 55 57 84 62 59 51 73 87 46 84 83 63 16 78 23 18 54 94 87 26 75 42 40 98 43 47 14 58 27 58 73 43 81 71 100 100 55 90 30 13 18 18 0 87 44 87 64 78 32 27 95 68 24 2 1 51 88 58 66 98 48 66 59 87 0 94 5 19 68 16 76 89 81 93 75 77 34 38 13 8 40 25 12 5 89 88 77 17 48 23 33 93 97 85 41 11 83 11 46 91 88 80 39 40 66 43 0 99 5
6 73 92 38 20 73 78 8 61 35 70 82 79 41 82 36 70 24 2 35 40 52 50 23 6 71 60 34 69 24 76 80 59 94 66 82 49 37 14 56 21 19 8 54 57 80 19 76 94 40 93 61 100 92 27 3 62 87 32 57 14 22 13 26 37 15 50 34 4 75 69 32 28 16 26 59 63 95 80 36 10 85 59 39 33 72 41 15 75 49 6 37 12 41 77 14 47 72 68 0 28 3 76 64 93 90 29 41 36 47 40 5 27 100 50 58 99 0 18 50 73 72 44 36 9 79 75 75 48 15 14 64 89 44 7 7 52 25 0 56 72 5 86 94 13 35 39 39 33 58 53 79 68 26 93 1 63 97 44 62 50 55 35 14 72 25 65 57 99 0 44
4 23 28 94 22 81 82 85 92 42 18 77 61 90 23 8 82 16 20 88 20 99 95 64 23 43 61 43 52 66 95 29 53 54 32 59 63 94 22 10 73 73 34 30 69 34 68 44 10 29 30 92 35 60 86 19 9 100 81 25 30 58 26 97 39 4 80 24 87 82 82 34 44 23 27 15 93 39 32 80 52 21 30 50 33 91 5 88 100 81 36 45 38 73 51 37 49 78 45 3 52 16 46 73 55 79 26 51 79 63 32 5 70 87 93 74 12 46 85 62 69 39 24 49 6 55 85 51 20 44 100 9 12 1 44 11 59 58 17 59 35 15 13 88 64 20 63 7 89 30 13 29 43 4 27 68 59 64 78 9 34 53 66 0 67 19 11 75 5 44 0
