175 9
98 72 80 49 49 45 40 61 5 65 28 17 71 77 41 61 56 51 67 42 71 18 89 42 33 5 91 70 16 14 21 18 71 89 27 35 47 49 66 37 41 64 77 60 64 91 99 11 7 44 36 49 15 25 50 74 52 67 18 11 95 95 46 51 52 43 48 80 71 89 95 27 50 72 25 74 82 97 55 46 41 31 39 9 20 35 10 2 60 35 43 86 57 9 100 100 20 94 63 15 88 62 92 68 25 11 38 27 1 76 41 5 45 34 90 68 100 15 43 70 14 22 92 69 82 53 95 18 92 81 28 19 79 40 76 6 31 63 25 0 79 64 88 42 79 23 38 37 25 95 87 5 59 61 72 59 25 49 27 28 57 12 23 25 99 58 61 76 11 29 24 24 73 57 3
0 41 16 49 76 0 29 37 8 75 20 57 70 93 6 8 86 79 53 28 32 7 64 57 73 64 90 60 49 37 20 37 95 87 11 72 92 81 96 48 67 97 75 0 17 89 85 16 63 63 18 35 81 59 88 11 52 25 58 37 16 22 5 98 22 31 12 19 63 58 16 34 95 76 34 39 50 24 3 94 2 73 15 23 76 63 68 82 83 39 97 12 20 8 84 85 1 27 77 84 33 92 9 50 52 49 71 40 93 62 96 52 82 36 79 43 48 21 81 42 78 8 64 60 58 40 28 32 88 86 60 87 29 67 100 80 1 77 57 73 73 76 31 90 46 87 58 33 71 2 97 94 25 44 7 47 94 5 11 66 30 12 73 25 9 51 55 55 22 89 90 35 20 2 48 71
41 0 80 31 53 8 63 80 16 31 61 21 39 73 77 9 96 68 55 12 6 21 60 24 0 39 52 46 46 95 100 92 66 94 42 58 30 66 57 28 42 5 38 70 22 67 73 78 68 52 94 21 78 4 16 32 18 63 83 69 51 94 35 75 13 34 76 8 99 48 54 75 39 24 7 88 0 22 10 44 4 84 87 24 54 23 43 53 67 93 34 54 8 92 81 50 57 89 5 59 3 84 52 94 10 58 3 28 18 55 33 69 82 78 24 86 33 44 97 33 57 8 30 55 3 23 30 4 3 62 85 89 58 64 34 13 66 45 98 62 72 96 94 3 42 77 34 18 88 34 35 17 41 91 30 42 48 50 4 84 22 75 72 37 3 93 45 81 83 97 42 57 2 45 60 65
16 80 0 83 75 67 6 55 38 36 46 34 36 20 2 90 21 2 19 26 43 80 6 7 8 87 21 82 86 91 32 16 84 98 53 98 95 25 44 53 89 5 34 26 54 14 32 57 58 54 36 26 18 66 32 71 59 24 91 64 31 1 57 3 89 27 32 54 57 11 56 23 76 34 26 71 1 37 84 78 90 5 68 11 92 32 90 76 83 62 20 19 59 11 12 96 58 11 21 9 99 58 62 28 44 52 96 46 41 10 36 33 78 89 75 68 10 56 73 85 58 9 24 77 94 33 64 48 4 14 66 95 66 100 60 82 28 65 9 44 76 44 76 68 40 69 6 21 61 90 91 80 30 53 81 70 12 69 82 38 24 25 77 81 50 34 51 86 58 20 81 12 30 30 92 29
49 31 83 0 12 89 27 73 55 66 61 85 55 96 40 37 44 93 44 33 69 25 76 56 9 19 99 38 79 67 37 42 40 37 41 58 37 94 39 95 71 92 12 2 23 29 19 39 22 93 1 29 71 20 81 35 37 3 99 56 41 75 63 14 12 83 24 91 29 92 88 76 3 59 34 100 78 53 19 58 16 27 80 55 84 64 38 42 84 2 63 63 51 95 75 55 77 93 27 20 66 89 57 92 86 80 15 86 39 16 77 36 3 37 87 19 44 13 51 63 38 45 97 38 81 57 26 7 11 24 19 9 11 76 54 63 61 22 13 5 22 72 89 47 11 46 74 32 64 9 52 41 98 63 44 57 22 24 3 16 99 85 51 60 44 84 86 1 25 24 7 84 69 15 10 28
76 53 75 12 0 3 91 73 93 72 58 98 79 22 17 90 73 7 47 50 14 78 80 90 3 51 75 49 6 53 30 100 2 31 88 98 29 93 45 79 37 24 71 87 97 54 24 69 73 66 64 33 52 15 26 32 3 62 34 93 56 1 10 36 98 44 54 90 14 77 72 44 20 87 33 65 77 81 0 89 7 67 21 55 95 91 44 55 17 77 99 13 45 4 67 65 8 71 48 67 67 10 91 10 51 94 60 12 76 70 16 34 55 68 33 91 32 74 18 52 70 39 66 100 59 35 21 89 30 78 24 63 13 14 32 25 0 34 2 57 10 73 63 77 26 32 17 92 82 58 0 100 85 25 55 68 10 24 50 40 36 84 9 28 53 99 11 41 36 6 39 9 10 58 40 26
0 8 67 89 3 0 51 22 38 42 82 87 68 7 98 32 51 79 16 50 74 51 88 65 74 13 4 95 12 25 16 19 13 13 49 20 52 53 97 38 34 97 5 46 43 76 9 6 24 7 78 0 28 48 61 83 54 2 37 19 25 6 16 100 49 7 32 69 26 30 79 75 55 12 32 27 83 56 91 24 6 26 20 58 81 29 62 59 51 26 77 32 62 92 74 34 78 72 1 84 12 10 12 39 74 88 89 21 51 72 95 13 82 75 21 80 96 23 57 35 33 14 45 95 91 3 47 25 19 70 78 75 38 75 74 53 37 39 47 26 70 27 65 79 39 26 94 55 86 59 67 79 44 86 48 10 93 78 10 21 46 82 36 63 73 94 81 92 49 27 25 21 84 88 25 47
29 63 6 27 91 51 0 38 82 2 78 80 99 11 99 11 24 18 41 88 24 29 30 2 42 54 19 0 71 77 94 96 42 24 19 70 22 17 14 26 65 13 27 61 51 14 5 81 71 68 52 47 33 47 1 29 24 100 25 92 72 49 96 68 30 71 84 98 10 60 23 25 92 43 79 7 62 94 78 98 26 45 52 57 18 41 14 99 29 95 14 42 35 66 61 60 33 18 40 32 74 94 65 60 23 55 42 92 19 90 74 98 92 40 75 81 8 51 11 65 52 42 46 89 21 57 57 47 47 16 26 28 30 21 16 65 10 89 20 86 91 25 69 59 71 21 13 34 14 82 1 55 76 26 0 87 34 45 82 63 96 32 77 18 19 28 64 12 79 45 49 64 58 66 77 23
37 80 55 73 73 22 38 0 93 76 15 29 71 65 6 51 66 91 80 63 78 68 7 8 24 49 10 9 68 74 80 43 0 47 94 82 41 8 50 32 59 50 97 91 75 44 68 87 34 48 34 56 54 55 45 94 79 53 98 2 91 5 66 26 21 15 42 28 13 14 35 53 60 26 66 88 40 75 42 58 18 49 3 14 69 57 46 23 55 21 20 50 69 63 30 85 80 73 50 95 33 68 65 48 29 71 99 43 95 12 55 36 31 74 2 63 79 13 9 55 3 20 85 26 81 44 35 95 35 64 14 19 19 22 79 66 46 86 5 30 76 5 31 16 20 70 91 62 22 16 40 77 69 27 92 31 37 93 7 93 49 11 89 50 32 53 49 53 32 100 46 12 92 36 48 43
8 16 38 55 93 38 82 93 0 72 73 58 20 90 40 52 77 98 17 23 97 8 73 85 10 56 48 81 68 8 48 27 9 21 13 23 45 44 42 97 9 32 45 63 64 45 34 50 38 79 46 17 81 78 98 58 18 18 22 29 41 74 28 33 28 54 47 86 0 68 12 14 52 74 39 41 99 79 65 13 79 42 8 32 68 22 24 37 4 57 5 61 40 25 21 97 86 95 19 0 69 76 12 88 96 93 94 64 14 17 75 34 5 70 62 7 4 32 90 19 84 12 65 33 4 70 91 46 84 60 78 90 66 69 45 34 26 1 77 56 30 65 8 59 1 13 86 25 14 48 46 87 72 96 98 99 2 94 89 96 79 9 24 78 96 23 97 87 44 42 47 81 40 68 63 77
75 31 36 66 72 42 2 76 72 0 95 89 79 9 46 63 100 95 23 87 22 19 24 36 100 35 2 68 9 99 47 53 96 72 19 18 31 28 56 7 32 21 50 49 78 35 39 30 53 89 29 68 100 69 26 4 20 76 66 52 35 57 98 98 8 3 77 14 100 91 25 29 27 44 33 47 14 62 33 52 10 74 34 21 85 7 78 6 93 91 43 100 13 47 13 92 84 96 24 37 52 3 6 62 21 6 69 97 99 45 78 84 99 88 83 35 72 24 37 7 8 73 80 78 77 75 12 65 75 41 6 2 50 36 95 2 48 16 70 50 97 64 83 6 34 68 64 10 19 9 56 93 48 26 71 72 67 79 56 16 51 28 64 71 64 22 81 67 71 86 77 68 82 33 75 85
20 61 46 61 58 82 78 15 73 95 0 78 0 6 1 19 1 72 31 66 20 86 38 23 30 50 29 54 5 87 85 9 24 93 65 64 18 73 63 22 15 45 7 80 61 58 22 49 10 17 29 19 52 97 90 7 34 76 36 79 2 26 94 27 43 67 4 3 19 3 76 35 87 0 91 33 32 58 93 61 73 32 33 98 56 81 90 18 60 34 6 74 100 10 74 30 96 25 2 15 26 37 100 79 26 73 17 52 8 54 97 46 10 90 67 41 93 89 90 17 69 84 54 71 44 26 81 60 29 38 1 76 13 91 21 67 92 41 72 23 52 39 8 51 37 53 23 27 92 71 92 50 80 53 59 1 32 73 26 73 96 43 24 82 52 27 80 0 98 9 5 49 100 57 75 24
57 21 34 85 98 87 80 29 58 89 78 0 73 71 42 37 49 5 2 46 3 81 46 15 52 5 37 55 37 38 45 36 75 12 13 8 60 12 92 36 36 73 53 60 77 7 20 32 9 71 29 94 1 87 35 0 84 65 96 19 96 62 12 59 95 43 50 74 98 67 18 59 49 15 66 95 61 56 16 36 86 49 75 100 60 93 6 40 76 39 10 72 59 4 98 59 38 86 62 86 59 52 5 4 98 5 76 60 57 18 75 38 88 39 96 78 100 4 94 48 18 56 41 28 0 0 86 10 51 81 96 71 79 57 9 63 33 73 81 20 30 38 97 13 43 92 17 79 42 30 70 43 30 98 10 74 10 60 64 80 12 9 50 43 60 43 93 57 79 75 47 91 39 80 67 99
70 39 36 55 79 68 99 71 20 79 0 73 0 100 94 31 90 28 36 20 4 78 61 9 98 74 9 88 0 11 30 88 20 51 52 16 20 4 97 93 56 88 85 86 75 100 80 15 70 46 18 9 98 81 29 25 61 32 62 36 0 27 67 20 34 19 26 39 4 74 61 84 99 24 65 31 91 71 33 95 99 80 0 58 20 66 14 31 21 53 25 4 81 99 70 96 77 60 93 18 46 90 54 3 97 5 22 5 19 4 86 68 15 90 60 63 55 34 16 82 70 1 63 83 69 38 65 79 84 17 91 62 18 99 51 15 74 98 76 23 35 61 32 65 61 59 31 96 13 85 73 99 7 46 33 86 72 69 83 57 20 73 20 59 33 83 97 16 5 58 30 45 98 81 27 74
93 73 20 96 22 7 11 65 90 9 6 71 100 0 16 71 46 36 18 60 20 28 66 79 21 47 100 44 95 74 43 86 91 70 50 32 93 94 22 19 99 40 40 52 39 4 74 89 48 88 39 65 37 76 47 51 45 17 46 34 88 87 63 41 96 47 38 86 5 97 48 78 82 97 18 29 25 92 83 72 13 99 14 86 84 37 23 38 60 57 64 70 77 53 96 25 3 60 52 57 26 54 27 61 37 89 60 74 54 95 71 17 90 76 92 10 8 35 90 71 96 27 87 33 43 83 66 12 28 29 32 61 32 71 52 72 3 62 28 9 15 31 61 5 55 93 2 99 31 7 91 90 33 82 97 27 62 51 0 34 20 61 98 50 23 7 30 12 49 22 98 10 53 24 58 1
6 77 2 40 17 98 99 6 40 46 1 42 94 16 0 53 80 91 68 67 65 30 32 68 95 94 86 3 3 49 47 98 46 28 0 29 31 9 42 17 64 32 92 83 62 17 64 16 87 1 34 48 45 44 29 15 25 57 99 74 34 68 24 5 45 38 68 61 9 69 83 83 46 25 43 1 53 65 74 27 45 68 67 3 68 83 45 78 62 79 72 89 98 1 87 63 35 40 57 93 79 9 30 66 35 20 64 59 32 98 14 76 49 56 87 20 60 93 53 86 52 100 66 20 2 31 46 35 90 63 13 80 84 40 77 51 47 1 1 94 7 79 67 49 96 96 15 14 47 34 19 25 44 72 66 64 74 84 62 76 41 94 8 75 45 79 5 69 63 21 3 63 11 32 5 53
8 9 90 37 90 32 11 51 52 63 19 37 31 71 53 0 30 67 46 25 57 38 53 56 28 65 38 72 12 51 20 74 79 51 89 21 26 71 25 40 49 24 84 65 4 52 8 25 61 17 42 33 65 30 87 89 97 31 33 26 32 76 95 39 52 81 94 84 78 30 10 91 39 57 70 34 52 94 25 10 5 63 82 41 58 18 20 37 38 5 19 58 29 13 25 19 30 74 28 73 64 99 68 54 100 2 0 48 79 99 75 49 25 35 75 32 50 100 83 93 3 32 78 61 7 5 14 38 81 48 79 100 99 59 65 27 33 25 24 31 38 73 89 1 25 8 3 80 65 4 2 17 37 67 95 29 14 86 1 22 11 17 40 60 39 100 47 21 46 66 37 26 10 86 55 84
86 96 21 44 73 51 24 66 77 100 1 49 90 46 80 30 0 7 49 94 57 98 49 55 37 66 56 83 76 44 0 91 64 49 58 21 60 30 41 48 43 84 72 92 95 46 62 54 22 69 58 77 31 79 34 27 92 32 13 57 80 38 93 84 94 79 56 94 56 99 29 65 94 5 1 23 58 84 44 87 19 13 38 77 45 17 56 66 37 58 59 77 1 77 81 82 28 96 87 62 17 68 71 58 15 86 35 26 48 42 78 82 30 67 70 12 60 81 59 86 70 41 35 23 20 20 87 30 64 46 64 12 34 61 84 55 90 61 13 53 49 96 48 84 84 71 37 40 86 42 11 57 96 6 3 58 72 53 5 44 8 78 61 1 78 45 70 60 23 58 35 66 30 95 22 57
79 68 2 93 7 79 18 91 98 95 72 5 28 36 91 67 7 0 27 26 14 1 28 60 53 75 29 38 69 34 23 37 25 44 26 92 55 35 85 91 73 80 14 83 61 23 0 90 88 34 11 23 92 55 43 31 6 55 79 87 12 13 6 58 23 89 86 68 21 91 1 45 85 88 56 72 28 20 62 98 50 35 0 7 86 17 16 10 10 59 99 56 26 34 98 14 20 80 92 94 4 7 32 68 54 59 89 14 66 25 33 25 36 8 29 93 75 60 93 99 81 48 62 79 61 13 80 7 2 9 79 81 0 69 83 60 31 56 38 93 57 43 29 69 66 95 97 77 0 69 70 12 71 20 85 4 59 51 41 80 78 42 50 89 39 34 79 70 89 96 67 65 27 56 66 79
53 55 19 44 47 16 41 80 17 23 31 2 36 18 68 46 49 27 0 23 24 26 62 66 16 14 27 47 77 76 66 66 65 93 49 7 54 84 38 27 93 67 86 54 95 17 68 58 21 65 39 42 26 63 62 0 80 20 86 93 53 60 89 62 55 74 88 33 59 66 62 92 61 30 88 3 70 70 2 6 60 96 15 57 64 82 15 58 81 19 62 65 77 34 55 29 30 4 36 100 9 15 65 41 86 20 58 63 31 44 47 56 8 15 26 80 77 17 54 94 20 16 15 94 98 28 61 24 29 35 93 32 4 7 5 57 0 90 5 68 47 75 93 9 32 65 92 56 51 93 42 11 79 81 7 94 74 93 7 54 75 80 61 54 84 94 58 43 47 11 1 66 63 4 96 71
28 12 26 33 50 50 88 63 23 87 66 46 20 60 67 25 94 26 23 0 80 20 86 50 98 23 79 100 5 52 66 72 94 64 92 83 54 70 6 60 14 17 79 11 64 6 18 92 83 36 48 98 65 6 47 99 23 18 21 3 47 78 90 70 78 43 2 71 89 30 67 4 50 0 45 7 93 10 37 26 27 2 51 24 73 37 48 42 46 16 75 40 43 6 66 59 6 14 17 61 19 62 79 21 29 20 53 62 60 46 46 45 6 42 69 54 71 59 78 92 10 10 89 20 67 61 74 31 96 22 43 5 12 30 94 18 13 83 86 8 64 77 67 58 41 83 62 76 11 45 23 28 70 100 31 19 69 21 76 20 28 54 76 79 35 100 19 78 33 5 21 16 64 66 51 49
32 6 43 69 14 74 24 78 97 22 20 3 4 20 65 57 57 14 24 80 0 88 69 98 95 56 86 68 46 83 8 88 98 16 61 38 76 83 54 15 43 91 97 98 10 8 32 47 39 32 68 0 9 71 56 34 67 80 94 97 22 25 96 84 47 46 65 28 57 56 47 16 58 72 91 63 66 85 52 11 21 1 69 28 85 32 16 18 14 73 44 8 38 43 61 29 33 39 4 52 40 25 97 30 61 68 78 58 42 25 8 14 70 29 10 76 39 43 14 56 41 36 21 87 82 90 62 54 82 12 62 78 58 78 32 79 49 5 9 30 23 27 39 82 56 22 74 82 68 57 63 79 32 63 94 11 0 96 55 69 91 32 23 44 46 9 50 12 39 9 67 6 91 31 29 2
7 21 80 25 78 51 29 68 8 19 86 81 78 28 30 38 98 1 26 20 88 0 94 89 48 63 78 97 0 28 51 45 13 100 100 1 77 54 67 7 20 7 22 79 95 74 27 39 90 56 72 46 19 31 12 13 26 26 8 1 46 3 19 27 84 18 58 90 60 3 85 19 98 73 32 11 51 39 29 80 5 82 74 4 27 91 0 32 54 44 17 23 28 42 48 93 32 28 55 59 39 38 91 43 32 86 58 0 76 9 71 45 0 36 5 67 10 78 45 72 48 19 28 94 72 24 33 9 90 60 69 16 21 48 48 20 3 67 90 90 61 88 44 97 29 68 84 29 37 58 61 20 87 13 19 32 25 41 89 41 20 19 53 7 11 49 85 72 30 49 42 81 34 18 79 10
64 60 6 76 80 88 30 7 73 24 38 46 61 66 32 53 49 28 62 86 69 94 0 11 84 48 60 29 36 85 23 1 75 3 43 46 26 35 54 64 18 51 77 73 45 82 11 49 98 34 10 5 71 62 52 30 91 28 31 31 27 5 23 62 80 23 1 11 43 80 11 63 100 26 9 90 69 41 87 28 53 92 44 90 38 11 88 70 34 91 98 85 94 29 7 12 89 57 42 7 69 93 63 93 99 38 17 72 92 54 31 2 58 40 68 21 94 41 45 16 27 89 60 43 3 24 96 13 23 53 9 40 51 88 84 90 45 6 17 22 60 24 6 24 85 34 6 30 49 65 62 43 1 47 24 83 35 61 35 22 38 55 66 59 18 67 71 4 85 31 4 35 77 84 94 91
57 24 7 56 90 65 2 8 85 36 23 15 9 79 68 56 55 60 66 50 98 89 11 0 41 81 73 52 16 61 6 36 15 23 34 35 23 39 25 88 43 60 54 90 37 80 52 83 53 8 24 14 71 45 63 39 53 31 86 50 15 65 7 98 73 95 58 95 15 93 21 8 73 13 15 72 18 66 2 65 43 14 44 31 8 21 45 12 56 75 40 67 74 28 21 12 60 82 59 22 7 76 73 45 69 5 26 73 41 49 80 86 57 60 47 33 23 68 89 92 84 17 51 33 45 22 10 76 53 19 41 75 99 96 23 48 34 42 99 15 7 100 72 86 40 100 88 98 41 78 69 45 65 66 43 38 54 73 36 23 40 94 62 82 76 26 6 94 65 22 96 43 97 35 50 11
73 0 8 9 3 74 42 24 10 100 30 52 98 21 95 28 37 53 16 98 95 48 84 41 0 43 12 65 74 8 38 74 0 70 55 12 20 34 46 100 68 53 68 91 86 56 10 64 24 62 79 71 39 50 97 91 44 59 44 10 81 7 1 33 3 19 80 68 34 27 37 89 12 78 77 58 41 33 4 38 73 34 71 97 75 78 2 74 86 71 88 12 81 98 3 85 50 52 85 36 11 51 25 47 8 91 23 71 7 26 73 36 66 32 8 84 7 79 31 19 96 39 80 7 60 87 29 67 65 0 56 28 74 84 31 50 82 64 20 96 1 47 49 75 19 22 45 51 89 85 73 63 50 43 78 35 67 75 50 99 11 52 49 89 58 52 60 25 29 25 100 71 89 55 98 79
64 39 87 19 51 13 54 49 56 35 50 5 74 47 94 65 66 75 14 23 56 63 48 81 43 0 41 75 23 84 66 58 41 13 60 27 9 47 85 100 56 69 47 16 71 98 77 98 99 4 91 49 49 62 94 40 96 88 7 79 13 30 45 10 96 17 8 80 76 64 15 39 66 75 54 73 56 27 13 35 21 76 21 44 24 61 5 34 27 89 33 60 11 78 13 97 0 16 71 81 60 18 24 99 61 61 64 51 60 72 50 16 18 60 43 55 50 28 7 20 66 27 89 57 96 0 53 70 44 51 15 32 20 3 25 25 9 52 96 28 85 9 85 4 89 15 79 19 20 55 60 26 23 67 29 67 21 95 13 23 93 98 26 44 91 72 14 93 99 55 96 72 77 68 20 64
90 52 21 99 75 4 19 10 48 2 29 37 9 100 86 38 56 29 27 79 86 78 60 73 12 41 0 84 90 81 83 67 81 26 66 24 59 40 33 31 97 50 93 70 5 63 22 64 48 49 94 94 33 87 31 67 13 18 84 3 33 18 15 74 89 49 90 24 8 57 19 52 73 18 26 88 33 40 99 95 44 99 82 65 37 84 91 78 3 62 77 39 23 91 10 83 9 0 60 90 22 40 0 12 89 10 83 78 2 84 19 10 94 92 78 30 27 96 44 16 72 96 34 62 80 8 57 92 30 83 85 27 46 95 26 18 81 55 52 28 60 79 41 48 9 34 20 43 26 83 28 26 57 44 62 82 30 4 52 33 9 19 98 88 66 38 0 67 12 16 86 45 82 77 100 5
60 46 82 38 49 95 0 9 81 68 54 55 88 44 3 72 83 38 47 100 68 97 29 52 65 75 84 0 6 23 39 26 67 96 5 64 34 88 43 98 12 57 30 75 80 0 30 42 70 64 9 34 14 34 31 26 17 99 5 81 64 0 4 66 68 49 82 87 9 16 16 46 0 22 42 89 33 97 79 90 91 95 75 44 75 88 91 19 51 14 4 89 57 48 12 21 28 23 32 44 5 93 60 8 43 39 56 91 99 29 44 50 82 37 61 5 56 23 3 8 61 25 41 3 67 71 63 90 92 86 44 88 62 14 39 40 24 60 70 71 80 96 87 94 31 7 61 7 4 14 14 3 56 77 68 63 62 20 76 37 16 10 27 56 7 82 42 84 40 28 98 33 56 17 62 46
49 46 86 79 6 12 71 68 68 9 5 37 0 95 3 12 76 69 77 5 46 0 36 16 74 23 90 6 0 56 97 52 26 0 8 38 68 100 0 19 36 38 36 41 54 41 34 47 70 23 34 68 27 57 14 88 34 10 6 35 0 34 89 49 61 29 17 82 96 73 19 46 51 55 46 62 96 91 24 60 91 3 71 58 12 86 30 42 71 79 88 46 6 29 84 57 28 99 18 11 91 22 83 90 82 3 99 76 30 18 37 87 55 99 63 1 63 93 65 27 89 40 88 87 100 73 51 100 57 28 91 39 94 25 37 18 22 21 23 85 68 70 14 7 42 26 33 100 2 71 40 72 5 58 60 90 7 48 72 65 47 71 80 46 94 63 82 97 74 39 21 35 46 85 81 93
37 95 91 67 53 25 77 74 8 99 87 38 11 74 49 51 44 34 76 52 83 28 85 61 8 84 81 23 56 0 47 7 28 59 69 4 17 64 24 84 65 41 92 22 7 85 20 78 87 15 19 39 6 12 85 99 46 60 23 59 53 24 93 45 50 25 79 57 96 21 61 19 16 70 55 28 65 75 53 80 87 13 90 41 12 41 31 67 58 47 4 20 48 82 89 56 3 89 59 53 16 74 49 67 99 82 43 43 18 53 28 80 54 50 72 22 87 44 27 84 16 67 36 63 45 0 89 77 82 18 96 63 79 22 87 98 29 30 59 64 52 16 69 63 58 36 52 93 16 99 97 65 92 52 61 67 66 3 61 5 77 32 69 0 13 6 50 7 52 10 91 98 30 39 79 89
20 100 32 37 30 16 94 80 48 47 85 45 30 43 47 20 0 23 66 66 8 51 23 6 38 66 83 39 97 47 0 1 96 46 46 42 84 5 97 74 13 29 40 37 37 48 53 68 99 89 1 1 13 35 83 56 42 41 32 13 10 53 96 66 41 29 43 96 92 88 84 50 84 100 67 98 26 9 32 100 21 69 88 61 54 76 83 91 72 15 97 1 49 65 97 86 46 9 81 34 96 37 18 7 31 28 75 58 50 80 93 32 0 71 13 42 90 55 80 78 44 58 25 42 22 13 83 48 18 1 19 62 99 71 44 66 4 35 53 46 10 9 14 35 9 97 55 51 40 20 63 59 94 94 81 13 66 42 58 67 81 51 4 89 28 20 82 10 3 7 41 70 81 12 37 86
37 92 16 42 100 19 96 43 27 53 9 36 88 86 98 74 91 37 66 72 88 45 1 36 74 58 67 26 52 7 1 0 4 28 9 0 25 23 1 16 78 2 27 9 71 85 80 41 63 41 84 39 10 82 15 32 42 73 92 98 83 5 37 59 87 30 19 35 67 93 81 98 10 4 42 52 18 99 76 31 93 100 43 14 71 67 15 76 57 55 73 54 82 99 60 16 12 44 89 4 88 58 64 45 48 34 69 81 24 23 66 92 32 19 43 70 13 9 80 48 25 72 38 12 57 15 25 88 55 34 99 87 51 66 42 12 56 0 70 10 45 52 61 29 43 9 90 99 41 7 50 41 15 19 65 5 65 37 27 16 5 21 72 64 51 8 90 62 49 2 46 66 87 7 71 2
95 66 84 40 2 13 42 0 9 96 24 75 20 91 46 79 64 25 65 94 98 13 75 15 0 41 81 67 26 28 96 4 0 10 78 35 55 83 31 0 17 91 22 34 44 1 78 43 26 97 62 67 84 81 77 17 7 26 65 93 82 52 22 89 20 86 31 34 7 100 16 65 56 57 28 97 41 39 11 86 71 18 77 41 11 92 94 52 61 12 28 69 57 0 53 36 84 16 23 99 53 96 77 30 64 36 72 44 12 84 43 57 99 63 7 0 31 18 95 34 89 68 74 46 51 75 99 55 68 19 27 93 16 79 67 53 86 93 5 31 21 31 90 72 91 38 63 51 73 88 88 59 4 25 76 51 4 44 59 68 69 11 10 25 69 28 36 64 41 16 11 68 58 48 68 17
87 94 98 37 31 13 24 47 21 72 93 12 51 70 28 51 49 44 93 64 16 100 3 23 70 13 26 96 0 59 46 28 10 0 70 29 17 21 59 2 29 69 35 40 70 100 34 33 21 80 12 16 63 97 77 22 93 94 80 50 62 44 82 55 43 75 44 2 34 53 38 54 87 86 15 45 2 71 64 38 33 14 0 76 22 7 10 61 11 26 1 83 21 94 90 52 33 71 7 100 2 97 36 49 19 27 51 11 100 31 10 40 89 84 74 63 58 79 43 50 37 41 48 10 80 7 28 96 87 19 85 11 12 43 35 43 80 45 5 37 64 10 10 92 41 90 70 49 13 31 21 63 91 7 56 93 96 80 51 77 29 0 90 98 87 82 65 19 59 59 21 100 86 31 73 70
11 42 53 41 88 49 19 94 13 19 65 13 52 50 0 89 58 26 49 92 61 100 43 34 55 60 66 5 8 69 46 9 78 70 0 31 8 63 31 47 57 59 18 22 95 52 21 79 11 18 29 14 32 57 87 65 76 34 3 31 77 24 66 32 84 10 40 23 41 65 45 57 11 67 63 51 19 39 94 44 28 63 7 24 18 12 83 20 46 80 70 51 68 75 33 81 46 75 12 21 49 83 97 64 2 16 83 5 36 72 7 44 48 70 7 98 13 24 0 37 90 30 14 48 15 67 24 2 61 38 58 41 49 38 39 13 55 40 84 8 65 75 35 57 14 28 97 98 34 25 59 82 54 100 47 64 70 76 56 73 97 14 49 68 51 32 22 18 27 79 12 60 31 50 20 46
72 58 98 58 98 20 70 82 23 18 64 8 16 32 29 21 21 92 7 83 38 1 46 35 12 27 24 64 38 4 42 0 35 29 31 0 55 25 72 57 27 98 34 74 88 61 91 91 48 34 47 95 23 49 29 7 31 26 34 35 2 27 73 55 61 75 97 88 42 74 81 100 99 49 35 22 86 78 80 40 70 79 65 68 8 49 97 14 66 75 86 80 53 16 15 91 21 80 41 52 49 50 12 24 77 54 38 62 69 63 93 7 0 78 82 33 48 64 0 30 54 75 52 13 46 7 27 90 90 50 25 24 87 22 99 21 2 20 1 96 77 8 62 48 4 89 86 36 56 80 77 5 42 54 91 40 38 99 67 89 1 92 55 89 63 78 45 15 30 53 94 89 48 73 5 12
92 30 95 37 29 52 22 41 45 31 18 60 20 93 31 26 60 55 54 54 76 77 26 23 20 9 59 34 68 17 84 25 55 17 8 55 0 36 7 46 53 69 18 77 75 77 42 26 35 60 54 34 10 76 89 66 65 78 12 41 66 34 94 81 66 54 7 53 71 29 12 70 88 48 86 51 64 83 54 64 78 81 70 61 70 75 85 55 82 29 10 36 45 50 46 96 25 35 90 91 77 50 21 60 100 35 85 20 76 18 35 45 18 38 15 83 67 41 30 73 51 18 91 92 81 84 56 3 16 22 57 14 92 65 72 6 68 52 58 30 99 37 1 74 96 36 76 88 39 58 24 15 31 25 94 99 90 89 20 32 29 26 60 53 46 32 5 71 83 3 67 49 65 65 39 69
81 66 25 94 93 53 17 8 44 28 73 12 4 94 9 71 30 35 84 70 83 54 35 39 34 47 40 88 100 64 5 23 83 21 63 25 36 0 81 17 9 58 66 72 12 65 20 1 11 65 55 67 83 34 70 51 23 56 81 39 33 40 69 43 21 15 41 57 32 8 96 43 70 86 23 23 36 33 11 59 78 91 87 98 55 38 67 82 50 33 13 19 25 9 10 99 59 95 39 71 67 81 83 13 45 90 22 15 67 61 44 93 81 57 23 83 90 74 26 70 45 59 46 74 34 55 8 45 47 100 54 70 76 5 39 84 60 43 59 17 55 23 77 72 30 78 8 65 52 52 57 21 39 68 88 8 66 69 100 53 34 76 43 39 2 16 42 15 68 79 98 79 84 88 42 19
96 57 44 39 45 97 14 50 42 56 63 92 97 22 42 25 41 85 38 6 54 67 54 25 46 85 33 43 0 24 97 1 31 59 31 72 7 81 0 22 9 13 85 14 81 16 40 50 43 76 57 21 18 70 66 30 64 19 41 95 79 51 87 78 50 6 36 88 21 7 3 19 36 5 29 42 55 99 18 73 63 57 61 42 63 69 69 90 67 76 80 11 0 15 44 66 59 13 33 71 100 0 69 39 1 56 89 48 62 17 58 95 82 32 79 21 23 60 56 6 99 99 31 10 55 29 11 80 48 90 89 81 81 16 30 90 13 28 72 2 9 45 72 87 83 84 94 89 63 82 71 10 84 5 19 26 11 12 96 90 10 74 5 46 7 71 11 15 10 27 20 32 20 68 56 71
48 28 53 95 79 38 26 32 97 7 22 36 93 19 17 40 48 91 27 60 15 7 64 88 100 100 31 98 19 84 74 16 0 2 47 57 46 17 22 0 69 59 35 57 23 10 82 22 41 36 26 74 53 8 97 25 21 88 54 93 22 16 59 4 32 81 9 84 89 64 43 15 82 83 44 94 99 35 63 9 73 26 32 50 76 19 43 58 6 53 6 13 10 54 62 21 43 96 91 22 60 28 67 90 75 71 81 100 81 74 51 87 60 28 81 17 64 57 73 55 8 75 57 30 21 94 10 15 27 79 50 1 52 49 6 71 37 26 19 53 41 97 64 27 87 70 33 57 52 98 14 41 25 84 22 26 85 59 47 25 12 60 6 69 2 28 56 46 56 18 100 79 0 18 64 2
67 42 89 71 37 34 65 59 9 32 15 36 56 99 64 49 43 73 93 14 43 20 18 43 68 56 97 12 36 65 13 78 17 29 57 27 53 9 9 69 0 24 72 94 4 31 43 7 90 54 7 88 59 82 100 77 33 52 49 54 47 22 69 30 52 56 81 77 18 25 70 66 96 14 71 70 68 91 7 48 59 39 44 100 81 74 93 95 23 100 6 6 21 4 20 95 33 33 7 20 51 96 27 44 22 19 23 93 50 11 79 22 48 72 58 24 49 65 56 43 78 95 80 6 64 98 92 47 88 87 81 8 69 18 60 21 53 19 59 9 48 8 42 88 82 44 22 95 67 82 13 34 74 63 31 13 51 24 34 40 68 9 82 51 59 84 88 72 14 58 44 50 52 52 80 66
97 5 5 92 24 97 13 50 32 21 45 73 88 40 32 24 84 80 67 17 91 7 51 60 53 69 50 57 38 41 29 2 91 69 59 98 69 58 13 59 24 0 5 66 15 69 33 58 64 59 40 41 11 12 96 71 90 87 41 80 1 46 52 74 94 99 11 58 27 97 68 37 45 1 27 10 48 34 36 53 89 52 95 19 13 74 59 83 73 92 16 73 76 0 22 41 29 59 3 16 31 85 49 51 62 10 15 73 75 60 92 45 38 15 0 80 85 55 48 26 43 15 49 43 74 1 28 78 5 21 15 71 34 5 78 63 66 78 49 40 96 6 62 36 92 17 30 25 60 69 79 33 41 79 100 32 36 12 53 46 18 75 67 47 16 75 22 66 38 92 89 96 82 61 28 7
75 38 34 12 71 5 27 97 45 50 7 53 85 40 92 84 72 14 86 79 97 22 77 54 68 47 93 30 36 92 40 27 22 35 18 34 18 66 85 35 72 5 0 27 20 84 75 6 5 56 60 34 8 58 38 15 80 70 34 95 23 99 39 22 58 54 77 6 89 75 86 62 66 48 6 86 45 75 88 21 54 6 15 38 89 99 79 33 83 62 72 49 15 52 58 23 10 37 83 96 93 29 7 18 77 100 6 67 61 79 12 73 35 20 32 44 18 55 38 47 48 22 36 27 38 50 67 53 25 86 78 33 0 43 2 14 59 19 61 99 70 84 53 32 76 98 15 74 66 69 7 19 83 45 11 51 17 52 96 100 60 7 14 91 43 14 44 2 93 56 49 55 90 12 38 95
0 70 26 2 87 46 61 91 63 49 80 60 86 52 83 65 92 83 54 11 98 79 73 90 91 16 70 75 41 22 37 9 34 40 22 74 77 72 14 57 94 66 27 0 87 35 54 83 50 8 50 36 14 95 52 83 43 7 64 69 3 6 87 82 68 84 94 70 82 59 45 73 57 73 45 93 17 68 92 2 11 27 22 59 77 95 81 14 31 87 89 76 51 85 45 74 4 38 11 35 5 70 8 51 94 73 35 69 29 78 23 36 48 84 44 23 42 86 24 48 16 67 30 69 84 71 40 77 85 70 59 43 37 17 52 76 1 19 75 27 79 4 79 21 73 51 12 70 94 33 23 16 67 7 11 69 92 62 77 33 32 8 70 3 21 37 17 3 95 73 51 57 24 81 3 31
17 22 54 23 97 43 51 75 64 78 61 77 75 39 62 4 95 61 95 64 10 95 45 37 86 71 5 80 54 7 37 71 44 70 95 88 75 12 81 23 4 15 20 87 0 88 19 68 48 61 40 77 67 95 39 14 40 79 23 54 56 25 66 60 85 44 71 91 52 78 11 95 53 10 13 10 10 8 87 59 47 87 73 33 36 10 58 43 21 14 90 37 34 55 52 18 1 27 48 11 12 61 30 39 5 90 57 34 63 49 64 67 28 94 76 44 33 49 36 100 39 87 65 67 13 91 3 35 78 95 27 54 56 63 31 87 21 60 12 12 62 6 47 77 66 74 48 49 91 44 15 60 33 49 28 2 31 49 18 100 32 83 36 89 97 30 51 31 76 75 72 79 51 80 70 19
89 67 14 29 54 76 14 44 45 35 58 7 100 4 17 52 46 23 17 6 8 74 82 80 56 98 63 0 41 85 48 85 1 100 52 61 77 65 16 10 31 69 84 35 88 0 46 21 91 50 50 100 12 90 43 75 70 47 86 57 25 44 29 15 91 93 51 96 55 5 40 74 44 98 25 96 92 68 0 30 60 44 77 84 52 95 79 26 1 78 52 36 84 83 2 50 99 43 92 15 37 44 38 18 82 1 53 82 44 27 23 85 14 85 45 99 83 8 34 29 99 53 45 10 18 13 3 78 21 51 92 71 94 6 0 25 36 1 72 84 86 55 8 63 47 70 63 5 69 99 10 50 69 21 63 53 30 65 9 27 26 34 52 100 35 90 50 53 35 11 90 97 18 62 57 48
85 73 32 19 24 9 5 68 34 39 22 20 80 74 64 8 62 0 68 18 32 27 11 52 10 77 22 30 34 20 53 80 78 34 21 91 42 20 40 82 43 33 75 54 19 46 0 28 24 6 57 42 47 38 15 95 9 94 31 62 43 50 20 94 66 2 80 93 83 85 20 57 18 14 21 46 10 61 35 62 74 91 16 26 50 89 88 90 72 57 38 42 47 99 17 29 84 52 86 72 51 38 69 6 2 88 13 23 31 33 57 20 23 62 12 15 34 71 13 32 86 95 93 22 56 94 38 99 100 73 46 51 56 16 27 32 80 0 90 92 7 87 29 69 100 82 71 39 50 10 34 38 22 82 69 7 21 60 19 22 8 98 71 29 33 97 12 99 77 29 96 87 18 65 45 3
16 78 57 39 69 6 81 87 50 30 49 32 15 89 16 25 54 90 58 92 47 39 49 83 64 98 64 42 47 78 68 41 43 33 79 91 26 1 50 22 7 58 6 83 68 21 28 0 16 60 6 12 55 63 35 71 72 6 43 43 17 88 24 12 77 20 87 42 26 55 25 98 23 16 14 94 36 0 22 41 16 19 61 71 14 52 98 9 23 43 38 19 93 37 59 12 79 12 92 0 29 96 11 60 87 34 50 67 90 64 40 88 85 53 40 78 57 60 85 32 33 76 2 16 87 12 0 62 5 52 100 57 10 49 77 60 6 1 86 24 44 69 99 90 55 60 38 23 82 37 58 11 95 74 52 93 64 16 32 68 37 23 78 1 1 0 90 26 77 100 61 0 32 85 60 39
63 68 58 22 73 24 71 34 38 53 10 9 70 48 87 61 22 88 21 83 39 90 98 53 24 99 48 70 70 87 99 63 26 21 11 48 35 11 43 41 90 64 5 50 48 91 24 16 0 13 4 81 45 72 39 79 48 100 15 5 79 37 92 75 25 2 83 32 54 42 80 25 62 4 12 65 56 14 93 10 88 78 16 54 14 24 32 4 14 9 47 46 49 61 16 32 44 68 92 73 99 31 96 59 4 34 10 69 49 27 55 68 45 97 31 33 86 43 41 46 26 20 13 8 63 63 57 78 27 7 87 86 49 3 81 47 83 88 9 52 75 97 39 62 72 46 66 64 77 11 86 79 34 69 58 37 73 74 81 8 0 88 42 13 0 66 69 9 79 74 1 80 13 96 100 12
63 52 54 93 66 7 68 48 79 89 17 71 46 88 1 17 69 34 65 36 32 56 34 8 62 4 49 64 23 15 89 41 97 80 18 34 60 65 76 36 54 59 56 8 61 50 6 60 13 0 28 42 90 98 27 32 11 81 88 73 52 40 43 51 22 7 12 18 30 48 31 48 62 57 73 44 44 39 23 70 29 16 25 48 15 43 86 0 86 49 90 86 7 98 5 64 51 14 4 75 99 46 8 65 13 28 13 12 43 88 75 15 8 12 4 38 100 93 39 39 41 85 42 32 29 96 17 77 95 50 3 38 54 0 52 89 37 63 84 14 40 70 54 26 39 52 11 53 100 78 56 11 9 63 46 36 51 72 89 100 57 33 64 28 83 7 21 29 58 95 58 62 55 64 45 36
18 94 36 1 64 78 52 34 46 29 29 29 18 39 34 42 58 11 39 48 68 72 10 24 79 91 94 9 34 19 1 84 62 12 29 47 54 55 57 26 7 40 60 50 40 50 57 6 4 28 0 22 25 36 93 7 79 3 50 40 84 76 31 39 39 4 67 31 49 68 46 25 33 13 70 28 26 83 95 25 44 32 21 67 9 78 75 64 4 44 40 47 75 24 99 37 30 1 99 39 20 66 24 40 25 78 74 98 28 2 6 86 8 73 40 100 24 12 45 47 94 84 1 28 22 71 51 84 62 63 62 62 12 47 40 26 38 53 76 22 52 36 65 88 68 51 18 34 56 40 38 14 15 28 67 1 32 31 61 36 91 26 15 79 18 2 21 9 53 28 57 64 75 76 64 57
35 21 26 29 33 0 47 56 17 68 19 94 9 65 48 33 77 23 42 98 0 46 5 14 71 49 94 34 68 39 1 39 67 16 14 95 34 67 21 74 88 41 34 36 77 100 42 12 81 42 22 0 52 62 87 52 45 49 86 34 86 41 86 83 35 23 75 87 65 81 68 59 91 48 88 3 45 100 29 71 74 94 31 23 13 18 38 23 73 8 17 99 73 23 40 47 99 29 62 39 66 25 32 3 83 40 28 42 9 45 70 5 51 78 100 72 80 80 85 96 76 73 54 39 100 60 66 74 18 77 76 16 96 23 33 60 46 13 57 48 45 48 77 81 66 25 28 13 2 62 14 28 72 33 59 20 62 49 92 87 38 66 13 95 7 77 16 85 32 91 20 14 23 86 93 47
81 78 18 71 52 28 33 54 81 100 52 1 98 37 45 65 31 92 26 65 9 19 71 71 39 49 33 14 27 6 13 10 84 63 32 23 10 83 18 53 59 11 8 14 67 12 47 55 45 90 25 52 0 97 4 85 83 3 50 79 37 94 52 47 33 49 85 75 41 78 76 40 90 66 96 5 40 24 71 26 89 56 0 59 30 66 48 48 19 97 86 52 34 11 51 34 26 40 14 41 14 46 85 2 12 50 96 61 13 17 92 15 81 83 9 57 90 0 26 73 38 99 62 49 63 63 15 63 29 100 36 88 49 62 26 63 60 73 90 65 1 39 81 54 4 50 11 91 85 25 33 96 14 2 28 82 76 93 10 30 90 88 60 66 38 38 68 10 72 67 10 2 100 98 81 70
59 4 66 20 15 48 47 55 78 69 97 87 81 76 44 30 79 55 63 6 71 31 62 45 50 62 87 34 57 12 35 82 81 97 57 49 76 34 70 8 82 12 58 95 95 90 38 63 72 98 36 62 97 0 12 97 25 48 59 94 9 15 66 4 56 86 43 76 42 86 14 79 54 11 4 1 72 40 64 4 71 24 76 86 37 7 55 36 4 43 55 34 97 57 29 96 43 96 7 97 54 4 2 29 69 79 83 56 54 8 28 39 61 47 18 2 89 32 34 57 82 48 71 56 0 40 81 54 42 49 56 94 18 75 83 26 53 48 32 16 18 62 70 23 95 29 81 45 12 84 59 28 1 77 0 96 72 19 78 32 68 67 66 8 100 44 59 69 93 55 98 47 18 14 47 67
88 16 32 81 26 61 1 45 98 26 90 35 29 47 29 87 34 43 62 47 56 12 52 63 97 94 31 31 14 85 83 15 77 77 87 29 89 70 66 97 100 96 38 52 39 43 15 35 39 27 93 87 4 12 0 47 36 7 71 98 11 44 18 58 99 26 61 52 91 82 24 13 69 91 39 47 2 59 69 20 92 17 98 48 43 100 94 5 91 0 26 38 10 71 10 44 80 30 48 63 50 4 52 2 14 83 16 74 98 51 61 72 80 27 69 8 59 36 41 10 25 58 100 66 47 71 93 55 6 22 58 41 47 24 1 55 90 4 90 36 89 81 90 2 17 52 4 2 15 6 15 50 95 15 51 12 100 87 67 59 30 23 100 3 30 62 2 39 48 76 22 64 52 69 82 51
11 32 71 35 32 83 29 94 58 4 7 0 25 51 15 89 27 31 0 99 34 13 30 39 91 40 67 26 88 99 56 32 17 22 65 7 66 51 30 25 77 71 15 83 14 75 95 71 79 32 7 52 85 97 47 0 39 13 5 87 55 17 58 69 82 49 91 34 16 66 99 56 1 91 1 5 25 79 4 18 89 94 22 16 59 70 32 100 83 76 55 36 42 42 77 3 11 55 75 91 19 19 2 80 49 30 14 53 76 1 41 26 98 10 78 87 89 68 34 28 89 74 71 17 52 74 84 9 45 72 8 77 42 82 59 46 0 0 37 36 24 47 85 100 74 68 80 100 21 38 17 78 76 34 92 15 70 62 57 39 12 49 97 46 85 99 89 39 6 41 37 74 50 62 44 23
52 18 59 37 3 54 24 79 18 20 34 84 61 45 25 97 92 6 80 23 67 26 91 53 44 96 13 17 34 46 42 42 7 93 76 31 65 23 64 21 33 90 80 43 40 70 9 72 48 11 79 45 83 25 36 39 0 77 32 33 92 73 71 13 99 21 70 9 19 75 75 76 36 53 10 40 79 39 28 70 49 76 83 83 30 11 62 81 52 61 84 2 69 80 97 71 30 53 91 92 71 96 69 95 59 75 83 78 67 94 76 32 79 70 75 78 75 96 27 37 77 88 49 84 73 62 65 13 7 64 23 34 12 27 85 14 74 46 31 40 35 9 53 14 53 62 51 23 59 85 36 57 6 35 22 45 7 83 49 76 70 69 63 32 8 42 92 61 25 17 44 27 70 27 34 86
25 63 24 3 62 2 100 53 18 76 76 65 32 17 57 31 32 55 20 18 80 26 28 31 59 88 18 99 10 60 41 73 26 94 34 26 78 56 19 88 52 87 70 7 79 47 94 6 100 81 3 49 3 48 7 13 77 0 62 26 38 65 9 57 41 68 44 47 42 63 48 20 92 62 20 98 23 46 99 81 21 26 42 77 11 3 18 67 31 65 2 58 82 35 53 81 24 46 79 64 27 71 15 68 43 78 88 5 72 67 65 13 36 36 21 21 41 28 39 10 39 71 56 56 14 83 55 14 79 8 31 68 86 45 27 52 48 79 33 100 99 40 61 99 53 97 46 39 31 7 11 51 37 52 98 30 94 72 78 45 90 75 96 41 75 87 66 58 51 6 85 80 61 18 45 64
58 83 91 99 34 37 25 98 22 66 36 96 62 46 99 33 13 79 86 21 94 8 31 86 44 7 84 5 6 23 32 92 65 80 3 34 12 81 41 54 49 41 34 64 23 86 31 43 15 88 50 86 50 59 71 5 32 62 0 13 37 74 50 0 33 1 51 51 26 26 4 96 28 51 85 79 29 9 70 71 20 50 70 86 46 11 28 27 13 46 8 84 49 92 61 98 91 11 79 64 97 12 33 80 51 75 4 76 88 91 42 3 45 96 76 1 96 80 9 1 22 61 56 7 30 9 14 29 94 6 27 22 75 33 22 95 82 54 75 33 66 87 40 44 86 71 39 44 69 86 21 45 90 17 69 86 37 59 49 95 62 39 55 9 27 80 91 57 49 15 0 96 82 83 50 64
37 69 64 56 93 19 92 2 29 52 79 19 36 34 74 26 57 87 93 3 97 1 31 50 10 79 3 81 35 59 13 98 93 50 31 35 41 39 95 93 54 80 95 69 54 57 62 43 5 73 40 34 79 94 98 87 33 26 13 0 17 95 25 99 94 42 70 89 12 54 57 36 25 5 19 45 13 77 89 78 19 82 76 88 15 20 99 14 93 49 47 75 61 49 72 11 79 71 92 15 51 36 47 92 13 40 95 18 55 9 65 27 24 86 4 5 26 26 82 63 24 23 31 71 68 97 52 99 59 2 1 58 51 98 14 43 43 73 39 25 82 84 63 22 10 20 34 53 56 18 60 91 82 83 48 25 21 98 33 24 64 74 57 97 63 91 24 26 75 5 1 90 51 21 48 94
16 51 31 41 56 25 72 91 41 35 2 96 0 88 34 32 80 12 53 47 22 46 27 15 81 13 33 64 0 53 10 83 82 62 77 2 66 33 79 22 47 1 23 3 56 25 43 17 79 52 84 86 37 9 11 55 92 38 37 17 0 39 95 8 59 11 34 23 35 28 27 60 13 0 54 10 51 42 78 42 45 59 65 8 24 55 30 24 60 7 18 6 81 16 72 52 89 97 65 33 69 76 28 2 45 0 61 34 3 75 80 90 92 24 57 8 79 67 31 88 51 75 25 72 11 33 94 1 46 43 49 28 93 10 100 81 98 28 30 52 48 48 86 65 1 56 98 36 47 60 37 84 30 97 34 35 83 14 34 83 28 83 48 98 91 67 78 33 24 62 10 13 21 36 7 49
22 94 1 75 1 6 49 5 74 57 26 62 27 87 68 76 38 13 60 78 25 3 5 65 7 30 18 0 34 24 53 5 52 44 24 27 34 40 51 16 22 46 99 6 25 44 50 88 37 40 76 41 94 15 44 17 73 65 74 95 39 0 66 47 58 95 15 39 39 78 95 85 49 85 4 74 31 89 84 2 2 17 20 52 28 46 13 8 60 12 87 90 93 47 80 95 55 82 69 82 96 82 21 51 0 59 61 37 35 56 75 27 0 68 41 56 12 44 37 0 87 67 42 31 44 34 68 13 0 6 15 78 69 35 89 28 21 57 83 13 12 20 78 97 41 41 97 82 27 62 18 48 77 98 14 10 15 11 17 55 96 48 82 100 21 62 48 26 73 88 8 63 45 75 42 40
5 35 57 63 10 16 96 66 28 98 94 12 67 63 24 95 93 6 89 90 96 19 23 7 1 45 15 4 89 93 96 37 22 82 66 73 94 69 87 59 69 52 39 87 66 29 20 24 92 43 31 86 52 66 18 58 71 9 50 25 95 66 0 21 73 83 83 83 97 74 91 32 70 22 68 42 11 98 80 14 67 27 52 22 56 84 61 54 29 8 59 65 9 17 8 55 17 70 4 10 87 100 19 64 84 35 29 43 28 57 62 65 6 10 81 100 33 67 77 76 58 48 50 62 40 0 90 95 30 32 5 91 5 34 21 93 41 50 27 50 90 40 78 97 96 17 10 64 64 83 0 12 27 19 90 6 71 70 46 35 60 70 36 57 53 50 39 26 56 17 44 47 69 55 92 87
98 75 3 14 36 100 68 26 33 98 27 59 20 41 5 39 84 58 62 70 84 27 62 98 33 10 74 66 49 45 66 59 89 55 32 55 81 43 78 4 30 74 22 82 60 15 94 12 75 51 39 83 47 4 58 69 13 57 0 99 8 47 21 0 18 94 57 93 96 2 0 47 92 92 80 100 1 77 94 93 31 47 63 6 72 61 26 19 63 52 11 85 46 48 82 71 78 64 83 47 35 26 30 36 46 55 19 91 47 13 42 10 51 45 22 66 55 0 89 57 23 0 11 65 16 25 66 20 19 15 76 20 91 27 75 60 77 34 0 51 66 51 30 0 65 18 32 52 75 49 11 4 14 62 15 7 40 80 75 86 75 19 97 75 50 74 1 86 1 8 34 33 93 3 33 100
22 13 89 12 98 49 30 21 28 8 43 95 34 96 45 52 94 23 55 78 47 84 80 73 3 96 89 68 61 50 41 87 20 43 84 61 66 21 50 32 52 94 58 68 85 91 66 77 25 22 39 35 33 56 99 82 99 41 33 94 59 58 73 18 0 3 58 78 58 14 61 31 88 47 92 15 98 57 26 38 65 84 60 61 94 34 59 16 41 70 78 49 38 34 40 3 0 99 33 4 24 78 93 30 23 80 58 64 1 40 57 54 87 68 46 27 82 39 17 52 40 100 78 16 88 63 64 36 64 0 79 10 70 66 35 66 100 12 59 21 0 22 56 89 6 52 73 36 59 25 90 51 58 42 23 26 51 95 19 26 29 81 98 39 89 85 93 52 92 20 39 31 93 100 76 78
31 34 27 83 44 7 71 15 54 3 67 43 19 47 38 81 79 89 74 43 46 18 23 95 19 17 49 49 29 25 29 30 86 75 10 75 54 15 6 81 56 99 54 84 44 93 2 20 2 7 4 23 49 86 26 49 21 68 1 42 11 95 83 94 3 0 86 96 38 44 85 24 21 84 55 14 13 0 12 99 76 76 65 69 75 26 94 53 9 18 26 94 70 26 48 1 26 100 60 94 47 67 64 12 6 89 40 27 14 89 27 51 51 91 68 28 97 35 52 32 67 32 13 74 14 86 14 37 86 62 23 3 23 29 5 59 59 23 80 74 38 83 56 38 28 52 90 42 30 34 26 74 97 60 100 94 16 40 96 1 84 37 71 40 45 92 83 74 10 93 85 28 11 49 36 0
12 76 32 24 54 32 84 42 47 77 4 50 26 38 68 94 56 86 88 2 65 58 1 58 80 8 90 82 17 79 43 19 31 44 40 97 7 41 36 9 81 11 77 94 71 51 80 87 83 12 67 75 85 43 61 91 70 44 51 70 34 15 83 57 58 86 0 64 83 10 96 66 58 26 26 43 45 72 35 4 91 18 88 98 28 4 94 99 4 36 93 2 2 72 82 64 93 45 86 54 86 1 2 5 58 93 19 27 75 15 7 98 90 6 26 39 37 71 12 98 95 90 64 80 99 6 25 72 93 6 10 52 52 73 80 75 13 95 74 94 67 94 45 71 41 1 98 65 98 5 86 21 28 65 42 17 76 66 55 37 78 66 98 0 81 74 34 31 73 66 87 18 15 39 28 75
19 8 54 91 90 69 98 28 86 14 3 74 39 86 61 84 94 68 33 71 28 90 11 95 68 80 24 87 82 57 96 35 34 2 23 88 53 57 88 84 77 58 6 70 91 96 93 42 32 18 31 87 75 76 52 34 9 47 51 89 23 39 83 93 78 96 64 0 88 58 66 3 19 76 61 40 25 34 83 40 66 19 55 100 100 37 16 3 53 42 17 62 80 42 31 9 50 36 100 23 10 44 1 3 48 7 86 42 8 35 64 62 4 4 8 68 61 34 96 44 28 94 36 97 56 45 56 40 1 63 73 25 27 18 11 35 95 80 32 6 27 52 43 100 75 17 66 52 72 60 1 5 76 37 10 89 8 4 53 41 67 15 51 90 16 42 67 39 91 37 84 14 68 72 24 19
63 99 57 29 14 26 10 13 0 100 19 98 4 5 9 78 56 21 59 89 57 60 43 15 34 76 8 9 96 96 92 67 7 34 41 42 71 32 21 89 18 27 89 82 52 55 83 26 54 30 49 65 41 42 91 16 19 42 26 12 35 39 97 96 58 38 83 88 0 96 60 57 42 36 74 88 99 25 73 2 45 84 88 72 61 21 80 22 22 68 60 72 5 57 49 46 90 42 45 36 68 28 3 8 39 54 47 84 86 31 28 8 78 11 78 40 23 75 92 84 34 26 21 9 6 58 2 23 3 21 59 96 48 85 78 94 8 98 82 92 66 33 83 36 80 57 81 46 99 57 61 7 82 4 48 91 16 18 84 67 58 97 88 84 50 72 85 42 35 56 38 100 28 27 81 10
58 48 11 92 77 30 60 14 68 91 3 67 74 97 69 30 99 91 66 30 56 3 80 93 27 64 57 16 73 21 88 93 100 53 65 74 29 8 7 64 25 97 75 59 78 5 85 55 42 48 68 81 78 86 82 66 75 63 26 54 28 78 74 2 14 44 10 58 96 0 21 66 10 40 88 9 19 100 15 62 39 39 8 25 2 49 80 0 72 40 31 57 52 16 67 85 59 91 71 2 76 33 6 40 30 35 83 67 43 17 41 18 73 25 77 56 87 2 29 60 96 85 17 62 33 29 99 99 60 68 50 26 3 71 57 22 50 43 15 16 58 31 57 21 56 9 1 84 67 68 20 36 92 56 31 74 14 84 15 8 51 35 60 74 69 69 18 42 15 91 39 47 66 90 85 29
16 54 56 88 72 79 23 35 12 25 76 18 61 48 83 10 29 1 62 67 47 85 11 21 37 15 19 16 19 61 84 81 16 38 45 81 12 96 3 43 70 68 86 45 11 40 20 25 80 31 46 68 76 14 24 99 75 48 4 57 27 95 91 0 61 85 96 66 60 21 0 59 23 7 59 41 38 54 45 81 10 32 76 53 93 84 41 67 14 0 11 90 19 0 58 39 78 70 52 43 76 12 86 47 37 49 79 37 49 31 81 74 34 46 75 53 45 75 75 91 95 3 85 6 61 87 83 57 42 47 28 95 0 80 29 28 95 91 67 36 38 84 25 4 30 62 44 34 60 67 85 17 29 33 14 94 80 63 38 90 99 94 35 51 45 45 34 8 24 28 72 36 37 12 89 24
34 75 23 76 44 75 25 53 14 29 35 59 84 78 83 91 65 45 92 4 16 19 63 8 89 39 52 46 46 19 50 98 65 54 57 100 70 43 19 15 66 37 62 73 95 74 57 98 25 48 25 59 40 79 13 56 76 20 96 36 60 85 32 47 31 24 66 3 57 66 59 0 3 6 86 84 30 70 93 51 5 2 4 17 94 13 37 26 46 77 67 62 68 77 15 49 82 40 87 48 30 11 62 88 54 34 17 48 11 89 79 53 43 47 84 10 71 53 58 4 38 2 53 22 34 6 68 33 49 1 42 35 39 72 44 5 43 88 84 36 31 49 4 11 58 52 88 22 29 88 86 93 22 28 55 1 73 37 22 40 10 61 70 18 76 14 39 59 51 81 25 6 43 74 25 63
95 39 76 3 20 55 92 60 52 27 87 49 99 82 46 39 94 85 61 50 58 98 100 73 12 66 73 0 51 16 84 10 56 87 11 99 88 70 36 82 96 45 66 57 53 44 18 23 62 62 33 91 90 54 69 1 36 92 28 25 13 49 70 92 88 21 58 19 42 10 23 3 0 84 68 86 53 81 17 76 21 59 14 14 9 96 87 36 96 28 24 15 16 31 52 39 85 9 98 56 69 44 58 33 47 92 53 22 1 83 68 15 93 56 38 19 81 42 64 34 15 65 84 34 26 100 0 13 79 14 2 66 46 58 97 23 96 84 40 76 57 9 88 69 70 19 88 94 5 56 49 73 4 46 11 15 45 74 80 55 41 4 3 80 13 76 48 60 94 85 61 28 75 38 48 68
76 24 34 59 87 12 43 26 74 44 0 15 24 97 25 57 5 88 30 0 72 73 26 13 78 75 18 22 55 70 100 4 57 86 67 49 48 86 5 83 14 1 48 73 10 98 14 16 4 57 13 48 66 11 91 91 53 62 51 5 0 85 22 92 47 84 26 76 36 40 7 6 84 0 22 46 68 43 54 74 52 4 41 74 1 16 87 83 69 91 10 4 27 58 38 70 70 65 32 55 33 20 68 3 41 32 56 13 95 77 30 63 80 53 26 3 48 12 73 43 90 95 8 41 44 31 73 16 62 93 33 7 57 20 82 94 58 74 67 27 31 49 63 5 19 40 98 39 32 30 4 41 34 66 4 84 48 16 74 0 74 1 59 97 46 28 52 10 53 28 33 93 63 89 49 92
34 7 26 34 33 32 79 66 39 33 91 66 65 18 43 70 1 56 88 45 91 32 9 15 77 54 26 42 46 55 67 42 28 15 63 35 86 23 29 44 71 27 6 45 13 25 21 14 12 73 70 88 96 4 39 1 10 20 85 19 54 4 68 80 92 55 26 61 74 88 59 86 68 22 0 89 90 10 1 77 99 30 89 75 56 26 21 8 55 40 6 17 83 78 59 32 60 80 26 77 51 70 27 55 21 77 35 48 97 25 23 55 2 84 50 88 91 34 42 68 74 24 37 24 41 21 67 31 15 58 5 66 48 78 35 97 89 11 89 59 88 5 24 3 97 64 27 19 13 16 33 80 44 47 70 14 59 75 25 13 80 24 47 71 41 79 87 48 72 79 60 70 31 25 27 49
39 88 71 100 65 27 7 88 41 47 33 95 31 29 1 34 23 72 3 7 63 11 90 72 58 73 88 89 62 28 98 52 97 45 51 22 51 23 42 94 70 10 86 93 10 96 46 94 65 44 28 3 5 1 47 5 40 98 79 45 10 74 42 100 15 14 43 40 88 9 41 84 86 46 89 0 6 39 72 18 100 26 12 91 100 44 25 10 53 5 1 68 28 68 25 86 11 45 63 32 23 97 57 8 31 82 34 31 14 93 3 45 78 59 29 91 76 22 53 53 46 28 84 7 60 70 78 96 44 94 70 5 32 16 80 33 58 98 51 59 12 80 72 96 58 57 39 82 24 30 81 72 29 89 93 35 16 28 52 39 53 41 21 3 86 1 69 20 66 24 69 59 51 14 47 9
50 0 1 78 77 83 62 40 99 14 32 61 91 25 53 52 58 28 70 93 66 51 69 18 41 56 33 33 96 65 26 18 41 2 19 86 64 36 55 99 68 48 45 17 10 92 10 36 56 44 26 45 40 72 2 25 79 23 29 13 51 31 11 1 98 13 45 25 99 19 38 30 53 68 90 6 0 68 68 43 63 34 82 94 4 4 10 5 31 10 12 85 95 5 26 72 7 27 90 35 71 32 21 56 39 69 36 85 5 11 78 65 29 33 36 73 40 88 86 58 5 42 77 95 72 19 95 48 23 10 39 81 93 53 28 92 47 100 55 26 95 82 94 62 74 47 16 61 60 67 45 92 51 92 21 89 38 4 95 41 38 19 38 61 61 60 22 12 49 30 79 87 80 91 80 78
24 22 37 53 81 56 94 75 79 62 58 56 71 92 65 94 84 20 70 10 85 39 41 66 33 27 40 97 91 75 9 99 39 71 39 78 83 33 99 35 91 34 75 68 8 68 61 0 14 39 83 100 24 40 59 79 39 46 9 77 42 89 98 77 57 0 72 34 25 100 54 70 81 43 10 39 68 0 76 80 64 66 11 7 36 16 76 49 18 15 7 50 57 69 6 84 55 73 49 100 27 33 28 35 1 84 37 46 5 6 85 100 91 24 86 84 38 48 36 17 20 29 52 49 52 39 1 35 21 98 86 38 14 67 79 60 85 79 2 99 28 89 89 84 31 53 17 65 87 81 67 75 8 14 69 3 71 22 90 52 32 13 65 0 8 97 0 36 97 29 33 93 69 75 39 31
3 10 84 19 0 91 78 42 65 33 93 16 33 83 74 25 44 62 2 37 52 29 87 2 4 13 99 79 24 53 32 76 11 64 94 80 54 11 18 63 7 36 88 92 87 0 35 22 93 23 95 29 71 64 69 4 28 99 70 89 78 84 80 94 26 12 35 83 73 15 45 93 17 54 1 72 68 76 0 67 58 42 83 38 71 1 96 74 24 96 80 17 40 78 66 31 6 71 86 67 42 79 39 64 70 5 59 94 24 44 40 39 15 83 62 15 14 94 50 51 7 6 74 34 2 21 28 91 1 8 41 60 0 88 51 58 5 90 57 54 95 100 56 50 60 92 79 67 73 53 70 45 85 54 81 29 32 83 49 67 11 18 31 47 86 38 55 16 58 81 15 57 100 83 62 12
94 44 78 58 89 24 98 58 13 52 61 36 95 72 27 10 87 98 6 26 11 80 28 65 38 35 95 90 60 80 100 31 86 38 44 40 64 59 73 9 48 53 21 2 59 30 62 41 10 70 25 71 26 4 20 18 70 81 71 78 42 2 14 93 38 99 4 40 2 62 81 51 76 74 77 18 43 80 67 0 70 6 89 100 27 23 88 9 98 32 18 27 31 16 98 41 67 25 48 79 50 73 87 79 11 0 14 90 73 99 0 88 88 79 77 62 25 35 0 91 52 21 58 97 8 1 8 37 0 46 84 24 91 13 50 69 44 83 55 19 34 3 28 93 13 26 16 32 81 100 8 25 36 61 35 68 41 51 12 23 69 1 20 3 85 31 19 54 92 0 86 74 33 9 88 98
2 4 90 16 7 6 26 18 79 10 73 86 99 13 45 5 19 50 60 27 21 5 53 43 73 21 44 91 91 87 21 93 71 33 28 70 78 78 63 73 59 89 54 11 47 60 74 16 88 29 44 74 89 71 92 89 49 21 20 19 45 2 67 31 65 76 91 66 45 39 10 5 21 52 99 100 63 64 58 70 0 81 53 43 45 66 21 7 90 95 40 26 26 91 89 2 63 19 63 40 45 38 18 10 89 23 12 47 17 1 33 18 56 60 57 39 2 30 67 89 41 0 27 90 77 26 26 67 83 77 40 78 47 97 14 21 63 37 69 93 83 12 33 5 49 49 63 72 19 72 78 13 96 11 26 36 17 68 39 76 34 38 50 34 79 44 9 95 71 16 31 86 72 39 8 47
73 84 5 27 67 26 45 49 42 74 32 49 80 99 68 63 13 35 96 2 1 82 92 14 34 76 99 95 3 13 69 100 18 14 63 79 81 91 57 26 39 52 6 27 87 44 91 19 78 16 32 94 56 24 17 94 76 26 50 82 59 17 27 47 84 76 18 19 84 39 32 2 59 4 30 26 34 66 42 6 81 0 92 4 61 71 27 63 52 84 35 27 48 62 69 79 72 56 22 1 43 83 5 47 34 87 71 66 75 40 43 12 65 81 35 11 37 42 60 61 1 48 33 47 93 23 36 69 13 5 80 18 62 89 51 73 74 86 39 58 18 48 72 71 23 36 75 88 40 83 26 31 37 93 16 20 47 87 96 65 60 55 38 3 27 100 49 67 64 90 75 93 19 26 93 81
15 87 68 80 21 20 52 3 8 34 33 75 0 14 67 82 38 0 15 51 69 74 44 44 71 21 82 75 71 90 88 43 77 0 7 65 70 87 61 32 44 95 15 22 73 77 16 61 16 25 21 31 0 76 98 22 83 42 70 76 65 20 52 63 60 65 88 55 88 8 76 4 14 41 89 12 82 11 83 89 53 92 0 29 33 51 55 20 95 77 28 56 28 90 36 48 34 99 82 59 61 82 15 67 29 50 58 7 10 71 2 95 31 27 19 56 45 8 64 9 3 12 55 48 59 10 87 74 83 35 43 78 2 33 72 75 10 34 94 15 82 20 91 73 36 1 83 21 27 31 28 45 50 9 46 43 37 52 7 14 89 71 81 23 39 34 99 49 48 21 7 9 81 75 52 25
23 24 11 55 55 58 57 14 32 21 98 100 58 86 3 41 77 7 57 24 28 4 90 31 97 44 65 44 58 41 61 14 41 76 24 68 61 98 42 50 100 19 38 59 33 84 26 71 54 48 67 23 59 86 48 16 83 77 86 88 8 52 22 6 61 69 98 100 72 25 53 17 14 74 75 91 94 7 38 100 43 4 29 0 58 87 64 5 47 88 72 38 70 24 29 6 50 43 53 27 51 91 33 55 96 90 14 54 76 87 48 47 47 57 91 29 15 52 18 77 80 84 28 16 32 67 1 81 42 5 23 12 53 19 3 72 87 4 27 82 76 41 43 66 24 7 67 70 0 65 59 59 36 19 75 80 48 29 5 3 26 57 43 89 78 1 13 63 95 30 14 62 68 12 81 34
76 54 92 84 95 81 18 69 68 85 56 60 20 84 68 58 45 86 64 73 85 27 38 8 75 24 37 75 12 12 54 71 11 22 18 8 70 55 63 76 81 13 89 77 36 52 50 14 14 15 9 13 30 37 43 59 30 11 46 15 24 28 56 72 94 75 28 100 61 2 93 94 9 1 56 100 4 36 71 27 45 61 33 58 0 34 49 78 73 69 70 80 34 19 36 64 26 66 54 34 92 96 5 70 69 54 78 21 87 21 32 66 18 47 47 23 52 94 71 36 19 14 56 25 27 1 33 1 1 1 76 15 51 51 92 2 53 3 79 9 92 6 94 10 19 82 23 85 80 53 44 99 70 91 21 35 79 67 97 78 55 22 43 49 85 79 59 3 65 15 46 38 81 96 81 85
63 23 32 64 91 29 41 57 22 7 81 93 66 37 83 18 17 17 82 37 32 91 11 21 78 61 84 88 86 41 76 67 92 7 12 49 75 38 69 19 74 74 99 95 10 95 89 52 24 43 78 18 66 7 100 70 11 3 11 20 55 46 84 61 34 26 4 37 21 49 84 13 96 16 26 44 4 16 1 23 66 71 51 87 34 0 30 43 41 4 50 37 19 18 20 89 73 26 52 62 36 57 78 43 77 2 22 66 29 57 60 25 23 52 59 0 42 8 82 69 17 42 29 67 30 70 45 99 11 70 91 87 21 50 66 25 46 85 14 24 77 61 37 78 48 5 71 7 55 95 80 46 72 10 100 30 3 12 83 62 89 93 50 54 92 83 60 5 47 2 10 3 31 68 40 71
68 43 90 38 44 62 14 46 24 78 90 6 14 23 45 20 56 16 15 48 16 0 88 45 2 5 91 91 30 31 83 15 94 10 83 97 85 67 69 43 93 59 79 81 58 79 88 98 32 86 75 38 48 55 94 32 62 18 28 99 30 13 61 26 59 94 94 16 80 80 41 37 87 87 21 25 10 76 96 88 21 27 55 64 49 30 0 95 40 59 46 46 75 25 28 92 100 86 62 34 99 55 44 35 50 32 77 38 25 91 85 5 98 4 95 73 11 2 44 83 20 2 69 73 48 27 26 8 2 2 3 58 37 3 67 79 12 14 51 24 61 98 81 48 53 20 7 81 5 48 62 6 57 62 81 13 21 98 12 94 59 75 4 84 89 61 23 12 57 81 30 85 23 49 58 53
82 53 76 42 55 59 99 23 37 6 18 40 31 38 78 37 66 10 58 42 18 32 70 12 74 34 78 19 42 67 91 76 52 61 20 14 55 82 90 58 95 83 33 14 43 26 90 9 4 0 64 23 48 36 5 100 81 67 27 14 24 8 54 19 16 53 99 3 22 0 67 26 36 83 8 10 5 49 74 9 7 63 20 5 78 43 95 0 75 94 22 56 6 34 30 39 69 48 95 54 95 63 21 69 5 67 83 31 58 68 79 31 9 30 97 62 28 40 29 92 52 47 25 18 44 62 19 66 18 76 24 49 66 14 24 27 55 10 61 99 36 96 39 5 36 58 27 7 75 8 32 22 60 53 74 75 75 60 47 0 75 66 8 4 6 71 62 7 35 94 14 70 80 43 68 36
83 67 83 84 17 51 29 55 4 93 60 76 21 60 62 38 37 10 81 46 14 54 34 56 86 27 3 51 71 58 72 57 61 11 46 66 82 50 67 6 23 73 83 31 21 1 72 23 14 86 4 73 19 4 91 83 52 31 13 93 60 60 29 63 41 9 4 53 22 72 14 46 96 69 55 53 31 18 24 98 90 52 95 47 73 41 40 75 0 72 17 35 20 66 100 43 2 53 36 3 80 29 65 75 24 14 69 69 16 84 31 76 23 90 2 37 44 8 83 89 73 74 94 6 28 38 11 39 99 29 39 90 91 69 66 39 56 66 78 51 74 52 34 56 10 24 11 18 10 11 16 59 9 43 19 79 87 35 87 52 33 99 53 66 48 82 78 87 60 47 57 64 8 49 56 44
39 93 62 2 77 26 95 21 57 91 34 39 53 57 79 5 58 59 19 16 73 44 91 75 71 89 62 14 79 47 15 55 12 26 80 75 29 33 76 53 100 92 62 87 14 78 57 43 9 49 44 8 97 43 0 76 61 65 46 49 7 12 8 52 70 18 36 42 68 40 0 77 28 91 40 5 10 15 96 32 95 84 77 88 69 4 59 94 72 0 34 21 33 64 39 2 11 13 18 17 35 73 78 12 81 35 42 13 15 79 23 72 93 63 20 62 25 18 88 69 94 73 41 39 36 43 84 98 30 99 24 67 10 34 42 53 34 87 94 92 10 60 18 83 26 64 34 82 15 48 17 53 26 84 37 13 1 48 79 2 48 84 91 70 12 18 26 44 97 84 45 93 45 27 35 71
97 34 20 63 99 77 14 20 5 43 6 10 25 64 72 19 59 99 62 75 44 17 98 40 88 33 77 4 88 4 97 73 28 1 70 86 10 13 80 6 6 16 72 89 90 52 38 38 47 90 40 17 86 55 26 55 84 2 8 47 18 87 59 11 78 26 93 17 60 31 11 67 24 10 6 1 12 7 80 18 40 35 28 72 70 50 46 22 17 34 0 49 15 84 84 4 44 100 81 89 36 19 84 63 76 42 64 68 20 62 41 26 63 67 20 23 9 35 35 32 97 7 16 46 29 1 26 76 81 12 98 35 64 84 29 24 29 96 85 72 25 41 15 44 70 29 8 13 25 58 72 11 64 26 51 97 43 45 63 37 14 67 18 88 57 36 22 4 85 78 95 33 85 87 68 98
12 54 19 63 13 32 42 50 61 100 74 72 4 70 89 58 77 56 65 40 8 23 85 67 12 60 39 89 46 20 1 54 69 83 51 80 36 19 11 13 6 73 49 76 37 36 42 19 46 86 47 99 52 34 38 36 2 58 84 75 6 90 65 85 49 94 2 62 72 57 90 62 15 4 17 68 85 50 17 27 26 27 56 38 80 37 46 56 35 21 49 0 28 13 35 70 60 78 15 51 72 43 100 91 0 41 15 46 27 6 90 26 51 92 36 67 64 41 63 92 65 69 46 50 92 63 81 73 13 10 98 24 0 72 30 7 10 21 9 61 75 88 8 27 95 78 43 15 1 70 24 95 26 51 44 3 90 58 70 7 48 60 73 83 29 20 94 87 87 11 26 57 97 17 33 39
20 8 59 51 45 62 35 69 40 13 100 59 81 77 98 29 1 26 77 43 38 28 94 74 81 11 23 57 6 48 49 82 57 21 68 53 45 25 0 10 21 76 15 51 34 84 47 93 49 7 75 73 34 97 10 42 69 82 49 61 81 93 9 46 38 70 2 80 5 52 19 68 16 27 83 28 95 57 40 31 26 48 28 70 34 19 75 6 20 33 15 28 0 95 6 87 29 37 79 72 21 25 3 44 12 53 37 45 55 96 15 14 76 98 13 64 61 35 20 3 17 52 29 86 8 94 10 52 8 93 20 83 76 44 9 64 45 93 37 48 77 2 35 57 11 16 79 2 58 70 41 28 54 30 95 46 30 89 86 2 48 61 66 31 99 6 52 56 38 28 85 35 22 6 77 10
8 92 11 95 4 92 66 63 25 47 10 4 99 53 1 13 77 34 34 6 43 42 29 28 98 78 91 48 29 82 65 99 0 94 75 16 50 9 15 54 4 0 52 85 55 83 99 37 61 98 24 23 11 57 71 42 80 35 92 49 16 47 17 48 34 26 72 42 57 16 0 77 31 58 78 68 5 69 78 16 91 62 90 24 19 18 25 34 66 64 84 13 95 0 24 84 39 95 66 63 28 88 53 5 78 53 25 76 34 47 8 20 16 65 0 35 68 26 72 83 45 20 2 10 38 32 3 91 42 25 58 22 72 66 90 17 47 75 16 16 96 99 33 76 98 34 77 91 2 45 94 70 44 47 52 39 19 39 27 21 86 4 28 14 18 50 95 5 4 5 81 100 61 38 46 86
84 81 12 75 67 74 61 30 21 13 74 98 70 96 87 25 81 98 55 66 61 48 7 21 3 13 10 12 84 89 97 60 53 90 33 15 46 10 44 62 20 22 58 45 52 2 17 59 16 5 99 40 51 29 10 77 97 53 61 72 72 80 8 82 40 48 82 31 49 67 58 15 52 38 59 25 26 6 66 98 89 69 36 29 36 20 28 30 100 39 84 35 6 24 0 64 77 66 18 43 43 63 26 29 84 56 21 20 28 83 27 99 16 98 42 55 25 37 78 49 80 42 88 52 35 30 44 47 42 51 91 55 9 82 98 36 50 43 13 14 59 41 4 49 19 11 29 89 96 23 86 69 18 53 6 14 55 48 96 88 16 59 52 82 40 14 89 79 74 62 51 71 87 2 64 78
85 50 96 55 65 34 60 85 97 92 30 59 96 25 63 19 82 14 29 59 29 93 12 12 85 97 83 21 57 56 86 16 36 52 81 91 96 99 66 21 95 41 23 74 18 50 29 12 32 64 37 47 34 96 44 3 71 81 98 11 52 95 55 71 3 1 64 9 46 85 39 49 39 70 32 86 72 84 31 41 2 79 48 6 64 89 92 39 43 2 4 70 87 84 64 0 92 12 67 69 94 77 82 49 0 41 31 96 76 20 10 48 76 9 78 37 61 29 44 18 44 100 52 38 5 9 85 3 6 19 24 68 13 62 52 3 76 52 60 9 40 47 17 30 53 75 73 8 55 33 21 74 82 58 45 35 49 100 62 33 97 9 92 32 69 91 80 71 92 59 73 51 100 14 16 45
1 57 58 77 8 78 33 80 86 84 96 38 77 3 35 30 28 20 30 6 33 32 89 60 50 0 9 28 28 3 46 12 84 33 46 21 25 59 59 43 33 29 10 4 1 99 84 79 44 51 30 99 26 43 80 11 30 24 91 79 89 55 17 78 0 26 93 50 90 59 78 82 85 70 60 11 7 55 6 67 63 72 34 50 26 73 100 69 2 11 44 60 29 39 77 92 0 10 58 68 63 62 64 16 64 49 23 20 27 94 91 42 10 27 23 34 75 63 80 55 68 45 42 69 25 86 10 67 35 4 33 37 47 100 0 96 34 32 55 48 68 89 15 16 24 30 63 86 13 79 0 89 91 54 61 8 21 63 74 82 28 3 2 24 64 58 37 25 40 16 26 51 20 15 80 98
27 89 11 93 71 72 18 73 95 96 25 86 60 60 40 74 96 80 4 14 39 28 57 82 52 16 0 23 99 89 9 44 16 71 75 80 35 95 13 96 33 59 37 38 27 43 52 12 68 14 1 29 40 96 30 55 53 46 11 71 97 82 70 64 99 100 45 36 42 91 70 40 9 65 80 45 27 73 71 25 19 56 99 43 66 26 86 48 53 13 100 78 37 95 66 12 10 0 33 24 77 33 69 77 66 61 9 0 55 10 87 71 2 88 59 8 83 87 84 90 18 67 2 9 39 24 61 78 60 56 82 97 62 80 13 100 38 52 69 51 41 72 100 82 4 22 99 26 34 11 17 95 51 66 26 4 48 83 83 19 25 93 34 27 34 70 39 42 71 95 21 33 3 42 96 60
77 5 21 27 48 1 40 50 19 24 2 62 93 52 57 28 87 92 36 17 4 55 42 59 85 71 60 32 18 59 81 89 23 7 12 41 90 39 33 91 7 3 83 11 48 92 86 92 92 4 99 62 14 7 48 75 91 79 79 92 65 69 4 83 33 60 86 100 45 71 52 87 98 32 26 63 90 49 86 48 63 22 82 53 54 52 62 95 36 18 81 15 79 66 18 67 58 33 0 92 16 38 77 25 66 94 49 91 45 6 12 72 93 50 48 27 69 62 88 18 42 97 11 86 22 43 66 59 89 22 26 11 29 83 93 57 87 100 64 7 86 67 95 36 80 5 26 82 27 35 53 0 26 26 100 39 18 81 42 56 57 25 15 42 16 71 68 99 30 96 10 55 30 78 31 24
84 59 9 20 67 84 32 95 0 37 15 86 18 57 93 73 62 94 100 61 52 59 7 22 36 81 90 44 11 53 34 4 99 100 21 52 91 71 71 22 20 16 96 35 11 15 72 0 73 75 39 39 41 97 63 91 92 64 64 15 33 82 10 47 4 94 54 23 36 2 43 48 56 55 77 32 35 100 67 79 40 1 59 27 34 62 34 54 3 17 89 51 72 63 43 69 68 24 92 0 4 35 91 31 65 56 93 95 45 17 27 7 89 0 39 42 87 94 56 27 68 59 48 11 65 6 67 11 37 45 46 51 49 88 32 92 78 10 68 91 89 63 70 45 29 88 24 7 67 40 74 47 39 56 38 67 78 28 32 69 1 70 35 81 16 80 61 16 28 23 34 8 31 15 63 73
33 3 99 66 67 12 74 33 69 52 26 59 46 26 79 64 17 4 9 19 40 39 69 7 11 60 22 5 91 16 96 88 53 2 49 49 77 67 100 60 51 31 93 5 12 37 51 29 99 99 20 66 14 54 50 19 71 27 97 51 69 96 87 35 24 47 86 10 68 76 76 30 69 33 51 23 71 27 42 50 45 43 61 51 92 36 99 95 80 35 36 72 21 28 43 94 63 77 16 4 0 72 23 67 38 100 40 4 29 30 46 58 48 93 56 43 66 51 43 79 51 12 90 73 0 22 7 0 13 46 34 39 56 21 93 46 21 33 34 10 37 24 73 64 82 92 52 55 86 76 2 89 12 100 94 7 77 20 66 84 70 74 91 27 91 21 85 47 20 42 23 30 63 94 62 85
92 84 58 89 10 10 94 68 76 3 37 52 90 54 9 99 68 7 15 62 25 38 93 76 51 18 40 93 22 74 37 58 96 97 83 50 50 81 0 28 96 85 29 70 61 44 38 96 31 46 66 25 46 4 4 19 96 71 12 36 76 82 100 26 78 67 1 44 28 33 12 11 44 20 70 97 32 33 79 73 38 83 82 91 96 57 55 63 29 73 19 43 25 88 63 77 62 33 38 35 72 0 71 18 68 27 26 41 28 41 77 83 95 34 50 34 42 5 65 59 96 57 75 90 21 98 79 93 17 58 17 71 43 1 23 55 29 85 93 98 33 43 32 34 78 11 24 27 3 17 2 48 24 45 3 90 90 34 31 73 87 18 64 18 64 55 43 18 5 57 81 21 52 89 31 25
9 52 62 57 91 12 65 65 12 6 100 5 54 27 30 68 71 32 65 79 97 91 63 73 25 24 0 60 83 49 18 64 77 36 97 12 21 83 69 67 27 49 7 8 30 38 69 11 96 8 24 32 85 2 52 2 69 15 33 47 28 21 19 30 93 64 2 1 3 6 86 62 58 68 27 57 21 28 39 87 18 5 15 33 5 78 44 21 65 78 84 100 3 53 26 82 64 69 77 91 23 71 0 3 80 69 54 45 27 3 95 67 80 2 8 22 52 94 65 67 89 47 25 86 16 83 64 85 7 65 38 53 28 77 68 66 99 19 32 66 15 13 85 30 26 56 94 30 89 92 97 13 38 86 4 66 55 51 22 41 6 46 39 37 78 36 97 88 11 84 1 100 0 22 41 9
50 94 28 92 10 39 60 48 88 62 79 4 3 61 66 54 58 68 41 21 30 43 93 45 47 99 12 8 90 67 7 45 30 49 64 24 60 13 39 90 44 51 18 51 39 18 6 60 59 65 40 3 2 29 2 80 95 68 80 92 2 51 64 36 30 12 5 3 8 40 47 88 33 3 55 8 56 35 64 79 10 47 67 55 70 43 35 69 75 12 63 91 44 5 29 49 16 77 25 31 67 18 3 0 71 5 95 8 7 25 21 60 36 51 50 86 58 83 93 41 35 7 74 87 13 20 96 31 13 25 92 76 44 82 65 66 57 14 97 12 65 87 68 36 94 81 35 53 94 38 10 15 87 96 2 100 44 3 37 60 59 79 7 2 30 0 23 39 23 20 92 54 33 15 87 16
52 10 44 86 51 74 23 29 96 21 26 98 97 37 35 100 15 54 86 29 61 32 99 69 8 61 89 43 82 99 31 48 64 19 2 77 100 45 1 75 22 62 77 94 5 82 2 87 4 13 25 83 12 69 14 49 59 43 51 13 45 0 84 46 23 6 58 48 39 30 37 54 47 41 21 31 39 1 70 11 89 34 29 96 69 77 50 5 24 81 76 0 12 78 84 0 64 66 66 65 38 68 80 71 0 59 22 72 74 39 95 64 26 54 22 74 9 31 46 84 0 99 93 20 30 30 89 23 56 76 60 40 35 58 55 92 4 79 5 30 89 46 84 1 84 60 56 100 62 77 58 21 86 75 60 0 42 33 80 53 76 90 18 49 69 69 80 1 17 55 71 36 35 31 33 30
49 58 52 80 94 88 55 71 93 6 73 5 5 89 20 2 86 59 20 20 68 86 38 5 91 61 10 39 3 82 28 34 36 27 16 54 35 90 56 71 19 10 100 73 90 1 88 34 34 28 78 40 50 79 83 30 75 78 75 40 0 59 35 55 80 89 93 7 54 35 49 34 92 32 77 82 69 84 5 0 23 87 50 90 54 2 32 67 14 35 42 41 53 53 56 41 49 61 94 56 100 27 69 5 59 0 11 52 59 15 100 67 79 11 27 76 0 48 31 4 8 3 29 8 30 19 51 82 57 5 94 65 14 86 76 59 37 13 33 100 72 60 4 28 54 98 19 61 59 45 28 9 88 41 46 58 96 96 44 3 12 24 35 23 36 74 0 37 41 36 66 23 77 72 38 24
71 3 96 15 60 89 42 99 94 69 17 76 22 60 64 0 35 89 58 53 78 58 17 26 23 64 83 56 99 43 75 69 72 51 83 38 85 22 89 81 23 15 6 35 57 53 13 50 10 13 74 28 96 83 16 14 83 88 4 95 61 61 29 19 58 40 19 86 47 83 79 17 53 56 35 34 36 37 59 14 12 71 58 14 78 22 77 83 69 42 64 15 37 25 21 31 23 9 49 93 40 26 54 95 22 11 0 11 14 31 32 42 38 54 62 42 96 77 55 40 34 81 97 69 39 20 26 55 69 45 70 13 60 66 93 34 50 29 78 44 44 87 8 88 52 100 81 66 100 88 76 40 5 18 32 29 43 87 97 29 18 25 22 58 21 82 73 39 21 56 4 70 44 21 73 54
40 28 46 86 12 21 92 43 64 97 52 60 5 74 59 48 26 14 63 62 58 0 72 73 71 51 78 91 76 43 58 81 44 11 5 62 20 15 48 100 93 73 67 69 34 82 23 67 69 12 98 42 61 56 74 53 78 5 76 18 34 37 43 91 64 27 27 42 84 67 37 48 22 13 48 31 85 46 94 90 47 66 7 54 21 66 38 31 69 13 68 46 45 76 20 96 20 0 91 95 4 41 45 8 72 52 11 0 15 85 88 89 90 37 8 33 4 61 99 18 22 36 59 40 63 89 76 32 20 11 63 45 49 38 76 20 59 35 85 4 52 38 56 64 21 18 100 82 69 26 67 94 82 74 1 89 99 47 33 0 3 20 70 28 46 64 73 46 78 27 75 64 26 17 99 71
93 18 41 39 76 51 19 95 14 99 8 57 19 54 32 79 48 66 31 60 42 76 92 41 7 60 2 99 30 18 50 24 12 100 36 69 76 67 62 81 50 75 61 29 63 44 31 90 49 43 28 9 13 54 98 76 67 72 88 55 3 35 28 47 1 14 75 8 86 43 49 11 1 95 97 14 5 5 24 73 17 75 10 76 87 29 25 58 16 15 20 27 55 34 28 76 27 55 45 45 29 28 27 7 74 59 14 15 0 77 72 45 58 53 77 54 24 6 74 60 91 9 15 86 3 43 24 23 44 5 100 61 42 88 89 87 3 52 17 26 72 5 51 0 76 95 3 49 76 0 79 96 79 38 49 100 9 44 1 3 28 74 43 27 12 6 46 65 63 20 96 93 1 63 8 0
62 55 10 16 70 72 90 12 17 45 54 18 4 95 98 99 42 25 44 46 25 9 54 49 26 72 84 29 18 53 80 23 84 31 72 63 18 61 17 74 11 60 79 78 49 27 33 64 27 88 2 45 17 8 51 1 94 67 91 9 75 56 57 13 40 89 15 35 31 17 31 89 83 77 25 93 11 6 44 99 1 40 71 87 21 57 91 68 84 79 62 6 96 47 83 20 94 10 6 17 30 41 3 25 39 15 31 85 77 0 75 19 48 12 84 42 82 7 8 71 65 60 94 11 65 89 67 24 66 29 48 41 90 26 11 69 96 79 74 19 75 24 26 75 27 85 64 83 23 70 5 0 56 88 78 39 68 90 88 22 7 3 3 74 2 49 43 29 54 23 82 96 80 84 81 11
96 33 36 77 16 95 74 55 75 78 97 75 86 71 14 75 78 33 47 46 8 71 31 80 73 50 19 44 37 28 93 66 43 10 7 93 35 44 58 51 79 92 12 23 64 23 57 40 55 75 6 70 92 28 61 41 76 65 42 65 80 75 62 42 57 27 7 64 28 41 81 79 68 30 23 3 78 85 40 0 33 43 2 48 32 60 85 79 31 23 41 90 15 8 27 10 91 87 12 27 46 77 95 21 95 100 32 88 72 75 0 63 9 26 52 98 50 79 73 50 7 70 16 88 41 11 60 94 7 38 23 32 69 22 14 71 84 34 18 10 45 96 49 91 43 80 80 4 9 26 96 9 87 24 45 90 92 24 58 35 89 74 39 9 83 55 72 60 99 35 87 14 0 86 60 95
52 69 33 36 34 13 98 36 34 84 46 38 68 17 76 49 82 25 56 45 14 45 2 86 36 16 10 50 87 80 32 92 57 40 44 7 45 93 95 87 22 45 73 36 67 85 20 88 68 15 86 5 15 39 72 26 32 13 3 27 90 27 65 10 54 51 98 62 8 18 74 53 15 63 55 45 65 100 39 88 18 12 95 47 66 25 5 31 76 72 26 26 14 20 99 48 42 71 72 7 58 83 67 60 64 67 42 89 45 19 63 0 76 84 12 64 36 100 97 78 24 21 86 88 98 93 67 3 42 67 43 31 47 42 9 80 2 99 16 5 71 50 19 34 17 84 33 94 97 55 29 99 54 20 11 45 27 97 75 8 73 3 64 60 61 0 25 46 59 12 5 13 42 2 100 35
82 82 78 3 55 82 92 31 5 99 10 88 15 90 49 25 30 36 8 6 70 0 58 57 66 18 94 82 55 54 0 32 99 89 48 0 18 81 82 60 48 38 35 48 28 14 23 85 45 8 8 51 81 61 80 98 79 36 45 24 92 0 6 51 87 51 90 4 78 73 34 43 93 80 2 78 29 91 15 88 56 65 31 47 18 23 98 9 23 93 63 51 76 16 16 76 10 2 93 89 48 95 80 36 26 79 38 90 58 48 9 76 0 71 35 49 66 39 23 41 90 6 82 92 6 19 70 28 62 65 30 86 85 13 76 8 55 31 53 3 33 18 20 25 77 70 9 56 25 53 76 65 88 53 30 37 42 50 76 5 81 83 45 78 82 28 55 86 61 78 3 29 71 5 58 0
36 78 89 37 68 75 40 74 70 88 90 39 90 76 56 35 67 8 15 42 29 36 40 60 32 60 92 37 99 50 71 19 63 84 70 78 38 57 32 28 72 15 20 84 94 85 62 53 97 12 73 78 83 47 27 10 70 36 96 86 24 68 10 45 68 91 6 4 11 25 46 47 56 53 84 59 33 24 83 79 60 81 27 57 47 52 4 30 90 63 67 92 98 65 98 9 27 88 50 0 93 34 2 51 54 11 54 37 53 12 26 84 71 0 60 17 98 51 17 64 61 15 78 12 49 48 9 8 1 70 94 6 59 97 61 47 12 69 67 37 46 43 46 59 60 9 18 14 34 55 57 44 49 85 24 60 96 73 75 63 73 94 49 37 86 6 30 49 70 66 9 0 69 46 19 20
79 24 75 87 33 21 75 2 62 83 67 96 60 92 87 75 70 29 26 69 10 5 68 47 8 43 78 61 63 72 13 43 7 74 7 82 15 23 79 81 58 0 32 44 76 45 12 40 31 4 40 100 9 18 69 78 75 21 76 4 57 41 81 22 46 68 26 8 78 77 75 84 38 26 50 29 36 86 62 77 57 35 19 91 47 59 95 97 2 20 20 36 13 0 42 78 23 59 48 39 56 50 8 50 22 27 62 8 77 84 52 12 35 60 0 4 15 67 64 5 89 39 22 24 68 54 39 71 34 53 5 21 90 15 48 4 42 26 92 34 28 38 89 85 28 52 37 6 24 87 47 56 100 35 77 45 7 26 27 39 60 58 87 95 30 57 88 94 35 55 38 51 39 38 0 18
43 86 68 19 91 80 81 63 7 35 41 78 63 10 20 32 12 93 80 54 76 67 21 33 84 55 30 5 1 22 42 70 0 63 98 33 83 83 21 17 24 80 44 23 44 99 15 78 33 38 100 72 57 2 8 87 78 21 1 5 8 56 100 66 27 28 39 68 40 56 53 10 19 3 88 91 73 84 15 62 39 11 56 29 23 0 73 62 37 62 23 67 64 35 55 37 34 8 27 42 43 34 22 86 74 76 42 33 54 42 98 64 49 17 4 0 88 69 39 52 92 69 26 99 74 79 86 20 67 92 97 16 59 39 11 64 13 90 81 73 26 18 14 85 31 25 60 77 51 82 59 91 19 4 31 22 61 14 31 70 3 59 11 50 37 99 92 11 38 98 98 98 32 60 18 33
48 33 10 44 32 96 8 79 4 72 93 100 55 8 60 50 60 75 77 71 39 10 94 23 7 50 27 56 63 87 90 13 31 58 13 48 67 90 23 64 49 85 18 42 33 83 34 57 86 100 24 80 90 89 59 89 75 41 96 26 79 12 33 55 82 97 37 61 23 87 45 71 81 48 91 76 40 38 14 25 2 37 45 15 52 42 11 28 44 25 9 64 61 68 25 61 75 83 69 87 66 42 52 58 9 0 96 4 24 82 50 36 66 98 15 88 0 62 31 97 21 29 9 84 41 47 13 38 1 9 32 86 60 72 32 74 95 66 48 87 11 35 2 49 56 92 13 70 97 9 89 70 100 60 7 49 27 25 25 13 23 60 32 35 78 89 30 6 93 1 13 8 37 65 66 73
21 44 56 13 74 23 51 13 32 24 89 4 34 35 93 100 81 60 17 59 43 78 41 68 79 28 96 23 93 44 55 9 18 79 24 64 41 74 60 57 65 55 55 86 49 8 71 60 43 93 12 80 0 32 36 68 96 28 80 26 67 44 67 0 39 35 71 34 75 2 75 53 42 12 34 22 88 48 94 35 30 42 8 52 94 8 2 40 8 18 35 41 35 26 37 29 63 87 62 94 51 5 94 83 31 48 77 61 6 7 79 100 39 51 67 69 62 0 100 52 44 88 36 77 9 64 57 59 50 33 27 28 54 14 20 35 42 3 67 25 90 40 73 15 68 75 74 88 56 30 59 64 85 91 59 76 51 41 4 94 92 84 11 12 31 1 80 34 66 81 99 48 33 58 25 45
81 97 73 51 18 57 11 9 90 37 90 94 16 90 53 83 59 93 54 78 14 45 45 89 31 7 44 3 65 27 80 80 95 43 0 0 30 26 56 73 56 48 38 24 36 34 13 85 41 39 45 85 26 34 41 34 27 39 9 82 31 37 77 89 17 52 12 96 92 29 75 58 64 73 42 53 86 36 50 0 67 60 64 18 71 82 44 29 83 88 35 63 20 72 78 44 80 84 88 56 43 65 65 93 46 31 55 99 74 8 73 97 23 17 64 39 31 100 0 14 99 85 98 22 38 81 59 94 56 0 10 10 65 75 96 27 22 71 78 13 37 12 73 100 97 63 20 73 86 21 65 37 91 11 46 70 77 46 0 16 4 49 73 38 50 69 82 19 10 78 23 82 64 2 49 17
42 33 85 63 52 35 65 55 19 7 17 48 82 71 86 93 86 99 94 92 56 72 16 92 19 20 16 8 27 84 78 48 34 50 37 30 73 70 6 55 43 26 47 48 100 29 32 32 46 39 47 96 73 57 10 28 37 10 1 63 88 0 76 57 52 32 98 44 84 60 91 4 34 43 68 53 58 17 51 91 89 61 9 77 36 69 83 92 89 69 32 92 3 83 49 18 55 90 18 27 79 59 67 41 84 4 40 18 60 71 50 78 41 64 5 52 97 52 14 0 43 32 55 93 86 10 76 1 98 86 83 99 27 51 34 31 49 31 72 99 66 100 39 41 3 25 68 58 48 12 24 92 43 43 49 6 90 21 40 85 48 53 8 8 90 78 22 85 33 61 85 16 5 98 67 94
78 57 58 38 70 33 52 3 84 8 69 18 70 96 52 3 70 81 20 10 41 48 27 84 96 66 72 61 89 16 44 25 89 37 90 54 51 45 99 8 78 43 48 16 39 99 86 33 26 41 94 76 38 82 25 89 77 39 22 24 51 87 58 23 40 67 95 28 34 96 95 38 15 90 74 46 5 20 7 52 41 1 3 80 19 17 20 52 73 94 97 65 17 45 80 44 68 18 42 68 51 96 89 35 0 8 34 22 91 65 7 24 90 61 89 92 21 44 99 43 0 43 89 39 80 85 45 65 9 78 1 71 29 72 57 73 2 90 76 19 35 39 63 67 9 28 48 81 53 71 84 8 47 73 57 79 59 61 99 48 6 93 3 58 11 81 76 81 92 69 39 97 82 95 76 56
8 8 9 45 39 14 42 20 12 73 84 56 1 27 100 32 41 48 16 10 36 19 89 17 39 27 96 25 40 67 58 72 68 41 30 75 18 59 99 75 95 15 22 67 87 53 95 76 20 85 84 73 99 48 58 74 88 71 61 23 75 67 48 0 100 32 90 94 26 85 3 2 65 95 24 28 42 29 6 21 0 48 12 84 14 42 2 47 74 73 7 69 52 20 42 100 45 67 97 59 12 57 47 7 99 3 81 36 9 60 70 21 6 15 39 69 29 88 85 32 43 0 72 95 0 81 51 84 51 18 11 50 5 34 29 93 91 90 90 74 46 46 71 73 65 19 24 46 100 34 94 96 96 70 80 25 40 80 27 80 50 5 85 3 56 68 32 62 6 53 4 20 11 68 69 75
64 30 24 97 66 45 46 85 65 80 54 41 63 87 66 78 35 62 15 89 21 28 60 51 80 89 34 41 88 36 25 38 74 48 14 52 91 46 31 57 80 49 36 30 65 45 93 2 13 42 1 54 62 71 100 71 49 56 56 31 25 42 50 11 78 13 64 36 21 17 85 53 84 8 37 84 77 52 74 58 27 33 55 28 56 29 69 25 94 41 16 46 29 2 88 52 42 2 11 48 90 75 25 74 93 29 97 59 15 94 16 86 82 78 22 26 9 36 98 55 89 72 0 100 15 91 19 65 79 65 44 85 87 26 85 47 18 69 19 70 14 16 52 27 44 55 57 38 68 90 17 88 23 90 23 44 79 85 99 5 48 94 96 9 76 49 14 97 85 48 64 43 38 69 38 79
60 55 77 38 100 95 89 26 33 78 71 28 83 33 20 61 23 79 94 20 87 94 43 33 7 57 62 3 87 63 42 12 46 10 48 13 92 74 10 30 6 43 27 69 67 10 22 16 8 32 28 39 49 56 66 17 84 56 7 71 72 31 62 65 16 74 80 97 9 62 6 22 34 41 24 7 95 49 34 97 90 47 48 16 25 67 73 18 6 39 46 50 86 10 52 38 69 9 86 11 73 90 86 87 20 8 69 40 86 11 88 88 92 12 24 99 84 77 22 93 39 95 100 0 82 25 100 38 46 39 6 52 73 79 8 53 80 35 74 36 100 96 91 69 87 57 73 40 5 43 63 20 4 78 4 70 65 69 17 21 82 9 91 51 77 60 25 6 94 73 42 36 8 65 1 66
58 3 94 81 59 91 21 81 4 77 44 0 69 43 2 7 20 61 98 67 82 72 3 45 60 96 80 67 100 45 22 57 51 80 15 46 81 34 55 21 64 74 38 84 13 18 56 87 63 29 22 100 63 0 47 52 73 14 30 68 11 44 40 16 88 14 99 56 6 33 61 34 26 44 41 60 72 52 2 8 77 93 59 32 27 30 48 44 28 36 29 92 8 38 35 5 25 39 22 65 0 21 16 13 30 30 39 63 3 65 41 98 6 49 68 74 41 9 38 86 80 0 15 82 0 44 51 95 89 86 90 15 67 3 18 36 88 57 70 57 76 80 27 31 2 3 1 39 63 20 24 93 3 39 69 72 98 89 33 72 66 68 68 52 3 84 68 7 47 42 10 8 60 91 28 45
40 23 33 57 35 3 57 44 70 75 26 0 38 83 31 5 20 13 28 61 90 24 24 22 87 0 8 71 73 0 13 15 75 7 67 7 84 55 29 94 98 1 50 71 91 13 94 12 63 96 71 60 63 40 71 74 62 83 9 97 33 34 0 25 63 86 6 45 58 29 87 6 100 31 21 70 19 39 21 1 26 23 10 67 1 70 27 62 38 43 1 63 94 32 30 9 86 24 43 6 22 98 83 20 30 19 20 89 43 89 11 93 19 48 54 79 47 64 81 10 85 81 91 25 44 0 88 28 61 84 74 88 65 51 52 57 4 21 21 51 54 25 91 90 79 68 51 1 42 41 5 92 76 94 6 78 77 49 64 15 87 71 38 79 30 86 69 8 88 84 5 33 52 83 82 17
28 30 64 26 21 47 57 35 91 12 81 86 65 66 46 14 87 80 61 74 62 33 96 10 29 53 57 63 51 89 83 25 99 28 24 27 56 8 11 10 92 28 67 40 3 3 38 0 57 17 51 66 15 81 93 84 65 55 14 52 94 68 90 66 64 14 25 56 2 99 83 68 0 73 67 78 95 1 28 8 26 36 87 1 33 45 26 19 11 84 26 81 10 3 44 85 10 61 66 67 7 79 64 96 89 51 26 76 24 67 60 67 70 9 39 86 13 57 59 76 45 51 19 100 51 88 0 24 20 91 33 47 32 11 32 3 82 53 86 96 53 96 7 18 68 14 59 74 36 92 60 50 0 72 15 1 100 38 3 78 98 4 5 1 33 46 87 100 21 61 93 67 11 49 64 79
32 4 48 7 89 25 47 95 46 65 60 10 79 12 35 38 30 7 24 31 54 9 13 76 67 70 92 90 100 77 48 88 55 96 2 90 3 45 80 15 47 78 53 77 35 78 99 62 78 77 84 74 63 54 55 9 13 14 29 99 1 13 95 20 36 37 72 40 23 99 57 33 13 16 31 96 48 35 91 37 67 69 74 81 1 99 8 66 39 98 76 73 52 91 47 3 67 78 59 11 0 93 85 31 23 82 55 32 23 24 94 3 28 8 71 20 38 59 94 1 65 84 65 38 95 28 24 0 11 59 15 92 56 34 58 95 16 75 76 11 57 26 51 59 25 3 56 50 86 34 27 27 62 29 81 31 39 70 95 7 81 92 60 60 93 91 44 7 99 2 23 33 19 7 39 86
88 3 4 11 30 19 47 35 84 75 29 51 84 28 90 81 64 2 29 96 82 90 23 53 65 44 30 92 57 82 18 55 68 87 61 90 16 47 48 27 88 5 25 85 78 21 100 5 27 95 62 18 29 42 6 45 7 79 94 59 46 0 30 19 64 86 93 1 3 60 42 49 79 62 15 44 23 21 1 0 83 13 83 42 1 11 2 18 99 30 81 13 8 42 42 6 35 60 89 37 13 17 7 13 56 57 69 20 44 66 7 42 62 1 34 67 1 50 56 98 9 51 79 46 89 61 20 11 0 81 57 19 16 89 36 34 21 28 97 26 7 54 74 78 28 7 10 69 14 32 26 73 72 51 68 71 19 15 67 7 71 73 13 9 88 84 83 33 76 22 30 11 5 32 82 47
86 62 14 24 78 70 16 64 60 41 38 81 17 29 63 48 46 9 35 22 12 60 53 19 0 51 83 86 28 18 1 34 19 19 38 50 22 100 90 79 87 21 86 70 95 51 73 52 7 50 63 77 100 49 22 72 64 8 6 2 43 6 32 15 0 62 6 63 21 68 47 1 14 93 58 94 10 98 8 46 77 5 35 5 1 70 2 76 29 99 12 10 93 25 51 19 4 56 22 45 46 58 65 25 76 5 45 11 5 29 38 67 65 70 53 92 9 33 0 86 78 18 65 39 86 84 91 59 81 0 75 98 86 52 11 2 67 21 42 16 40 14 10 18 20 74 5 83 46 84 73 99 34 46 44 17 78 59 68 85 74 38 17 24 84 38 9 5 88 6 16 47 52 8 80 78
60 85 66 19 24 78 26 14 78 6 1 96 91 32 13 79 64 79 93 43 62 69 9 41 56 15 85 44 91 96 19 99 27 85 58 25 57 54 89 50 81 15 78 59 27 92 46 100 87 3 62 76 36 56 58 8 23 31 27 1 49 15 5 76 79 23 10 73 59 50 28 42 2 33 5 70 39 86 41 84 40 80 43 23 76 91 3 24 39 24 98 98 20 58 91 24 33 82 26 46 34 17 38 92 60 94 70 63 100 48 23 43 30 94 5 97 32 27 10 83 1 11 44 6 90 74 33 15 57 75 0 83 77 56 13 51 55 19 10 4 0 25 9 23 60 91 74 81 21 87 32 28 97 7 58 31 48 37 48 71 88 95 55 55 58 69 54 52 53 91 19 37 47 62 3 56
87 89 95 9 63 75 28 19 90 2 76 71 62 61 80 100 12 81 32 5 78 16 40 75 28 32 27 88 39 63 62 87 93 11 41 24 14 70 81 1 8 71 33 43 54 71 51 57 86 38 62 16 88 94 41 77 34 68 22 58 28 78 91 20 10 3 52 25 96 26 95 35 66 7 66 5 81 38 60 24 78 18 78 12 15 87 58 49 90 67 35 24 83 22 55 68 37 97 11 51 39 71 53 76 40 65 13 45 61 41 32 31 86 6 21 16 86 28 10 99 71 50 85 52 15 88 47 92 19 98 83 0 45 24 50 66 52 45 25 23 2 10 89 12 19 17 65 65 28 67 70 13 56 64 58 82 0 10 57 84 76 71 33 39 93 40 41 98 48 51 61 60 37 31 15 71
29 58 66 11 13 38 30 19 66 50 13 79 18 32 84 99 34 0 4 12 58 21 51 99 74 20 46 62 94 79 99 51 16 12 49 87 92 76 81 52 69 34 0 37 56 94 56 10 49 54 12 96 49 18 47 42 12 86 75 51 93 69 5 91 70 23 52 27 48 3 0 39 46 57 48 32 93 14 0 91 47 62 2 53 51 21 37 66 91 10 64 0 76 72 9 13 47 62 29 49 56 43 28 44 35 14 60 49 42 90 69 47 85 59 90 59 60 54 65 27 29 5 87 73 67 65 32 56 16 86 77 45 0 73 44 49 77 61 18 27 78 53 60 78 1 68 37 3 95 18 55 61 35 85 57 21 24 10 100 33 33 87 1 11 66 91 21 2 16 61 56 95 77 40 86 18
67 64 100 76 14 75 21 22 69 36 91 57 99 71 40 59 61 69 7 30 78 48 88 96 84 3 95 14 25 22 71 66 79 43 38 22 65 5 16 49 18 5 43 17 63 6 16 49 3 0 47 23 62 75 24 82 27 45 33 98 10 35 34 27 66 29 73 18 85 71 80 72 58 20 78 16 53 67 88 13 97 89 33 19 51 50 3 14 69 34 84 72 44 66 82 62 100 80 83 88 21 1 77 82 58 86 66 38 88 26 22 42 13 97 15 39 72 14 75 51 72 34 26 79 3 51 11 34 89 52 56 24 73 0 19 76 32 79 27 100 17 95 22 16 66 96 23 82 97 10 30 80 40 3 4 12 8 58 55 50 7 72 72 89 38 35 49 59 40 88 64 37 4 90 39 57
100 34 60 54 32 74 16 79 45 95 21 9 51 52 77 65 84 83 5 94 32 48 84 23 31 25 26 39 37 87 44 42 67 35 39 99 72 39 30 6 60 78 2 52 31 0 27 77 81 52 40 33 26 83 1 59 85 27 22 14 100 89 21 75 35 5 80 11 78 57 29 44 97 82 35 80 28 79 51 50 14 51 72 3 92 66 67 24 66 42 29 30 9 90 98 52 0 13 93 32 93 23 68 65 55 76 93 76 89 11 14 9 76 61 48 11 32 20 96 34 57 29 85 8 18 52 32 58 36 11 13 50 44 19 0 77 70 7 98 76 23 42 43 76 40 17 40 67 14 13 5 88 69 81 37 29 27 40 34 91 74 28 69 13 64 26 93 81 77 9 65 65 39 39 69 69
80 13 82 63 25 53 65 66 34 2 67 63 15 72 51 27 55 60 57 18 79 20 90 48 50 25 18 40 18 98 66 12 53 43 13 21 6 84 90 71 21 63 14 76 87 25 32 60 47 89 26 60 63 26 55 46 14 52 95 43 81 28 93 60 66 59 75 35 94 22 28 5 23 94 97 33 92 60 58 69 21 73 75 72 2 25 79 27 39 53 24 7 64 17 36 3 96 100 57 92 46 55 66 66 92 59 34 20 87 69 71 80 8 47 4 64 74 35 27 31 73 93 47 53 36 57 3 95 34 2 51 66 49 76 77 0 9 73 55 66 80 44 26 22 73 30 44 12 75 56 82 55 99 33 25 80 71 31 96 77 84 29 77 25 16 70 28 23 9 49 87 100 80 28 53 3
1 66 28 61 0 37 10 46 26 48 92 33 74 3 47 33 90 31 0 13 49 3 45 34 82 9 81 24 22 29 4 56 86 80 55 2 68 60 13 37 53 66 59 1 21 36 80 6 83 37 38 46 60 53 90 0 74 48 82 43 98 21 41 77 100 59 13 95 8 50 95 43 96 58 89 58 47 85 5 44 63 74 10 87 53 46 12 55 56 34 29 10 45 47 50 76 34 38 87 78 21 29 99 57 4 37 50 59 3 96 84 2 55 12 42 13 95 42 22 49 2 91 18 80 88 4 82 16 21 67 55 52 77 32 70 9 0 1 34 31 15 18 53 44 18 66 84 43 40 6 84 28 3 6 84 19 100 74 92 58 72 51 50 2 75 24 85 55 16 67 58 77 39 1 42 70
77 45 65 22 34 39 89 86 1 16 41 73 98 62 1 25 61 56 90 83 5 67 6 42 64 52 55 60 21 30 35 0 93 45 40 20 52 43 28 26 19 78 19 19 60 1 0 1 88 63 53 13 73 48 4 0 46 79 54 73 28 57 50 34 12 23 95 80 98 43 91 88 84 74 11 98 100 79 90 83 37 86 34 4 3 85 14 10 66 87 96 21 93 75 43 52 32 52 100 10 33 85 19 14 79 13 29 35 52 79 34 99 31 69 26 90 66 3 71 31 90 90 69 35 57 21 53 75 28 21 19 45 61 79 7 73 1 0 78 78 31 29 12 85 86 0 75 68 53 65 42 40 20 90 78 21 83 33 90 31 9 68 9 46 84 59 58 51 100 83 49 38 8 84 96 72
57 98 9 13 2 47 20 5 77 70 72 81 76 28 1 24 13 38 5 86 9 90 17 99 20 96 52 70 23 59 53 70 5 5 84 1 58 59 72 19 59 49 61 75 12 72 90 86 9 84 76 57 90 32 90 37 31 33 75 39 30 83 27 0 59 80 74 32 82 15 67 84 40 67 89 51 55 2 57 55 69 39 94 27 79 14 51 61 78 94 85 9 37 16 13 60 55 69 64 68 34 93 32 97 5 33 78 85 17 74 18 16 53 67 92 81 48 67 78 72 76 90 19 74 70 21 86 76 97 42 10 25 18 27 98 55 34 78 0 85 94 77 42 3 57 78 74 49 96 71 0 32 15 76 20 88 84 53 5 71 53 8 65 9 78 70 29 88 97 94 52 67 39 76 38 33
73 62 44 5 57 26 86 30 56 50 23 20 23 9 94 31 53 93 68 8 30 90 22 15 96 28 28 71 85 64 46 10 31 37 8 96 30 17 2 53 9 40 99 27 12 84 92 24 52 14 22 48 65 16 36 36 40 100 33 25 52 13 50 51 21 74 94 6 92 16 36 36 76 27 59 59 26 99 54 19 93 58 15 82 9 24 24 99 51 92 72 61 48 16 14 9 48 51 7 91 10 98 66 12 30 100 44 4 26 19 10 5 3 37 34 73 87 25 13 99 19 74 70 36 57 51 96 11 26 16 4 23 27 100 76 66 31 78 85 0 66 85 75 2 30 50 4 38 23 90 76 56 31 33 61 2 66 33 88 88 11 20 5 95 29 1 86 56 73 63 6 38 29 89 84 3
73 72 76 22 10 70 91 76 30 97 52 30 35 15 7 38 49 57 47 64 23 61 60 7 1 85 60 80 68 52 10 45 21 64 65 77 99 55 9 41 48 96 70 79 62 86 7 44 75 40 52 45 1 18 89 24 35 99 66 82 48 12 90 66 0 38 67 27 66 58 38 31 57 31 88 12 95 28 95 34 83 18 82 76 92 77 61 36 74 10 25 75 77 96 59 40 68 41 86 89 37 33 15 65 89 72 44 52 72 75 45 71 33 46 28 26 11 90 37 66 35 46 14 100 76 54 53 57 7 40 0 2 78 17 23 80 15 31 94 66 0 18 39 41 77 86 36 27 21 40 42 99 27 23 26 85 46 44 77 80 28 72 14 7 72 62 31 0 65 28 28 40 55 61 64 70
76 96 44 72 73 27 25 5 65 64 39 38 61 31 79 73 96 43 75 77 27 88 24 100 47 9 79 96 70 16 9 52 31 10 75 8 37 23 45 97 8 6 84 4 6 55 87 69 97 70 36 48 39 62 81 47 9 40 87 84 48 20 40 51 22 83 94 52 33 31 84 49 9 49 5 80 82 89 100 3 12 48 20 41 6 61 98 96 52 60 41 88 2 99 41 47 89 72 67 63 24 43 13 87 46 60 87 38 5 24 96 50 18 43 38 18 35 40 12 100 39 46 16 96 80 25 96 26 54 14 25 10 53 95 42 44 18 29 77 85 18 0 1 8 16 92 58 62 90 97 5 63 8 91 26 59 67 26 55 84 45 1 34 2 10 92 83 50 37 12 26 20 22 31 30 61
31 94 76 89 63 65 69 31 8 83 8 97 32 61 67 89 48 29 93 67 39 44 6 72 49 85 41 87 14 69 14 61 90 10 35 62 1 77 72 64 42 62 53 79 47 8 29 99 39 54 65 77 81 70 90 85 53 61 40 63 86 78 78 30 56 56 45 43 83 57 25 4 88 63 24 72 94 89 56 28 33 72 91 43 94 37 81 39 34 18 15 8 35 33 4 17 15 100 95 70 73 32 85 68 84 4 8 56 51 26 49 19 20 46 89 14 2 73 73 39 63 71 52 91 27 91 7 51 74 10 9 89 60 22 43 26 53 12 42 75 39 1 0 89 23 14 20 14 21 30 50 15 3 85 69 99 89 19 10 4 3 47 89 54 86 61 54 90 50 88 64 93 52 1 9 55
90 3 68 47 77 79 59 16 59 6 51 13 65 5 49 1 84 69 9 58 82 97 24 86 75 4 48 94 7 63 35 29 72 92 57 48 74 72 87 27 88 36 32 21 77 63 69 90 62 26 88 81 54 23 2 100 14 99 44 22 65 97 97 0 89 38 71 100 36 21 4 11 69 5 3 96 62 84 50 93 5 71 73 66 10 78 48 5 56 83 44 27 57 76 49 30 16 82 36 45 64 34 30 36 1 28 88 64 0 75 91 34 25 59 85 85 49 15 100 41 67 73 27 69 31 90 18 59 78 18 23 12 78 16 76 22 44 85 3 2 41 8 89 0 54 61 68 34 94 38 25 57 98 38 71 92 66 49 19 25 78 92 88 86 47 37 6 94 57 63 87 43 87 21 26 43
46 42 40 11 26 39 71 20 1 34 37 43 61 55 96 25 84 66 32 41 56 29 85 40 19 89 9 31 42 58 9 43 91 41 14 4 96 30 83 87 82 92 76 73 66 47 100 55 72 39 68 66 4 95 17 74 53 53 86 10 1 41 96 65 6 28 41 75 80 56 30 58 70 19 97 58 74 31 60 13 49 23 36 24 19 48 53 36 10 26 70 95 11 98 19 53 24 4 80 29 82 78 26 94 84 54 52 21 76 27 43 17 77 60 28 31 56 68 97 3 9 65 44 87 2 79 68 25 28 20 60 19 1 66 40 73 18 86 57 30 77 16 23 54 0 96 21 29 99 46 75 67 80 52 71 53 13 17 20 24 19 48 8 70 36 11 80 77 7 36 65 29 25 21 19 8
87 77 69 46 32 26 21 70 13 68 53 92 59 93 96 8 71 95 65 83 22 68 34 100 22 15 34 7 26 36 97 9 38 90 28 89 36 78 84 70 44 17 98 51 74 70 82 60 46 52 51 25 50 29 52 68 62 97 71 20 56 41 17 18 52 52 1 17 57 9 62 52 19 40 64 57 47 53 92 26 49 36 1 7 82 5 20 58 24 64 29 78 16 34 11 75 30 22 5 88 92 11 56 81 60 98 100 18 95 85 80 84 70 9 52 25 92 75 63 25 28 19 55 57 3 68 14 3 7 74 91 17 68 96 17 30 66 0 78 50 86 92 14 61 96 0 19 14 41 13 89 39 52 87 26 38 48 51 19 93 48 8 95 62 96 91 50 65 0 82 62 76 40 61 4 85
58 34 6 74 17 94 13 91 86 64 23 17 31 2 15 3 37 97 92 62 74 84 6 88 45 79 20 61 33 52 55 90 63 70 97 86 76 8 94 33 22 30 15 12 48 63 71 38 66 11 18 28 11 81 4 80 51 46 39 34 98 97 10 32 73 90 98 66 81 1 44 88 88 98 27 39 16 17 79 16 63 75 83 67 23 71 7 27 11 34 8 43 79 77 29 73 63 99 26 24 52 24 94 35 56 19 81 100 3 64 80 33 9 18 37 60 13 74 20 68 48 24 57 73 1 51 59 56 10 5 74 65 37 23 40 44 84 75 74 4 36 58 20 68 21 19 0 35 51 75 13 22 90 94 11 15 20 96 16 6 18 10 86 55 47 98 25 40 37 11 19 61 41 63 60 48
33 18 21 32 92 55 34 62 25 10 27 79 96 99 14 80 40 77 56 76 82 29 30 98 51 19 43 7 100 93 51 99 51 49 98 36 88 65 89 57 95 25 74 70 49 5 39 23 64 53 34 13 91 45 2 100 23 39 44 53 36 82 64 52 36 42 65 52 46 84 34 22 94 39 19 82 61 65 67 32 72 88 21 70 85 7 81 7 18 82 13 15 2 91 89 8 86 26 82 7 55 27 30 53 100 61 66 82 49 83 4 94 56 14 6 77 70 88 73 58 81 46 38 40 39 1 74 50 69 83 81 65 3 82 67 12 43 68 49 38 27 62 14 34 29 14 35 0 78 42 66 12 30 70 87 77 70 54 26 64 66 99 16 99 87 93 86 80 15 25 40 60 32 75 55 10
71 88 61 64 82 86 14 22 14 19 92 42 13 31 47 65 86 0 51 11 68 37 49 41 89 20 26 4 2 16 40 41 73 13 34 56 39 52 63 52 67 60 66 94 91 69 50 82 77 100 56 2 85 12 15 21 59 31 69 56 47 27 64 75 59 30 98 72 99 67 60 29 5 32 13 24 60 87 73 81 19 40 27 0 80 55 5 75 10 15 25 1 58 2 96 55 13 34 27 67 86 3 89 94 62 59 100 69 76 23 9 97 25 34 24 51 97 56 86 48 53 100 68 5 63 42 36 86 14 46 21 28 95 97 14 75 40 53 96 23 21 90 21 94 99 41 51 78 0 90 20 22 92 89 59 41 12 2 29 32 60 32 18 46 81 27 49 77 80 26 2 94 61 40 58 45
2 34 90 9 58 59 82 16 48 9 71 30 85 7 34 4 42 69 93 45 57 58 65 78 85 55 83 14 71 99 20 7 88 31 25 80 58 52 82 98 82 69 69 33 44 99 10 37 11 78 40 62 25 84 6 38 85 7 86 18 60 62 83 49 25 34 5 60 57 68 67 88 56 30 16 30 67 81 53 100 72 83 31 65 53 95 48 8 11 48 58 70 70 45 23 33 79 11 35 40 76 17 92 38 77 45 88 26 0 70 26 55 53 55 87 82 9 30 21 12 71 34 90 43 20 41 92 34 32 84 87 67 18 10 13 56 6 65 71 90 40 97 30 38 46 13 75 42 90 0 39 30 83 42 70 8 96 51 8 49 18 68 84 55 11 90 20 54 99 45 3 88 5 37 2 21
97 35 91 52 0 67 1 40 46 56 92 70 73 91 19 2 11 70 42 23 63 61 62 69 73 60 28 14 40 97 63 50 88 21 59 77 24 57 71 14 13 79 7 23 15 10 34 58 86 56 38 14 33 59 15 17 36 11 21 60 37 18 0 11 90 26 86 1 61 20 85 86 49 4 33 81 45 67 70 8 78 26 28 59 44 80 62 32 16 17 72 24 41 94 86 21 0 17 53 74 2 2 97 10 58 28 76 67 79 5 96 29 76 57 47 59 89 59 65 24 84 94 17 63 24 5 60 27 26 73 32 70 55 30 5 82 84 42 0 76 42 5 50 25 75 89 13 66 20 39 0 47 35 20 82 63 17 59 62 5 92 40 96 43 14 74 98 74 89 89 90 78 98 12 89 26
94 17 80 41 100 79 55 77 87 93 50 43 99 90 25 17 57 12 11 28 79 20 43 45 63 26 26 3 72 65 59 41 59 63 82 5 15 21 10 41 34 33 19 16 60 50 38 11 79 11 14 28 96 28 50 78 57 51 45 91 84 48 12 4 51 74 21 5 7 36 17 93 73 41 80 72 92 75 45 25 13 31 45 59 99 46 6 22 59 53 11 95 28 70 69 74 89 95 0 47 89 48 13 15 21 9 40 94 96 0 9 99 65 44 56 91 70 64 37 92 8 96 88 20 93 92 50 27 73 99 28 13 61 80 88 55 28 40 32 56 99 63 15 57 67 39 22 12 22 30 47 0 49 67 44 70 90 14 71 51 7 99 49 13 82 49 61 17 83 63 72 63 50 21 44 59
25 41 30 98 85 44 76 69 72 48 80 30 7 33 44 37 96 71 79 70 32 87 1 65 50 23 57 56 5 92 94 15 4 91 54 42 31 39 84 25 74 41 83 67 33 69 22 95 34 9 15 72 14 1 95 76 6 37 90 82 30 77 27 14 58 97 28 76 82 92 29 22 4 34 44 29 51 8 85 36 96 37 50 36 70 72 57 60 9 26 64 26 54 44 18 82 91 51 26 39 12 24 38 87 86 88 5 82 79 56 87 54 88 49 100 19 100 85 91 43 47 96 23 4 3 76 0 62 72 34 97 56 35 40 69 99 3 20 15 31 27 8 3 98 80 52 90 30 92 83 35 49 0 90 32 54 8 38 90 78 99 27 89 52 93 78 5 71 64 36 19 87 75 65 48 60
44 91 53 63 25 86 26 27 96 26 53 98 46 82 72 67 6 20 81 100 63 13 47 66 43 67 44 77 58 52 94 19 25 7 100 54 25 68 5 84 63 79 45 7 49 21 82 74 69 63 28 33 2 77 15 34 35 52 17 83 97 98 19 62 42 60 65 37 4 56 33 28 46 66 47 89 92 14 54 61 11 93 9 19 91 10 62 53 43 84 26 51 30 47 53 58 54 66 26 56 100 45 86 96 75 41 18 74 38 88 24 20 53 85 35 4 60 91 11 43 73 70 90 78 39 94 72 29 51 46 7 64 85 3 81 33 6 90 76 33 23 91 85 38 52 87 94 70 89 42 20 67 90 0 50 42 30 81 90 36 99 8 100 65 78 90 3 71 69 66 47 12 6 54 47 20
7 30 81 44 55 48 0 92 98 71 59 10 33 97 66 95 3 85 7 31 94 19 24 43 78 29 62 68 60 61 81 65 76 56 47 91 94 88 19 22 31 100 11 11 28 63 69 52 58 46 67 59 28 0 51 92 22 98 69 48 34 14 90 15 23 100 42 10 48 31 14 55 11 4 70 93 21 69 81 35 26 16 46 75 21 100 81 74 19 37 51 44 95 52 6 45 61 26 100 38 94 3 4 2 60 46 32 1 49 78 45 11 30 24 77 31 7 59 46 49 57 80 23 4 69 6 15 81 68 44 58 58 57 4 37 25 84 78 20 61 26 26 69 71 71 26 11 87 59 70 82 44 32 50 0 91 33 43 44 27 26 6 29 30 17 81 20 0 91 60 47 54 59 94 46 97
47 42 70 57 68 10 87 31 99 72 1 74 86 27 64 29 58 4 94 19 11 32 83 38 35 67 82 63 90 67 13 5 51 93 64 40 99 8 26 26 13 32 51 69 2 53 7 93 37 36 1 20 82 96 12 15 45 30 86 25 35 10 6 7 26 94 17 89 91 74 94 1 15 84 14 35 89 3 29 68 36 20 43 80 35 30 13 75 79 13 97 3 46 39 14 35 8 4 39 67 7 90 66 100 0 58 29 89 100 39 90 45 37 60 45 22 49 76 70 6 79 25 44 70 72 78 1 31 71 17 31 82 21 12 29 80 19 21 88 2 85 59 99 92 53 38 15 77 41 8 63 70 54 42 91 0 30 47 44 18 53 58 52 71 30 44 12 95 34 40 86 8 81 64 52 2
94 48 12 22 10 93 34 37 2 67 32 10 72 62 74 14 72 59 74 69 0 25 35 54 67 21 30 62 7 66 66 65 4 96 70 38 90 66 11 85 51 36 17 92 31 30 21 64 73 51 32 62 76 72 100 70 7 94 37 21 83 15 71 40 51 16 76 8 16 14 80 73 45 48 59 16 38 71 32 41 17 47 37 48 79 3 21 75 87 1 43 90 30 19 55 49 21 48 18 78 77 90 55 44 42 96 43 99 9 68 92 27 42 96 7 61 27 51 77 90 59 40 79 65 98 77 100 39 19 78 48 0 24 8 27 71 100 83 84 66 46 67 89 66 13 48 20 70 12 96 17 90 8 30 33 30 0 19 13 60 54 29 63 80 71 33 48 7 84 1 3 0 0 50 23 22
5 50 69 24 24 78 45 93 94 79 73 60 69 51 84 86 53 51 93 21 96 41 61 73 75 95 4 20 48 3 42 37 44 80 76 99 89 69 12 59 24 12 52 62 49 65 60 16 74 72 31 49 93 19 87 62 83 72 59 98 14 11 70 80 95 40 66 4 18 84 63 37 74 16 75 28 4 22 83 51 68 87 52 29 67 12 98 60 35 48 45 58 89 39 48 100 63 83 81 28 20 34 51 3 33 96 87 47 44 90 24 97 50 73 26 14 25 41 46 21 61 80 85 69 89 49 38 70 15 59 37 10 10 58 40 31 74 33 53 33 44 26 19 49 17 51 96 54 2 51 59 14 38 81 43 47 19 0 2 32 56 73 15 77 50 98 16 41 38 83 38 72 97 36 49 90
11 4 82 3 50 10 82 7 89 56 26 64 83 0 62 1 5 41 7 76 55 89 35 36 50 13 52 76 72 61 58 27 59 51 56 67 20 100 96 47 34 53 96 77 18 9 19 32 81 89 61 92 10 78 67 57 49 78 49 33 34 17 46 75 19 96 55 53 84 15 38 22 80 74 25 52 95 90 49 12 39 96 7 5 97 83 12 47 87 79 63 70 86 27 96 62 74 83 42 32 66 31 22 37 80 44 97 33 1 88 58 75 76 75 27 31 25 4 0 40 99 27 99 17 33 64 3 95 67 68 48 57 100 55 34 96 92 90 5 88 77 55 10 19 20 19 16 26 29 8 62 71 90 90 44 44 13 2 0 71 82 46 67 59 4 77 67 35 25 87 59 66 36 54 31 38
66 84 38 16 40 21 63 93 96 16 73 80 57 34 76 22 44 80 54 20 69 41 22 23 99 23 33 37 65 5 67 16 68 77 73 89 32 53 90 25 40 46 100 33 100 27 22 68 8 100 36 87 30 32 59 39 76 45 95 24 83 55 35 86 26 1 37 41 67 8 90 40 55 0 13 39 41 52 67 23 76 65 14 3 78 62 94 0 52 2 37 7 2 21 88 33 82 19 56 69 84 73 41 60 53 3 29 0 3 22 35 8 5 63 39 70 13 94 16 85 48 80 5 21 72 15 78 7 7 85 71 84 33 50 91 77 58 31 71 88 80 84 4 25 24 93 6 64 32 49 5 51 78 36 27 18 60 32 71 0 61 86 60 40 87 24 61 99 28 6 66 18 49 30 91 71
30 22 24 99 36 46 96 49 79 51 96 12 20 20 41 11 8 78 75 28 91 20 38 40 11 93 9 16 47 77 81 5 69 29 97 1 29 34 10 12 68 18 60 32 32 26 8 37 0 57 91 38 90 68 30 12 70 90 62 64 28 96 60 75 29 84 78 67 58 51 99 10 41 74 80 53 38 32 11 69 34 60 89 26 55 89 59 75 33 48 14 48 48 86 16 97 28 25 57 1 70 87 6 59 76 12 18 3 28 7 89 73 81 73 60 3 23 92 4 48 6 50 48 82 66 87 98 81 71 74 88 76 33 7 74 84 72 9 53 11 28 45 3 78 19 48 18 66 60 18 92 7 99 99 26 53 54 56 82 61 0 47 67 84 0 72 61 98 63 87 40 92 44 39 38 12
12 75 25 85 84 82 32 11 9 28 43 9 73 61 94 17 78 42 80 54 32 19 55 94 52 98 19 10 71 32 51 21 11 0 14 92 26 76 74 60 9 75 7 8 83 34 98 23 88 33 26 66 88 67 23 49 69 75 39 74 83 48 70 19 81 37 66 15 97 35 94 61 4 1 24 41 19 13 18 1 38 55 71 57 22 93 75 66 99 84 67 60 61 4 59 9 3 93 25 70 74 18 46 79 90 24 25 20 74 3 74 3 83 94 58 59 60 84 49 53 93 5 94 9 68 71 4 92 73 38 95 71 87 72 28 29 51 68 8 20 72 1 47 92 48 8 10 99 32 68 40 99 27 8 6 58 29 73 46 86 47 0 100 93 45 73 98 83 94 78 81 30 85 27 28 16
73 72 77 51 9 36 77 89 24 64 24 50 20 98 8 40 61 50 61 76 23 53 66 62 49 26 98 27 80 69 4 72 10 90 49 55 60 43 5 6 82 67 14 70 36 52 71 78 42 64 15 13 60 66 100 97 63 96 55 57 48 82 36 97 98 71 98 51 88 60 35 70 3 59 47 21 38 65 31 20 50 38 81 43 43 50 4 8 53 91 18 73 66 28 52 92 2 34 15 35 91 64 39 7 18 35 22 70 43 3 39 64 45 49 87 11 32 11 73 8 3 85 96 91 68 38 5 60 13 17 55 33 1 72 69 77 50 9 65 5 14 34 89 88 8 95 86 16 18 84 96 49 89 100 29 52 63 15 67 60 67 100 0 72 4 1 58 94 27 36 24 85 1 84 98 60
25 37 81 60 28 63 18 50 78 71 82 43 59 50 75 60 1 89 54 79 44 7 59 82 89 44 88 56 46 0 89 64 25 98 68 89 53 39 46 69 51 47 91 3 89 100 29 1 13 28 79 95 66 8 3 46 32 41 9 97 98 100 57 75 39 40 0 90 84 74 51 18 80 97 71 3 61 0 47 3 34 3 23 89 49 54 84 4 66 70 88 83 31 14 82 32 24 27 42 81 27 18 37 2 49 23 58 28 27 74 9 60 78 37 95 50 35 12 38 8 58 3 9 51 52 79 1 60 9 24 55 39 11 89 13 25 2 46 9 95 7 2 54 86 70 62 55 99 46 55 43 13 52 65 30 71 80 77 59 40 84 93 72 0 66 46 84 23 74 55 38 27 94 18 74 57
9 3 50 44 53 73 19 32 96 64 52 60 33 23 45 39 78 39 84 35 46 11 18 76 58 91 66 7 94 13 28 51 69 87 51 63 46 2 7 2 59 16 43 21 97 35 33 1 0 83 18 7 38 100 30 85 8 75 27 63 91 21 53 50 89 45 81 16 50 69 45 76 13 46 41 86 61 8 86 85 79 27 39 78 85 92 89 6 48 12 57 29 99 18 40 69 64 34 16 16 91 64 78 30 69 36 21 46 12 2 83 61 82 86 30 37 78 31 50 90 11 56 76 77 3 30 33 93 88 84 58 93 66 38 64 16 75 84 78 29 72 10 86 47 36 96 47 87 81 11 14 82 93 78 17 30 71 50 4 87 0 45 4 66 0 10 19 88 31 3 22 8 96 4 16 76
51 93 34 84 99 94 28 53 23 22 27 43 83 7 79 100 45 34 94 100 9 49 67 26 52 72 38 82 63 6 20 8 28 82 32 78 32 16 71 28 84 75 14 37 30 90 97 0 66 7 2 77 38 44 62 99 42 87 80 91 67 62 50 74 85 92 74 42 72 69 45 14 76 28 79 1 60 97 38 31 44 100 34 1 79 83 61 71 82 18 36 20 6 50 14 91 58 70 71 80 21 55 36 0 69 74 82 64 6 49 55 0 28 6 57 99 89 1 69 78 81 68 49 60 84 86 46 91 84 38 69 40 91 35 26 70 24 59 70 1 62 92 61 37 11 91 98 93 27 90 74 49 78 90 81 44 33 98 77 24 72 73 1 46 10 0 57 59 86 16 52 88 52 33 36 22
55 45 51 86 11 81 64 49 97 81 80 93 97 30 5 47 70 79 58 19 50 85 71 6 60 14 0 42 82 50 82 90 36 65 22 45 5 42 11 56 88 22 44 17 51 50 12 90 69 21 21 16 68 59 2 89 92 66 91 24 78 48 39 1 93 83 34 67 85 18 34 39 48 52 87 69 22 0 55 19 9 49 99 13 59 60 23 62 78 26 22 94 52 95 89 80 37 39 68 61 85 43 97 23 80 0 73 73 46 43 72 25 55 30 88 92 30 80 82 22 76 32 14 25 68 69 87 44 83 9 54 41 21 49 93 28 85 58 29 86 31 83 54 6 80 50 25 86 49 20 98 61 5 3 20 12 48 16 67 61 61 98 58 84 19 57 0 18 48 34 96 67 42 63 18 27
55 81 86 1 41 92 12 53 87 67 0 57 16 12 69 21 60 70 43 78 12 72 4 94 25 93 67 84 97 7 10 62 64 19 18 15 71 15 15 46 72 66 2 3 31 53 99 26 9 29 9 85 10 69 39 39 61 58 57 26 33 26 26 86 52 74 31 39 42 42 8 59 60 10 48 20 12 36 16 54 95 67 49 63 3 5 12 7 87 44 4 87 56 5 79 71 25 42 99 16 47 18 88 39 1 37 39 46 65 29 60 46 86 49 94 11 6 34 19 85 81 62 97 6 7 8 100 7 33 5 52 98 2 59 81 23 55 51 88 56 0 50 90 94 77 65 40 80 77 54 74 17 71 71 0 95 7 41 35 99 98 83 94 23 88 59 18 0 16 60 22 36 47 92 96 47
22 83 58 25 36 49 79 32 44 71 98 79 5 49 63 46 23 89 47 33 39 30 85 65 29 99 12 40 74 52 3 49 41 59 27 30 83 68 10 56 14 38 93 95 76 35 77 77 79 58 53 32 72 93 48 6 25 51 49 75 24 73 56 1 92 10 73 91 35 15 24 51 94 53 72 66 49 97 58 92 71 64 48 95 65 47 57 35 60 97 85 87 38 4 74 92 40 71 30 28 20 5 11 23 17 41 21 78 63 54 99 59 61 70 35 38 93 66 10 33 92 6 85 94 47 88 21 99 76 88 53 48 16 40 77 9 16 100 97 73 65 37 50 57 7 0 37 15 80 99 89 83 64 69 91 34 84 38 25 28 63 94 27 74 31 86 48 16 0 53 29 42 25 16 40 40
89 97 20 24 6 27 45 100 42 86 9 75 58 22 21 66 58 96 11 5 9 49 31 22 25 55 16 28 39 10 7 2 16 59 79 53 3 79 27 18 58 92 56 73 75 11 29 100 74 95 28 91 67 55 76 41 17 6 15 5 62 88 17 8 20 93 66 37 56 91 28 81 85 28 79 24 30 29 81 0 16 90 21 30 15 2 81 94 47 84 78 11 28 5 62 59 16 95 96 23 42 57 84 20 55 36 56 27 20 23 35 12 78 66 55 98 1 81 78 61 69 53 48 73 42 84 61 2 22 6 91 51 61 88 9 49 67 83 94 63 28 12 88 63 36 82 11 25 26 45 89 63 36 66 60 40 1 83 87 6 87 78 36 55 3 16 34 60 53 0 77 13 91 66 32 3
90 42 81 7 39 25 49 46 47 77 5 47 30 98 3 37 35 67 1 21 67 42 4 96 100 96 86 98 21 91 41 46 11 21 12 94 67 98 20 100 44 89 49 51 72 90 96 61 1 58 57 20 10 98 22 37 44 85 0 1 10 8 44 34 39 85 87 84 38 39 72 25 61 33 60 69 79 33 15 86 31 75 7 14 46 10 30 14 57 45 95 26 85 81 51 73 26 21 10 34 23 81 1 92 71 66 4 75 96 82 87 5 3 9 38 98 13 99 23 85 39 4 64 42 10 5 93 23 30 16 19 61 56 64 65 87 58 49 52 6 28 26 64 87 65 62 19 40 2 3 90 72 19 47 47 86 3 38 59 66 40 81 24 38 22 52 96 22 29 77 0 99 41 62 90 77
35 57 12 84 9 21 64 12 81 68 49 91 45 10 63 26 66 65 66 16 6 81 35 43 71 72 45 33 35 98 70 66 68 100 60 89 49 79 32 79 50 96 55 57 79 97 87 0 80 62 64 14 2 47 64 74 27 80 96 90 13 63 47 33 31 28 18 14 100 47 36 6 28 93 70 59 87 93 57 74 86 93 9 62 38 3 85 70 64 93 33 57 35 100 71 51 51 33 55 8 30 21 100 54 36 23 70 64 93 96 14 13 29 0 51 98 8 48 82 16 97 20 43 36 8 33 67 33 11 47 37 60 95 37 65 100 77 38 67 38 40 20 93 43 29 76 61 60 94 88 78 63 87 12 54 8 0 72 66 18 92 30 85 27 8 88 67 36 42 13 99 0 48 28 20 13
20 2 30 69 10 84 58 92 40 82 100 39 98 53 11 10 30 27 63 64 91 34 77 97 89 77 82 56 46 30 81 87 58 86 31 48 65 84 20 0 52 82 90 24 51 18 18 32 13 55 75 23 100 18 52 50 70 61 82 51 21 45 69 93 93 11 15 68 28 66 37 43 75 63 31 51 80 69 100 33 72 19 81 68 81 31 23 80 8 45 85 97 22 61 87 100 20 3 30 31 63 52 0 33 35 77 44 26 1 80 0 42 71 69 39 32 37 33 64 5 82 11 38 8 60 52 11 19 5 52 47 37 77 4 39 80 39 8 39 29 55 22 52 87 25 40 41 32 61 5 98 50 75 6 59 81 0 97 36 49 44 85 1 94 96 52 42 47 25 91 41 48 0 99 60 71
2 45 30 15 58 88 66 36 68 33 57 80 81 24 32 86 95 56 4 66 31 18 84 35 55 68 77 17 85 39 12 7 48 31 50 73 65 88 68 18 52 61 12 81 80 62 65 85 96 64 76 86 98 14 69 62 27 18 83 21 36 75 55 3 100 49 39 72 27 90 12 74 38 89 25 14 91 75 83 9 39 26 75 12 96 68 49 43 49 27 87 17 6 38 2 14 15 42 78 15 94 89 22 15 31 72 21 17 63 84 86 2 5 46 38 60 65 58 2 98 95 68 69 65 91 83 49 7 32 8 62 31 40 90 39 28 1 84 76 89 61 31 1 21 21 61 63 75 40 37 12 21 65 54 94 64 50 36 54 30 39 27 84 18 4 33 63 92 16 66 62 28 99 0 63 2
48 60 92 10 40 25 77 48 63 75 75 67 27 58 5 55 22 66 96 51 29 79 94 50 98 20 100 62 81 79 37 71 68 73 20 5 39 42 56 64 80 28 38 3 70 57 45 60 100 45 64 93 81 47 82 44 34 45 50 48 7 42 92 33 76 36 28 24 81 85 89 25 48 49 27 47 80 39 62 88 8 93 52 81 81 40 58 68 56 35 68 33 77 46 64 16 80 96 31 63 62 31 41 87 33 38 73 99 8 81 60 100 58 19 0 18 66 25 49 67 76 69 38 1 28 82 64 39 82 80 3 15 86 39 69 53 42 96 38 84 64 30 9 26 19 4 60 55 58 2 89 44 48 47 46 52 23 49 31 91 38 28 98 74 16 36 18 96 40 32 90 20 60 63 0 18
71 65 29 28 26 47 23 43 77 85 24 99 74 1 53 84 57 79 71 49 2 10 91 11 79 64 5 46 93 89 86 2 17 70 46 12 69 19 71 2 66 7 95 31 19 48 3 39 12 36 57 47 70 67 51 23 86 64 64 94 49 40 87 100 78 0 75 19 10 29 24 63 68 92 49 9 78 31 12 98 47 81 25 34 85 71 53 36 44 71 98 39 10 86 78 45 98 60 24 73 85 25 9 16 30 24 54 71 0 11 95 35 0 20 18 33 73 45 17 94 56 75 79 66 45 17 79 86 47 78 56 71 18 57 69 3 70 72 33 3 70 61 55 43 8 85 48 10 45 21 26 59 60 20 97 2 22 90 38 71 12 16 60 57 76 22 27 47 40 3 77 13 71 2 18 0
