180 10
49 60 0 1 74 65 62 11 86 17 88 47 37 13 94 47 26 55 1 11 66 82 62 9 62 34 34 16 16 38 20 51 67 96 81 88 19 7 54 49 82 19 73 61 58 56 42 95 68 23 43 2 48 76 6 40 67 74 95 67 37 11 69 42 53 5 58 78 46 43 34 7 0 27 13 100 79 2 39 12 98 79 29 96 85 75 18 84 44 16 28 91 38 62 49 42 45 22 97 11 22 5 20 54 37 25 55 3 90 41 27 77 45 45 74 91 50 94 15 23 52 93 76 78 33 3 77 6 58 14 62 68 74 11 51 43 36 97 53 29 12 94 94 23 55 1 88 48 95 79 92 15 43 70 0 42 86 90 76 0 63 12 23 59 12 34 83 63 10 49 32 71 1 61 19 38 32 58 11 71
0 68 75 57 10 26 67 78 4 69 55 1 85 15 8 1 93 5 98 69 88 74 84 93 99 60 39 1 94 14 60 4 92 12 80 16 1 12 0 50 10 14 100 9 90 80 75 92 68 45 68 16 41 69 26 50 90 77 36 83 47 11 89 44 3 26 82 28 23 47 96 66 83 60 40 100 7 86 34 38 0 10 32 21 99 35 49 31 8 55 72 100 58 34 58 24 46 97 30 28 16 12 13 47 3 30 1 84 10 82 57 85 25 5 49 74 46 53 42 48 7 77 80 66 28 85 79 81 49 38 44 0 68 35 99 9 83 43 22 87 24 70 29 72 19 52 27 21 28 83 60 13 59 11 59 55 4 87 40 21 64 32 47 22 30 56 19 49 29 13 80 9 80 91 7 85 32 49 76 66 27
68 0 33 70 77 33 31 17 35 48 54 44 44 28 16 57 21 39 79 1 30 15 11 10 42 62 30 99 84 63 87 41 33 57 95 22 63 70 59 32 67 79 30 9 63 47 56 36 34 51 22 87 8 26 15 91 93 45 4 12 1 13 100 25 34 53 15 36 59 31 82 19 96 2 57 46 48 5 47 65 74 46 33 90 33 8 59 96 95 1 25 55 96 24 48 50 74 3 17 5 9 11 91 72 41 90 100 50 28 86 83 100 81 23 36 95 4 15 28 63 63 44 1 11 38 5 25 92 83 86 10 84 67 55 85 21 4 75 72 67 64 72 45 45 67 14 80 1 81 86 98 94 83 74 31 40 97 56 49 14 92 54 82 78 77 71 85 46 60 9 87 12 81 58 76 32 58 96 60 50 5
75 33 0 71 11 8 6 13 32 96 58 96 8 87 36 39 42 38 97 0 29 68 53 8 2 18 94 65 53 93 95 59 52 61 43 95 97 79 35 29 85 13 18 9 20 79 76 55 53 37 50 11 81 27 0 91 21 80 23 91 51 88 8 0 46 10 51 20 76 69 38 73 75 10 35 37 1 93 86 44 96 36 55 48 3 22 1 80 82 98 20 47 46 56 57 1 2 88 97 5 6 27 98 73 9 55 63 63 89 27 97 31 65 98 10 77 93 68 86 22 39 85 83 8 20 78 10 7 100 1 23 2 1 0 74 89 65 93 39 33 99 38 75 33 17 60 60 67 28 19 49 76 74 78 44 65 41 41 84 74 62 15 38 99 16 9 50 70 98 4 18 7 0 52 73 85 71 55 15 32 19
57 70 71 0 3 25 74 87 6 59 80 51 43 66 11 87 8 50 92 94 94 11 1 67 49 9 54 51 74 67 88 27 81 66 54 10 76 9 66 87 42 82 11 20 26 73 59 82 24 42 56 3 98 30 80 59 4 5 71 16 63 18 65 67 49 14 61 40 61 52 39 27 13 24 89 38 61 50 4 25 66 21 25 63 81 15 15 91 16 46 27 65 3 70 24 50 54 95 35 18 97 86 92 81 5 54 31 26 80 50 64 9 44 34 10 90 49 36 65 17 53 96 30 38 27 18 86 98 38 64 98 94 95 34 75 19 7 42 50 75 5 64 43 28 87 44 79 69 78 33 78 80 59 67 66 15 85 73 82 45 73 60 84 83 34 83 88 79 17 85 28 89 75 49 85 92 81 7 25 99 72
10 77 11 3 0 17 2 5 38 18 25 24 69 12 68 88 7 61 36 84 96 90 81 48 10 61 15 58 65 3 20 81 48 3 65 94 42 7 13 36 57 21 42 62 69 86 57 8 77 94 28 19 47 7 68 10 100 46 85 24 60 10 70 85 78 47 80 29 80 59 0 80 89 24 12 36 76 4 20 0 81 69 26 14 8 89 15 60 20 14 54 64 90 2 9 33 75 35 47 0 64 30 68 91 39 77 87 47 43 95 35 28 14 67 75 83 48 87 73 22 93 89 89 54 85 19 62 97 37 58 0 32 63 91 96 41 84 75 3 15 95 44 50 12 8 48 99 53 62 22 55 1 38 99 17 42 96 24 72 38 19 27 1 25 78 42 25 31 64 7 97 44 27 16 47 60 99 99 31 56 75
26 33 8 25 17 0 97 9 2 52 2 28 88 18 61 33 22 27 47 72 96 63 24 82 63 10 91 88 36 1 81 57 66 91 30 89 42 49 55 68 94 73 42 22 72 64 37 60 24 60 26 20 0 48 34 77 80 22 49 50 72 78 66 82 53 42 87 75 37 91 41 92 69 58 2 53 17 59 100 96 80 47 41 69 49 36 38 26 58 8 26 95 52 73 53 87 13 51 75 51 28 28 98 73 80 45 72 60 91 73 80 63 100 25 38 79 13 75 10 99 57 60 55 54 51 34 49 10 36 94 79 29 5 55 7 70 10 88 84 10 70 54 59 14 52 16 25 49 15 89 34 52 21 82 42 23 96 45 87 82 64 95 10 34 5 40 91 60 21 83 56 59 9 59 88 17 64 90 72 5 11
67 31 6 74 2 97 0 90 85 21 71 48 49 59 40 92 41 15 22 89 81 64 68 70 65 45 11 87 63 87 53 73 11 77 38 78 27 52 68 88 11 80 91 4 83 85 61 44 2 81 38 26 97 1 51 13 34 41 82 72 91 33 97 49 85 24 95 36 87 0 72 33 67 63 21 0 31 87 71 36 50 87 53 11 45 66 10 44 97 48 68 47 2 66 81 27 20 86 56 61 44 97 20 50 6 8 41 16 81 18 47 58 64 82 90 44 81 80 76 51 69 61 67 52 48 46 41 91 1 13 57 8 60 50 16 11 4 22 19 5 80 74 1 69 3 45 28 83 18 15 31 16 57 51 72 73 21 15 92 80 79 10 87 0 79 11 64 38 31 54 98 81 33 63 19 16 96 8 59 91 78
78 17 13 87 5 9 90 0 39 28 63 34 74 57 23 38 80 70 34 16 10 41 62 60 10 33 10 69 85 16 64 37 90 47 66 55 83 47 80 24 60 18 31 15 63 13 78 3 21 54 74 92 87 77 96 20 80 24 12 87 47 1 78 82 36 37 56 18 29 59 11 95 9 75 89 43 96 30 11 56 51 5 63 42 72 100 45 85 41 66 38 22 71 65 54 97 1 41 0 23 23 19 51 60 45 32 67 15 79 6 72 10 13 12 38 1 49 9 61 29 77 99 91 23 38 95 96 41 63 50 42 28 80 98 71 32 43 27 85 24 81 63 56 97 16 22 27 43 9 95 9 43 32 23 81 44 99 18 17 12 53 15 93 6 2 40 94 55 11 5 69 82 25 28 13 16 27 5 91 64 44
4 35 32 6 38 2 85 39 0 80 16 56 53 67 32 44 7 49 59 6 43 74 43 49 79 35 84 16 41 17 26 88 45 25 5 3 81 89 71 91 43 60 40 5 10 20 72 65 78 93 69 80 56 36 26 80 42 78 31 95 25 44 49 96 9 75 58 70 64 18 75 11 80 43 7 90 19 28 48 10 96 74 80 58 56 26 50 13 98 40 88 70 30 92 2 32 52 92 68 35 74 78 0 37 47 20 31 13 52 68 20 97 12 26 28 45 91 78 50 3 59 45 97 0 48 96 19 57 70 34 80 72 54 50 96 85 5 14 0 35 77 87 1 29 28 2 9 95 18 78 77 33 55 68 68 76 21 72 31 96 74 49 99 23 45 45 40 71 2 11 92 37 92 94 53 89 83 99 61 20 47
69 48 96 59 18 52 21 28 80 0 80 20 89 38 13 9 80 25 93 27 18 46 7 59 17 18 46 60 24 14 88 15 43 38 24 99 82 99 57 23 97 3 25 93 77 8 27 30 41 72 24 15 7 91 31 34 0 71 11 64 0 5 77 85 72 91 65 96 2 21 53 39 24 47 86 59 92 10 41 15 44 64 28 85 34 58 20 90 47 77 31 50 98 79 3 63 3 97 46 86 96 90 24 86 4 14 74 56 99 21 19 61 30 80 26 88 54 93 83 42 53 17 74 56 7 51 40 22 89 61 13 62 73 62 63 51 28 30 59 84 33 9 46 22 23 17 23 16 80 22 17 97 100 73 77 51 45 18 100 38 33 57 63 92 52 65 11 3 95 65 7 93 23 53 55 24 98 71 6 5 2
55 54 58 80 25 2 71 63 16 80 0 52 18 71 62 80 78 51 67 83 53 27 43 86 41 82 84 70 100 62 44 76 4 70 18 95 9 26 24 7 81 40 52 59 44 51 52 61 52 50 56 12 47 90 34 34 15 96 68 69 84 21 21 64 5 85 17 5 40 9 56 11 93 32 2 30 42 30 72 58 13 72 4 14 15 22 60 85 26 88 6 39 3 81 25 4 17 82 12 23 51 9 16 1 38 79 31 64 23 79 19 66 10 99 51 83 55 36 15 91 33 21 58 16 38 47 42 100 11 52 5 50 49 23 50 73 15 96 7 64 43 1 39 79 54 22 0 64 72 20 4 67 38 33 12 1 44 61 51 75 67 28 1 91 40 67 14 59 67 62 74 84 7 40 73 81 70 53 77 78 58
1 44 96 51 24 28 48 34 56 20 52 0 88 53 72 53 34 47 4 31 18 41 98 17 78 87 34 45 33 15 84 91 67 58 40 83 25 41 0 45 57 64 100 25 9 67 29 20 41 52 95 21 25 59 60 70 13 25 70 86 17 65 71 16 91 62 5 49 37 96 55 47 34 71 72 94 41 100 22 30 3 82 13 39 56 32 86 74 20 23 31 58 36 37 57 72 92 84 44 97 57 61 1 89 93 32 30 76 32 76 72 31 20 20 55 98 96 10 61 49 26 36 79 58 95 64 89 70 2 50 89 19 81 36 20 8 77 74 67 60 88 76 78 57 9 100 78 97 24 66 85 53 22 36 40 3 54 88 35 8 36 74 37 17 27 41 75 90 82 93 100 44 25 11 86 31 70 91 95 12 91
85 44 8 43 69 88 49 74 53 89 18 88 0 37 58 65 51 40 98 11 75 0 12 11 53 30 70 47 55 44 11 81 2 64 97 37 9 20 87 50 62 30 26 32 36 2 89 81 49 35 70 48 83 86 40 95 6 27 50 56 99 25 1 86 13 24 78 20 41 67 15 87 51 96 56 50 25 30 40 1 80 23 64 36 18 16 84 51 98 48 51 93 55 49 95 62 25 93 43 5 71 32 68 53 37 10 98 18 0 9 97 22 54 24 92 74 5 52 85 88 4 28 52 39 88 90 62 49 98 12 92 98 18 75 31 7 39 45 43 36 26 96 10 82 88 87 1 37 32 52 5 6 94 26 73 84 33 66 43 31 31 77 71 59 24 90 52 54 90 18 92 16 97 37 21 17 57 83 56 50 84
15 28 87 66 12 18 59 57 67 38 71 53 37 0 17 6 33 32 55 16 16 71 88 47 78 67 65 81 79 47 88 53 22 50 8 73 22 60 36 7 37 27 98 96 46 94 16 95 1 8 19 26 73 70 45 14 40 89 80 49 50 26 99 65 74 74 68 66 16 37 63 92 14 32 77 52 14 79 92 73 60 9 1 22 5 12 37 20 100 31 67 100 42 66 64 29 54 85 92 95 82 87 7 47 12 42 90 76 16 89 55 52 91 55 91 73 38 78 12 87 74 95 98 91 53 6 9 15 12 28 96 12 1 64 99 91 39 35 33 24 15 2 8 66 52 13 85 12 19 20 91 96 29 48 56 86 80 68 11 78 22 72 16 23 36 89 18 61 13 10 89 43 48 75 90 43 80 75 93 64 7
8 16 36 11 68 61 40 23 32 13 62 72 58 17 0 37 40 70 40 59 45 14 88 87 48 20 25 98 39 82 10 64 22 72 50 46 42 54 52 21 92 68 87 38 39 68 44 84 11 38 6 18 53 90 12 95 46 89 53 37 66 64 50 28 12 57 4 19 97 24 47 90 13 96 15 21 50 100 55 81 48 91 36 54 6 64 63 27 41 80 20 48 68 82 44 6 89 28 24 15 70 52 68 60 95 56 43 59 7 98 49 42 74 29 88 9 86 90 56 92 78 18 73 11 36 50 35 36 3 39 27 18 84 43 74 75 29 24 46 75 33 42 41 73 15 49 29 50 83 36 97 67 30 98 62 76 63 21 16 30 94 83 9 70 55 80 90 60 50 91 8 17 34 2 67 52 3 78 67 12 24
1 57 39 87 88 33 92 38 44 9 80 53 65 6 37 0 15 82 23 33 0 50 62 24 91 80 20 61 68 41 10 76 8 12 91 63 90 24 40 14 2 31 3 81 96 86 55 73 36 52 18 79 41 2 34 0 89 24 61 57 97 91 60 25 58 30 77 80 25 84 4 19 32 31 80 54 6 44 17 85 47 18 91 14 2 10 54 47 93 1 19 22 84 39 33 34 21 6 36 82 7 84 3 52 39 26 74 35 36 32 22 72 18 96 78 70 93 59 42 89 53 99 50 62 34 61 34 47 83 50 98 53 13 43 63 43 36 75 69 75 72 11 42 87 96 34 56 22 49 68 35 80 49 21 56 20 98 75 60 73 23 10 14 50 6 84 77 14 100 76 89 51 83 55 18 65 75 69 91 40 10
93 21 42 8 7 22 41 80 7 80 78 34 51 33 40 15 0 27 87 0 21 33 64 17 30 0 55 19 91 28 85 88 6 44 79 82 79 87 34 78 53 25 32 65 99 58 95 78 0 38 17 0 54 65 9 57 22 91 45 56 12 7 2 39 61 10 78 74 7 62 38 84 56 26 89 42 28 5 2 61 45 73 53 17 64 58 18 70 9 43 14 56 79 48 78 10 17 49 59 13 85 59 5 62 32 80 11 90 56 11 45 63 99 35 92 16 21 68 78 100 28 53 38 53 81 62 35 63 35 21 92 99 3 75 3 53 73 33 12 93 22 98 52 59 56 42 26 0 83 19 67 49 55 54 37 27 41 5 93 8 84 47 54 56 3 69 10 82 55 62 49 1 99 9 74 44 0 13 63 63 7
5 39 38 50 61 27 15 70 49 25 51 47 40 32 70 82 27 0 59 72 94 30 12 95 76 0 44 97 42 47 91 64 2 82 66 38 60 100 95 64 74 73 71 52 57 12 61 63 82 6 35 46 19 9 69 78 73 57 97 20 59 21 74 80 59 94 15 74 98 61 39 87 41 13 20 6 64 13 0 12 56 64 94 48 69 53 44 11 41 73 32 54 87 24 75 8 54 31 71 0 100 10 1 41 59 66 37 10 4 59 61 31 67 48 44 59 87 44 78 11 87 1 75 67 74 9 6 89 54 11 79 91 87 10 90 2 100 28 30 58 67 37 27 54 53 83 100 21 60 42 19 73 77 14 35 75 83 97 62 65 0 35 7 47 94 88 2 54 42 46 56 90 87 6 4 22 57 14 96 87 19
98 79 97 92 36 47 22 34 59 93 67 4 98 55 40 23 87 59 0 97 44 11 39 90 90 38 94 80 52 4 91 77 26 10 8 16 27 93 85 53 3 25 5 39 90 47 99 49 4 3 37 96 36 94 39 95 92 40 68 71 65 92 57 52 53 15 52 71 49 72 82 56 36 83 20 5 8 12 95 10 54 5 69 33 16 32 99 75 20 64 85 35 16 100 70 39 90 26 84 34 49 72 36 11 70 65 0 87 77 25 66 80 64 35 44 33 19 21 50 38 10 1 13 40 55 19 11 95 90 31 0 68 36 95 45 17 16 72 44 59 48 77 84 52 27 60 81 45 1 77 47 99 25 98 90 75 22 31 11 58 55 44 39 65 4 3 29 76 68 8 96 65 48 8 69 53 84 21 22 75 80
69 1 0 94 84 72 89 16 6 27 83 31 11 16 59 33 0 72 97 0 0 23 79 27 63 21 85 91 54 92 32 65 73 53 92 94 65 33 68 32 92 4 54 38 53 68 70 38 40 7 43 9 96 88 31 1 81 33 15 1 11 87 75 18 57 21 37 74 50 53 80 55 0 49 88 17 88 20 16 9 23 6 23 53 86 89 85 86 28 54 33 29 7 9 64 9 63 67 16 70 41 85 52 54 58 56 46 93 51 22 38 9 75 100 53 7 6 56 21 22 1 78 5 24 96 40 4 88 25 85 6 8 99 22 100 36 68 30 8 41 91 72 85 62 5 23 47 79 13 78 57 39 54 24 29 95 46 5 48 50 53 71 62 83 63 77 53 69 5 72 20 90 13 35 58 87 53 90 20 25 35
88 30 29 94 96 96 81 10 43 18 53 18 75 16 45 0 21 94 44 0 0 68 35 6 49 62 27 13 49 100 13 53 82 66 73 20 43 31 37 72 22 64 9 65 22 57 14 74 77 77 44 57 35 83 30 65 71 61 8 92 87 50 86 18 46 52 67 69 82 87 48 33 77 32 9 32 84 72 38 18 32 38 38 69 95 72 40 82 34 23 13 66 39 53 67 28 8 61 1 74 63 24 28 86 0 33 15 83 59 24 34 8 53 88 67 15 48 37 24 56 81 27 14 23 9 13 86 81 54 24 47 94 18 20 77 68 85 95 64 0 88 78 24 69 60 37 5 79 5 89 76 65 90 17 94 16 32 43 13 41 11 30 41 78 61 96 59 80 67 68 100 93 99 6 20 75 21 80 9 35 29
74 15 68 11 90 63 64 41 74 46 27 41 0 71 14 50 33 30 11 23 68 0 20 73 68 77 20 43 31 97 60 85 13 50 14 26 69 7 56 51 17 67 79 91 94 93 94 20 70 91 75 50 65 41 59 33 85 38 94 61 35 90 75 79 16 44 3 79 28 39 4 48 98 68 10 49 3 96 43 76 26 6 78 20 82 85 18 2 18 6 42 85 51 59 83 6 1 4 48 58 0 26 57 33 87 67 67 80 12 57 10 40 99 93 84 34 18 39 75 64 23 64 97 96 87 100 9 30 91 56 65 76 20 70 66 76 63 34 68 35 30 8 61 71 53 100 93 19 87 55 2 86 16 94 88 91 5 79 81 73 57 81 72 69 90 96 98 60 15 50 51 24 9 63 1 26 96 67 68 92 5
84 11 53 1 81 24 68 62 43 7 43 98 12 88 88 62 64 12 39 79 35 20 0 35 71 41 20 43 63 44 57 50 43 83 49 88 91 70 69 77 50 52 74 74 57 54 41 89 11 77 51 25 71 93 27 63 78 41 15 77 46 52 30 21 100 86 20 86 100 42 84 9 33 43 97 46 6 35 16 17 28 71 99 25 65 19 60 39 58 47 52 36 15 3 26 50 73 89 69 57 18 46 37 93 44 85 32 13 27 92 76 37 95 41 58 35 67 38 3 32 73 51 14 81 21 38 94 81 18 98 81 20 9 94 94 68 66 94 4 0 80 99 24 1 6 57 13 28 42 49 14 35 87 59 93 18 65 40 28 74 32 94 92 64 0 68 98 30 90 26 35 35 68 100 89 41 16 34 8 24 40
93 10 8 67 48 82 70 60 49 59 86 17 11 47 87 24 17 95 90 27 6 73 35 0 56 74 23 20 71 57 52 51 52 77 2 6 36 80 13 53 99 84 66 95 69 99 65 72 89 76 14 47 66 11 86 23 60 56 62 95 18 3 14 44 28 11 38 50 86 76 40 56 65 26 46 48 95 13 77 26 66 72 31 76 37 19 2 65 21 20 15 47 69 36 39 21 4 39 54 38 16 9 72 61 58 48 35 31 2 68 46 97 18 78 83 43 38 10 17 27 25 62 99 60 84 11 53 66 28 79 32 15 9 91 33 27 98 48 54 65 85 94 99 26 82 4 84 54 29 1 72 98 9 80 28 4 1 82 98 79 52 86 91 97 71 76 85 44 93 6 73 56 8 30 3 8 89 55 33 81 20
99 42 2 49 10 63 65 10 79 17 41 78 53 78 48 91 30 76 90 63 49 68 71 56 0 50 92 16 32 98 80 58 37 23 58 36 63 4 45 33 8 3 37 4 21 79 11 98 33 95 61 67 40 74 15 13 46 100 92 58 61 80 88 18 59 89 38 90 92 72 63 78 71 99 90 17 16 45 4 7 87 36 81 78 60 69 86 17 15 81 22 60 58 63 33 77 19 24 44 61 75 5 41 68 40 83 96 6 68 1 11 49 68 62 27 64 31 35 40 23 39 38 61 10 79 12 7 12 54 55 5 63 38 9 85 42 2 87 65 99 4 49 8 80 27 98 52 92 4 25 67 3 76 94 67 15 38 53 86 90 52 78 63 68 33 41 38 8 29 27 82 69 86 5 67 47 39 75 22 26 43
60 62 18 9 61 10 45 33 35 18 82 87 30 67 20 80 0 0 38 21 62 77 41 74 50 0 13 39 77 87 17 75 93 65 83 70 90 22 34 93 18 41 1 78 50 88 88 37 12 68 40 95 59 49 10 55 68 38 57 93 42 44 97 73 4 35 14 13 25 51 40 18 49 35 45 24 79 32 14 88 39 91 83 63 18 46 81 74 36 24 40 24 60 89 57 72 77 24 6 12 81 30 57 89 97 41 95 70 44 20 62 1 93 0 37 10 87 40 38 48 12 87 94 84 29 74 48 38 91 82 26 13 49 76 78 2 46 25 57 29 61 99 65 69 71 98 86 17 15 17 26 24 45 4 52 54 28 48 15 78 62 15 92 91 95 86 47 7 3 15 71 72 44 73 91 97 30 64 19 77 15
39 30 94 54 15 91 11 10 84 46 84 34 70 65 25 20 55 44 94 85 27 20 20 23 92 13 0 55 73 22 6 18 11 86 89 8 93 87 54 78 79 33 27 3 22 31 3 31 5 39 14 75 43 27 99 16 31 45 95 92 73 64 98 16 14 50 8 79 28 64 32 9 83 4 34 10 84 33 87 44 0 1 70 17 66 90 6 74 14 68 41 84 41 59 73 67 54 10 57 3 80 30 33 32 44 28 18 12 26 11 44 6 5 30 51 73 19 81 50 95 56 87 15 47 35 69 57 44 14 92 42 98 74 12 72 11 48 5 39 18 3 82 48 98 22 99 33 71 6 57 68 68 26 97 7 94 16 60 68 8 9 99 53 35 84 33 49 67 24 75 60 20 70 97 10 65 70 78 28 84 16
1 99 65 51 58 88 87 69 16 60 70 45 47 81 98 61 19 97 80 91 13 43 43 20 16 39 55 0 20 73 40 24 86 55 90 29 9 75 23 10 52 11 32 93 80 53 26 39 25 93 55 41 53 63 0 30 19 13 52 32 96 53 53 7 38 46 22 28 32 18 58 95 81 42 47 28 15 43 56 85 22 18 81 52 5 30 23 64 28 79 42 93 91 99 24 23 72 79 53 94 53 95 83 45 78 67 28 100 20 3 98 25 35 33 18 10 11 70 71 53 20 23 25 100 52 97 97 97 73 57 24 55 98 17 33 23 74 76 58 15 87 58 47 94 14 55 89 88 62 48 13 25 78 45 18 85 48 76 82 90 30 16 25 28 81 40 88 36 98 56 34 44 65 5 86 84 55 23 23 14 69
94 84 53 74 65 36 63 85 41 24 100 33 55 79 39 68 91 42 52 54 49 31 63 71 32 77 73 20 0 98 82 46 83 8 82 13 29 88 36 96 26 14 74 15 62 62 57 20 28 92 88 32 25 28 0 10 47 55 45 94 96 19 19 90 55 41 13 14 74 39 8 32 60 84 68 96 56 11 81 12 89 56 2 45 13 95 56 67 68 65 77 55 91 49 61 14 11 45 91 87 13 90 0 48 29 59 88 79 97 61 9 74 53 81 32 73 84 95 69 28 24 0 73 88 71 69 98 14 95 31 6 10 9 70 58 4 25 75 51 30 82 87 72 10 29 4 37 66 46 100 29 57 31 90 23 82 45 86 46 65 4 74 67 98 60 81 26 56 94 63 9 44 21 64 88 36 22 5 37 77 42
14 63 93 67 3 1 87 16 17 14 62 15 44 47 82 41 28 47 4 92 100 97 44 57 98 87 22 73 98 0 61 66 11 16 15 14 14 18 19 15 46 96 40 7 99 9 49 74 33 14 77 19 38 96 15 52 61 90 67 73 37 29 25 1 100 100 42 23 100 33 50 3 2 0 40 82 45 77 95 45 9 15 84 82 54 90 99 26 5 66 43 85 91 90 91 60 17 66 83 98 5 56 15 67 34 31 75 36 59 36 79 66 26 25 42 11 96 3 98 35 37 99 99 99 82 8 62 18 90 90 15 67 11 44 52 5 90 26 40 4 7 75 73 8 37 62 41 47 7 94 34 2 89 84 36 9 45 95 14 10 76 52 30 54 70 41 54 78 90 56 37 54 32 27 29 72 79 67 39 93 53
60 87 95 88 20 81 53 64 26 88 44 84 11 88 10 10 85 91 91 32 13 60 57 52 80 17 6 40 82 61 0 65 40 97 60 1 44 68 75 64 22 30 81 63 51 34 76 90 21 100 44 20 70 76 49 70 78 5 45 20 2 92 98 33 33 70 82 11 33 98 9 24 31 33 41 32 62 55 10 39 6 41 24 9 74 33 100 93 19 6 38 17 55 67 36 70 99 8 3 51 35 25 16 56 3 39 9 3 26 96 52 10 56 65 47 67 89 74 83 88 24 37 56 30 63 10 44 25 68 70 82 100 25 54 0 71 80 10 7 99 99 9 10 3 4 3 88 76 60 59 22 80 64 25 80 27 81 97 40 52 84 14 30 32 33 50 61 62 72 79 0 5 62 90 53 12 79 66 86 7 15
4 41 59 27 81 57 73 37 88 15 76 91 81 53 64 76 88 64 77 65 53 85 50 51 58 75 18 24 46 66 65 0 55 51 28 78 40 85 33 61 98 39 9 11 37 13 27 46 70 59 95 61 100 36 95 69 11 93 96 84 27 30 2 28 34 7 37 20 16 86 95 48 22 28 53 88 7 55 74 1 58 27 48 61 57 59 12 61 3 4 92 31 3 75 19 42 77 52 95 90 87 44 65 86 13 2 17 7 89 34 56 24 70 31 24 92 7 85 29 28 80 39 56 51 31 1 42 42 91 13 92 23 66 60 96 91 49 4 3 60 83 47 38 18 40 15 17 91 50 45 26 0 12 25 89 1 96 74 87 46 1 71 26 69 14 46 19 90 21 65 26 26 64 31 1 17 65 30 34 43 89
92 33 52 81 48 66 11 90 45 43 4 67 2 22 22 8 6 2 26 73 82 13 43 52 37 93 11 86 83 11 40 55 0 59 64 9 94 86 65 40 34 69 68 95 81 57 1 80 31 31 45 84 63 51 22 45 63 7 78 67 26 60 76 81 12 76 74 45 76 37 13 9 56 57 48 54 56 38 87 48 43 60 83 10 45 82 38 39 49 5 19 79 17 31 86 5 72 85 25 63 96 75 74 15 18 58 64 41 35 91 78 88 17 29 14 48 33 91 59 81 71 4 93 81 64 9 85 7 81 76 13 77 32 69 87 24 13 80 35 64 50 42 63 100 94 37 58 88 63 34 96 0 94 88 11 72 12 35 34 3 21 10 63 33 57 15 11 85 95 13 33 86 27 95 13 54 19 45 48 69 97
12 57 61 66 3 91 77 47 25 38 70 58 64 50 72 12 44 82 10 53 66 50 83 77 23 65 86 55 8 16 97 51 59 0 0 84 32 20 96 1 19 39 62 40 51 5 85 75 49 13 12 65 78 97 6 2 57 95 60 68 7 44 14 73 64 11 83 61 14 67 36 76 2 57 43 47 74 77 29 44 14 92 8 80 13 95 9 39 50 6 52 96 34 27 6 64 51 19 38 95 29 79 43 88 43 51 86 43 73 63 97 81 46 4 97 77 73 24 0 54 91 75 98 91 31 74 93 5 30 67 75 94 99 71 75 68 63 88 16 44 99 15 56 22 11 17 15 56 57 90 56 35 53 6 15 19 4 63 21 26 81 75 94 90 12 9 54 31 15 89 86 70 31 92 39 59 46 75 42 72 43
80 95 43 54 65 30 38 66 5 24 18 40 97 8 50 91 79 66 8 92 73 14 49 2 58 83 89 90 82 15 60 28 64 0 0 57 36 83 59 7 32 46 48 42 17 42 18 22 14 7 99 45 27 39 56 61 57 4 0 43 83 62 54 13 55 83 12 77 27 63 73 56 84 78 82 21 65 58 49 75 4 75 63 65 83 88 37 87 14 79 88 70 86 37 36 13 100 69 60 86 72 29 66 67 49 41 29 75 31 8 72 100 36 92 4 70 27 74 29 18 14 82 71 99 56 1 75 65 74 74 78 20 31 49 28 88 37 37 41 90 94 52 51 5 5 25 77 89 15 57 92 4 0 69 60 56 11 51 70 72 98 3 20 98 54 65 79 6 52 90 15 45 18 72 27 56 67 11 4 19 20
16 22 95 10 94 89 78 55 3 99 95 83 37 73 46 63 82 38 16 94 20 26 88 6 36 70 8 29 13 14 1 78 9 84 57 0 85 72 32 1 81 100 16 39 50 59 73 83 30 41 11 55 90 25 37 94 32 31 17 64 100 74 17 15 2 1 74 2 32 7 95 66 47 42 28 62 22 81 78 36 50 24 99 55 72 67 87 4 91 80 9 7 56 9 68 80 1 16 95 20 46 73 62 97 4 9 77 50 45 6 68 25 96 75 50 91 72 68 9 50 5 76 100 76 72 44 35 31 63 16 5 1 56 92 72 87 62 11 34 30 75 71 79 89 42 85 17 86 19 28 44 96 60 85 83 91 37 0 65 19 10 94 8 36 43 72 59 75 95 84 60 100 28 10 48 7 84 90 88 6 59
1 63 97 76 42 42 27 83 81 82 9 25 9 22 42 90 79 60 27 65 43 69 91 36 63 90 93 9 29 14 44 40 94 32 36 85 0 35 90 22 8 27 97 49 79 83 25 4 86 77 46 58 68 9 0 32 3 39 62 52 28 47 16 90 65 47 6 61 94 2 93 42 81 47 9 71 71 78 16 96 6 1 16 94 85 20 72 42 25 50 89 40 16 30 70 23 33 46 45 56 56 79 89 79 14 49 79 76 63 53 67 98 93 57 74 5 19 79 24 76 91 3 1 25 84 8 22 65 1 44 71 80 81 39 55 8 16 81 24 55 25 80 38 47 23 71 77 77 33 17 10 89 72 5 1 27 27 89 55 28 55 87 66 48 27 23 47 75 69 100 53 44 8 15 67 84 99 94 43 36 48
12 70 79 9 7 49 52 47 89 99 26 41 20 60 54 24 87 100 93 33 31 7 70 80 4 22 87 75 88 18 68 85 86 20 83 72 35 0 3 100 53 89 34 50 40 91 52 85 15 16 79 30 46 82 49 32 58 69 72 36 36 69 45 87 37 55 82 89 97 39 55 57 78 83 42 4 28 14 19 46 15 42 83 12 60 5 31 10 83 38 3 71 63 53 83 45 19 7 27 92 56 13 18 36 12 86 68 89 39 47 80 44 95 100 69 11 54 73 92 26 46 50 68 22 30 85 8 47 17 29 23 25 67 52 80 5 0 11 88 35 71 85 87 83 30 87 44 61 1 53 34 95 92 67 5 74 14 7 94 42 16 91 60 91 56 73 7 31 2 63 85 14 42 21 81 17 1 62 46 55 90
0 59 35 66 13 55 68 80 71 57 24 0 87 36 52 40 34 95 85 68 37 56 69 13 45 34 54 23 36 19 75 33 65 96 59 32 90 3 0 36 17 83 56 89 19 21 98 27 90 81 97 69 18 47 80 69 26 7 18 17 53 96 54 69 99 87 60 19 47 84 41 53 33 32 74 22 31 76 56 47 26 14 49 21 36 7 7 75 71 82 9 77 27 77 52 44 6 3 87 68 27 70 10 100 87 0 24 80 52 10 76 100 42 33 91 95 14 19 93 83 14 70 36 74 64 44 27 68 39 43 54 60 76 20 9 38 37 40 62 51 94 69 22 59 9 57 98 43 74 60 9 73 41 99 50 96 25 52 13 57 77 91 77 75 35 2 95 76 13 87 29 47 62 61 78 41 40 71 72 91 16
50 32 29 87 36 68 88 24 91 23 7 45 50 7 21 14 78 64 53 32 72 51 77 53 33 93 78 10 96 15 64 61 40 1 7 1 22 100 36 0 13 12 57 60 29 64 91 20 21 44 27 81 57 52 45 2 80 92 52 40 2 20 88 41 34 32 67 2 71 8 99 60 57 9 86 23 62 83 10 41 92 75 80 59 56 8 53 75 97 85 41 69 43 51 77 21 29 30 80 28 51 62 77 84 93 32 32 1 75 99 15 49 5 78 82 31 13 65 72 17 0 14 25 74 36 38 59 12 80 21 71 15 27 13 68 68 35 88 66 33 52 35 45 74 18 60 59 78 83 61 74 4 57 60 85 40 23 47 40 65 81 96 75 84 24 40 27 74 52 83 100 12 41 59 58 76 3 77 79 52 98
10 67 85 42 57 94 11 60 43 97 81 57 62 37 92 2 53 74 3 92 22 17 50 99 8 18 79 52 26 46 22 98 34 19 32 81 8 53 17 13 0 14 84 51 57 48 4 77 19 7 16 35 57 94 21 50 50 85 8 73 71 51 58 81 72 30 51 22 66 51 89 45 30 96 53 46 58 13 80 5 10 8 43 59 41 31 57 62 45 8 49 1 70 14 61 5 1 89 91 0 39 90 26 96 88 59 93 64 34 90 1 44 44 68 33 85 95 50 64 49 92 59 12 35 25 47 31 36 75 20 78 37 55 13 22 31 86 45 78 23 49 52 24 54 92 51 39 47 32 66 61 9 29 35 2 93 61 50 50 30 53 60 48 100 21 22 94 38 54 39 94 68 78 4 8 44 23 82 24 12 75
14 79 13 82 21 73 80 18 60 3 40 64 30 27 68 31 25 73 25 4 64 67 52 84 3 41 33 11 14 96 30 39 69 39 46 100 27 89 83 12 14 0 52 18 58 60 74 2 70 72 62 6 86 32 53 24 60 75 4 25 15 98 50 10 41 6 21 33 98 3 94 41 38 83 50 73 56 14 19 87 89 13 91 14 94 8 12 80 72 53 8 22 26 12 14 9 64 85 80 72 36 76 42 9 40 52 75 81 92 36 56 1 18 34 24 30 79 64 11 98 35 97 13 71 27 35 67 45 31 60 82 64 81 28 43 39 86 31 53 28 14 36 32 94 16 95 21 24 39 85 87 92 41 60 64 61 83 33 85 34 16 26 1 46 88 86 10 54 91 24 17 76 82 15 35 48 46 57 37 54 49
100 30 18 11 42 42 91 31 40 25 52 100 26 98 87 3 32 71 5 54 9 79 74 66 37 1 27 32 74 40 81 9 68 62 48 16 97 34 56 57 84 52 0 22 60 76 80 7 26 21 90 76 96 22 54 29 100 17 10 59 13 86 76 32 34 84 7 17 62 96 8 46 78 0 98 84 42 42 30 59 50 88 14 51 87 45 91 63 13 65 100 53 5 97 40 1 62 0 55 4 29 89 94 22 48 15 35 91 4 50 60 94 41 0 7 53 75 14 23 57 88 2 20 88 62 62 14 12 3 69 8 91 69 65 99 24 86 15 61 42 11 36 56 30 8 46 36 60 1 51 67 43 49 35 19 94 56 90 31 80 59 95 55 67 0 74 64 44 87 90 64 50 75 24 66 10 21 90 16 12 14
9 9 9 20 62 22 4 15 5 93 59 25 32 96 38 81 65 52 39 38 65 91 74 95 4 78 3 93 15 7 63 11 95 40 42 39 49 50 89 60 51 18 22 0 45 24 22 81 36 85 67 20 67 7 68 31 89 30 90 42 61 94 35 73 61 30 69 95 82 3 22 28 77 31 41 42 57 30 85 55 98 38 17 9 5 64 82 79 42 58 57 40 89 64 65 37 19 93 40 83 46 66 59 49 47 71 28 77 90 33 87 65 63 77 61 39 26 37 85 46 0 68 1 58 21 91 49 46 100 6 39 50 60 35 14 94 26 65 14 5 67 33 20 51 84 83 17 12 34 95 0 12 4 71 89 92 5 61 100 12 91 49 96 52 32 54 52 1 7 28 55 41 34 18 37 30 3 97 78 72 71
90 63 20 26 69 72 83 63 10 77 44 9 36 46 39 96 99 57 90 53 22 94 57 69 21 50 22 80 62 99 51 37 81 51 17 50 79 40 19 29 57 58 60 45 0 33 31 53 57 0 97 34 0 44 76 34 17 31 40 93 87 60 98 40 21 83 73 71 38 66 63 57 72 48 50 51 8 81 82 36 8 19 33 66 75 80 23 39 43 65 49 32 55 54 25 58 99 60 93 91 42 16 0 3 77 54 53 22 3 79 89 66 45 29 37 11 19 72 60 42 0 72 36 98 71 64 65 67 11 81 61 34 47 99 32 76 31 43 23 84 78 15 16 7 97 11 91 56 57 0 75 25 96 82 42 50 29 57 28 32 75 19 44 39 37 0 98 84 1 73 39 39 67 1 9 14 74 97 20 74 75
80 47 79 73 86 64 85 13 20 8 51 67 2 94 68 86 58 12 47 68 57 93 54 99 79 88 31 53 62 9 34 13 57 5 42 59 83 91 21 64 48 60 76 24 33 0 38 97 49 56 62 94 74 48 64 23 19 24 42 28 87 61 21 59 92 77 36 32 24 33 3 84 22 62 47 59 1 79 71 39 30 99 70 73 94 46 87 50 66 61 10 38 8 12 31 71 29 18 58 31 13 11 95 60 91 79 26 86 5 30 14 55 33 16 77 48 83 6 59 14 8 1 60 93 95 96 63 61 30 77 90 43 25 63 53 12 56 15 58 63 20 32 1 57 78 52 29 80 61 37 2 71 12 1 98 32 33 26 48 90 32 11 67 96 85 76 45 43 19 67 33 45 72 76 8 85 17 55 58 6 20
75 56 76 59 57 37 61 78 72 27 52 29 89 16 44 55 95 61 99 70 14 94 41 65 11 88 3 26 57 49 76 27 1 85 18 73 25 52 98 91 4 74 80 22 31 38 0 91 87 59 37 57 99 78 9 15 64 17 95 22 66 80 10 90 31 26 7 2 61 76 81 18 1 0 32 89 96 79 62 13 44 16 75 73 85 24 84 30 43 12 17 44 8 21 66 21 23 96 58 15 49 100 4 8 81 16 26 64 65 28 61 49 75 36 21 34 98 74 53 9 67 67 4 53 32 37 46 13 72 16 10 45 76 91 83 95 13 61 69 86 59 11 92 18 55 11 0 76 53 88 4 31 96 82 77 9 58 89 71 70 60 61 20 84 86 89 62 47 6 13 70 100 8 48 23 90 64 61 43 100 32
92 36 55 82 8 60 44 3 65 30 61 20 81 95 84 73 78 63 49 38 74 20 89 72 98 37 31 39 20 74 90 46 80 75 22 83 4 85 27 20 77 2 7 81 53 97 91 0 27 15 2 38 80 18 47 74 20 19 16 1 64 61 38 29 87 91 28 0 26 55 19 42 13 72 21 27 84 46 12 10 88 46 19 7 90 76 90 86 92 77 64 44 31 89 57 10 88 45 54 55 60 31 38 66 82 37 35 69 66 100 76 0 25 20 52 71 86 95 12 40 9 38 66 16 38 58 28 56 83 72 36 69 90 44 62 93 67 86 17 13 92 49 85 57 76 47 86 64 55 59 47 22 58 24 48 75 17 17 92 61 23 87 9 24 63 71 32 92 43 56 64 25 13 66 24 0 25 13 48 1 89
68 34 53 24 77 24 2 21 78 41 52 41 49 1 11 36 0 82 4 40 77 70 11 89 33 12 5 25 28 33 21 70 31 49 14 30 86 15 90 21 19 70 26 36 57 49 87 27 0 87 6 41 16 9 7 84 56 29 24 6 51 40 57 50 80 54 8 33 5 58 90 29 66 13 38 48 54 29 23 55 52 21 93 24 2 59 52 23 31 88 18 42 24 45 17 5 18 20 48 91 77 54 96 55 12 75 52 90 90 76 88 13 0 77 27 48 49 29 8 94 2 75 25 67 40 61 25 80 6 10 78 38 27 89 13 52 13 79 74 28 89 90 19 6 64 77 46 37 69 35 48 51 95 97 55 98 61 72 72 66 90 17 0 24 62 55 15 46 64 32 73 55 95 35 76 75 72 70 71 27 84
45 51 37 42 94 60 81 54 93 72 50 52 35 8 38 52 38 6 3 7 77 91 77 76 95 68 39 93 92 14 100 59 31 13 7 41 77 16 81 44 7 72 21 85 0 56 59 15 87 0 53 11 70 29 43 38 15 15 50 81 75 20 3 70 54 87 1 77 21 35 99 24 76 83 87 22 92 53 39 62 86 85 95 68 63 99 9 46 22 80 74 32 54 1 93 75 4 54 23 39 80 34 83 13 5 9 77 17 14 15 16 21 50 47 75 67 56 40 63 71 4 76 46 71 17 96 61 34 32 24 69 80 92 14 78 49 33 90 9 20 73 1 84 91 53 0 75 14 95 71 90 18 76 35 70 96 71 42 68 35 22 38 5 1 28 28 99 88 10 59 36 66 51 40 12 100 43 92 66 54 69
68 22 50 56 28 26 38 74 69 24 56 95 70 19 6 18 17 35 37 43 44 75 51 14 61 40 14 55 88 77 44 95 45 12 99 11 46 79 97 27 16 62 90 67 97 62 37 2 6 53 0 29 31 94 35 51 44 79 56 84 71 11 24 20 41 52 81 69 93 56 21 74 2 87 4 15 87 64 3 6 26 67 78 45 7 22 39 56 57 66 71 75 1 83 81 23 94 83 79 92 31 63 52 85 19 68 26 59 63 98 90 37 62 82 0 3 73 50 91 73 48 34 39 65 55 17 70 5 56 99 90 62 37 31 50 40 38 36 59 22 98 18 72 10 50 67 81 98 1 15 73 36 69 15 21 9 4 26 46 17 11 8 53 3 71 9 68 86 100 16 99 67 21 38 43 84 69 90 11 86 96
16 87 11 3 19 20 26 92 80 15 12 21 48 26 18 79 0 46 96 9 57 50 25 47 67 95 75 41 32 19 20 61 84 65 45 55 58 30 69 81 35 6 76 20 34 94 57 38 41 11 29 0 41 95 5 6 80 2 5 81 61 30 68 93 11 91 37 32 39 64 2 2 51 26 97 76 24 50 96 28 84 32 94 48 72 47 15 15 67 50 24 89 91 75 31 67 86 86 96 58 12 79 80 65 22 81 36 82 21 73 62 88 7 81 24 94 76 59 35 90 45 43 60 72 74 25 60 55 25 67 41 58 29 52 3 32 73 98 3 33 92 10 48 40 55 90 21 88 47 7 48 42 1 28 92 3 58 89 87 31 11 10 10 7 25 13 33 29 86 16 58 88 4 50 65 10 28 64 31 68 54
41 8 81 98 47 0 97 87 56 7 47 25 83 73 53 41 54 19 36 96 35 65 71 66 40 59 43 53 25 38 70 100 63 78 27 90 68 46 18 57 57 86 96 67 0 74 99 80 16 70 31 41 0 61 63 93 38 2 18 72 25 91 93 75 13 35 37 2 50 23 56 42 99 42 83 53 72 56 22 1 41 63 79 45 14 89 99 35 11 87 78 64 80 86 25 25 0 86 37 3 30 30 58 41 38 80 46 8 96 42 61 80 62 70 33 2 51 97 15 14 27 17 29 91 18 28 79 53 90 32 2 86 79 100 81 51 56 9 87 98 51 62 40 65 76 35 1 76 64 8 95 59 67 67 24 60 0 26 2 44 9 45 25 58 1 25 18 45 65 64 95 41 11 85 14 86 59 6 85 38 21
69 26 27 30 7 48 1 77 36 91 90 59 86 70 90 2 65 9 94 88 83 41 93 11 74 49 27 63 28 96 76 36 51 97 39 25 9 82 47 52 94 32 22 7 44 48 78 18 9 29 94 95 61 0 3 16 27 54 98 89 94 14 89 4 99 88 11 72 82 74 6 78 29 27 18 7 84 49 59 8 82 18 25 6 51 93 80 2 59 67 53 92 6 58 15 32 9 64 51 20 81 41 82 49 70 8 84 84 32 29 51 30 36 35 43 82 74 50 20 60 67 41 56 69 16 49 52 86 7 31 11 74 92 87 95 47 100 79 99 38 39 36 70 24 55 29 72 25 79 3 97 71 21 82 44 96 6 71 47 66 19 36 80 95 84 75 34 55 64 11 63 1 86 44 7 16 29 6 23 78 26
26 15 0 80 68 34 51 96 26 31 34 60 40 45 12 34 9 69 39 31 30 59 27 86 15 10 99 0 0 15 49 95 22 6 56 37 0 49 80 45 21 53 54 68 76 64 9 47 7 43 35 5 63 3 0 69 91 8 28 2 94 1 20 90 67 10 26 11 53 61 89 17 58 81 17 82 12 99 14 24 25 10 51 2 7 71 15 41 89 27 37 85 25 74 61 83 37 15 1 50 1 98 62 73 62 74 73 63 2 57 10 100 85 58 5 80 66 75 15 1 72 69 90 3 68 12 18 35 7 66 75 77 4 81 63 43 78 72 52 5 92 69 70 75 42 14 24 23 90 37 40 37 4 68 8 54 44 53 20 64 0 72 77 66 76 4 83 29 14 43 2 82 39 5 66 27 86 41 62 94 74
50 91 91 59 10 77 13 20 80 34 34 70 95 14 95 0 57 78 95 1 65 33 63 23 13 55 16 30 10 52 70 69 45 2 61 94 32 32 69 2 50 24 29 31 34 23 15 74 84 38 51 6 93 16 69 0 12 39 81 8 6 44 14 41 76 54 62 84 40 35 89 32 52 34 21 61 13 59 3 15 13 99 44 23 2 100 6 29 23 62 66 78 28 55 37 39 84 49 100 0 69 15 71 79 34 4 65 37 18 65 26 92 7 12 12 46 60 48 21 41 29 22 51 24 60 21 27 28 23 37 6 60 6 60 3 91 0 28 28 88 52 54 25 40 58 7 21 66 4 79 34 98 91 93 54 44 18 9 12 35 74 23 62 53 28 95 49 69 86 29 1 6 11 78 59 70 0 23 67 86 7
90 93 21 4 100 80 34 80 42 0 15 13 6 40 46 89 22 73 92 81 71 85 78 60 46 68 31 19 47 61 78 11 63 57 57 32 3 58 26 80 50 60 100 89 17 19 64 20 56 15 44 80 38 27 91 12 0 91 10 9 32 23 26 85 27 7 52 20 36 40 64 42 44 16 60 84 19 55 53 9 96 82 55 48 43 88 99 61 36 34 13 72 16 36 25 59 82 12 38 90 46 8 41 63 47 38 97 27 99 4 4 63 90 99 15 98 3 64 84 18 64 21 53 46 72 29 89 58 11 34 44 99 56 47 35 80 92 48 49 74 10 43 28 67 68 1 98 31 13 79 16 36 30 91 91 100 67 2 38 11 18 74 61 12 11 83 88 31 65 41 21 32 41 87 17 28 38 41 28 35 44
77 45 80 5 46 22 41 24 78 71 96 25 27 89 89 24 91 57 40 33 61 38 41 56 100 38 45 13 55 90 5 93 7 95 4 31 39 69 7 92 85 75 17 30 31 24 17 19 29 15 79 2 2 54 8 39 91 0 34 76 60 97 6 65 88 62 69 16 97 8 62 7 77 70 51 25 47 44 24 93 85 36 26 53 24 66 46 100 13 17 95 44 93 18 11 55 34 69 90 96 89 44 79 35 73 44 2 0 79 6 8 51 4 43 41 15 23 9 2 60 52 33 53 47 30 92 88 16 56 9 27 84 82 67 65 45 0 72 9 98 62 45 61 40 24 76 87 84 30 1 85 78 11 77 81 74 13 28 78 43 89 6 61 82 51 83 52 94 26 85 94 49 31 64 37 35 11 75 46 36 36
36 4 23 71 85 49 82 12 31 11 68 70 50 80 53 61 45 97 68 15 8 94 15 62 92 57 95 52 45 67 45 96 78 60 0 17 62 72 18 52 8 4 10 90 40 42 95 16 24 50 56 5 18 98 28 81 10 34 0 19 28 85 75 2 29 81 64 70 64 80 26 25 16 15 18 56 29 8 77 88 69 97 6 15 79 81 43 29 97 52 94 70 46 33 48 100 10 85 10 89 43 60 74 2 66 41 83 1 1 35 31 24 86 55 26 90 90 66 10 85 7 30 11 96 15 42 11 24 45 80 20 50 60 47 35 67 12 36 18 9 43 22 70 97 35 71 34 64 52 56 16 31 53 3 87 84 40 72 34 63 83 61 76 18 30 38 80 1 22 19 34 15 12 61 18 75 89 45 26 89 53
83 12 91 16 24 50 72 87 95 64 69 86 56 49 37 57 56 20 71 1 92 61 77 95 58 93 92 32 94 73 20 84 67 68 43 64 52 36 17 40 73 25 59 42 93 28 22 1 6 81 84 81 72 89 2 8 9 76 19 0 49 91 99 29 80 80 28 34 89 19 40 72 90 34 69 9 17 77 68 29 74 49 66 5 51 31 78 88 89 7 29 7 18 54 56 47 37 24 53 33 40 11 57 43 14 19 83 21 22 28 100 90 61 25 57 45 90 68 56 65 45 70 85 82 14 47 12 4 27 11 45 9 18 18 32 43 82 2 14 99 43 82 62 16 66 82 39 91 9 2 99 90 6 68 72 55 1 54 60 11 55 34 67 50 46 51 55 89 20 39 47 92 30 17 77 85 43 3 11 8 50
47 1 51 63 60 72 91 47 25 0 84 17 99 50 66 97 12 59 65 11 87 35 46 18 61 42 73 96 96 37 2 27 26 7 83 100 28 36 53 2 71 15 13 61 87 87 66 64 51 75 71 61 25 94 94 6 32 60 28 49 0 82 65 1 43 76 98 20 57 59 53 32 94 91 91 54 22 68 84 12 48 38 27 42 91 51 28 4 99 83 69 58 6 88 51 62 71 20 4 10 17 32 6 8 71 12 18 22 88 5 0 73 84 79 79 25 43 49 78 2 0 94 22 11 74 47 68 81 86 82 65 58 19 94 95 12 24 47 94 41 4 11 30 86 64 49 7 36 34 36 66 31 15 45 14 16 5 1 42 71 48 6 92 53 69 73 9 2 17 61 63 88 9 68 29 91 18 97 43 64 2
11 13 88 18 10 78 33 1 44 5 21 65 25 26 64 91 7 21 92 87 50 90 52 3 80 44 64 53 19 29 92 30 60 44 62 74 47 69 96 20 51 98 86 94 60 61 80 61 40 20 11 30 91 14 1 44 23 97 85 91 82 0 2 52 19 99 89 71 76 49 70 16 22 90 61 6 80 86 77 84 59 29 52 66 81 11 49 74 67 79 0 95 82 43 0 51 85 4 64 71 67 27 62 72 7 59 25 2 7 88 78 22 4 57 7 99 2 96 59 27 62 7 87 85 36 62 48 13 81 60 80 44 82 69 6 2 97 43 48 40 35 6 96 47 50 15 95 29 47 2 65 62 92 59 83 15 72 54 9 17 77 33 81 76 50 27 25 26 11 0 98 30 32 96 52 44 17 21 5 46 94
89 100 8 65 70 66 97 78 49 77 21 71 1 99 50 60 2 74 57 75 86 75 30 14 88 97 98 53 19 25 98 2 76 14 54 17 16 45 54 88 58 50 76 35 98 21 10 38 57 3 24 68 93 89 20 14 26 6 75 99 65 2 0 56 93 28 3 35 93 39 35 64 74 89 87 99 0 50 93 30 42 20 13 53 51 98 94 89 16 48 91 57 23 29 62 61 32 75 2 32 9 62 77 14 29 99 78 10 72 16 49 96 31 6 49 93 41 67 73 4 7 22 0 82 40 39 61 3 45 73 62 42 9 4 71 59 60 85 87 24 97 34 40 26 45 43 13 6 43 29 0 41 7 0 77 64 40 13 66 87 95 47 74 10 38 78 89 64 98 81 74 5 40 24 24 39 31 53 28 3 39
44 25 0 67 85 82 49 82 96 85 64 16 86 65 28 25 39 80 52 18 18 79 21 44 18 73 16 7 90 1 33 28 81 73 13 15 90 87 69 41 81 10 32 73 40 59 90 29 50 70 20 93 75 4 90 41 85 65 2 29 1 52 56 0 79 46 90 99 93 57 86 90 10 71 35 6 78 30 3 28 35 38 35 89 21 91 24 87 9 78 44 22 63 68 24 21 80 81 75 85 6 85 51 31 90 59 40 17 48 51 98 86 91 12 20 95 77 95 55 100 33 86 67 31 61 13 38 90 22 46 49 84 17 41 64 48 0 72 36 70 86 88 81 63 27 7 64 19 52 11 4 70 28 25 95 70 97 28 33 72 23 21 55 15 37 79 91 37 99 77 16 4 25 0 87 1 20 76 6 18 39
3 34 46 49 78 53 85 36 9 72 5 91 13 74 12 58 61 59 53 57 46 16 100 28 59 4 14 38 55 100 33 34 12 64 55 2 65 37 99 34 72 41 34 61 21 92 31 87 80 54 41 11 13 99 67 76 27 88 29 80 43 19 93 79 0 51 92 72 22 76 33 77 42 27 40 97 40 98 65 45 73 22 64 38 6 45 91 37 16 49 27 83 57 80 100 19 28 35 61 72 95 13 47 11 68 85 54 68 93 61 73 82 60 15 100 61 16 95 50 20 22 38 1 64 88 31 58 19 45 12 46 63 3 95 28 97 32 33 82 100 38 91 53 75 88 46 87 83 35 16 28 47 11 98 58 97 62 2 72 87 3 41 71 72 32 83 12 93 58 43 88 95 48 61 17 68 93 97 38 43 74
26 53 10 14 47 42 24 37 75 91 85 62 24 74 57 30 10 94 15 21 52 44 86 11 89 35 50 46 41 100 70 7 76 11 83 1 47 55 87 32 30 6 84 30 83 77 26 91 54 87 52 91 35 88 10 54 7 62 81 80 76 99 28 46 51 0 43 77 5 12 9 95 12 89 75 95 7 78 25 65 47 4 15 72 4 60 97 99 54 49 84 10 57 9 58 43 39 6 37 76 19 1 43 16 39 90 0 71 20 90 96 36 13 6 94 61 39 62 100 45 33 47 34 73 92 12 40 13 86 81 40 30 72 90 59 81 1 55 0 2 94 33 19 5 64 26 10 52 41 25 94 54 10 4 32 29 35 77 43 48 22 14 56 38 40 18 55 25 25 58 93 86 68 74 52 99 20 51 92 97 28
82 15 51 61 80 87 95 56 58 65 17 5 78 68 4 77 78 15 52 37 67 3 20 38 38 14 8 22 13 42 82 37 74 83 12 74 6 82 60 67 51 21 7 69 73 36 7 28 8 1 81 37 37 11 26 62 52 69 64 28 98 89 3 90 92 43 0 77 44 13 86 79 14 33 28 71 38 88 14 36 39 52 32 85 80 4 80 38 2 50 57 66 24 24 70 75 52 37 74 77 55 16 60 92 100 66 0 24 4 82 95 3 16 10 35 50 54 90 74 74 30 18 55 4 63 33 62 2 30 58 43 88 92 9 22 78 98 98 10 50 56 20 7 44 29 38 64 8 78 95 40 25 1 86 16 86 76 14 89 88 35 67 7 59 16 61 64 47 62 45 40 81 7 8 95 82 72 55 74 48 29
28 36 20 40 29 75 36 18 70 96 5 49 20 66 19 80 74 74 71 74 69 79 86 50 90 13 79 28 14 23 11 20 45 61 77 2 61 89 19 2 22 33 17 95 71 32 2 0 33 77 69 32 2 72 11 84 20 16 70 34 20 71 35 99 72 77 77 0 86 76 38 14 41 50 38 44 27 66 25 0 79 75 13 84 70 39 30 69 74 6 74 9 84 60 13 9 69 11 57 45 49 59 100 85 0 24 77 42 18 58 99 81 13 29 25 86 44 42 8 71 64 35 30 6 54 13 36 75 4 16 71 26 66 5 53 10 7 35 16 11 56 13 17 18 54 19 50 55 54 36 3 88 19 77 50 56 64 31 97 67 54 54 62 11 43 97 37 50 53 42 24 12 6 57 18 21 43 70 28 56 12
23 59 76 61 80 37 87 29 64 2 40 37 41 16 97 25 7 98 49 50 82 28 100 86 92 25 28 32 74 100 33 16 76 14 27 32 94 97 47 71 66 98 62 82 38 24 61 26 5 21 93 39 50 82 53 40 36 97 64 89 57 76 93 93 22 5 44 86 0 52 39 5 12 2 55 9 97 62 64 94 60 7 88 59 98 9 20 72 22 6 69 53 33 69 19 4 61 93 39 82 50 48 50 37 85 94 13 41 71 11 19 75 91 1 3 51 47 98 4 96 42 65 59 46 37 80 49 19 0 62 66 89 41 11 10 12 30 34 77 45 48 51 39 16 86 94 16 54 59 93 63 16 87 9 68 10 48 67 17 98 53 80 1 46 12 94 80 5 93 80 51 29 35 13 60 5 46 31 97 42 50
47 31 69 52 59 91 0 59 18 21 9 96 67 37 24 84 62 61 72 53 87 39 42 76 72 51 64 18 39 33 98 86 37 67 63 7 2 39 84 8 51 3 96 3 66 33 76 55 58 35 56 64 23 74 61 35 40 8 80 19 59 49 39 57 76 12 13 76 52 0 97 0 26 47 92 36 11 67 51 95 86 33 44 69 61 52 80 24 93 67 84 23 92 9 11 62 84 59 70 23 0 51 2 88 70 47 93 99 30 65 24 32 96 21 6 4 19 78 18 41 16 6 82 49 65 80 25 24 41 5 76 63 24 100 24 31 57 99 51 26 25 70 45 67 78 68 63 18 82 66 49 23 83 90 44 30 79 45 38 74 58 53 5 56 64 56 64 95 40 81 100 53 67 66 28 92 69 73 15 70 2
96 82 38 39 0 41 72 11 75 53 56 55 15 63 47 4 38 39 82 80 48 4 84 40 63 40 32 58 8 50 9 95 13 36 73 95 93 55 41 99 89 94 8 22 63 3 81 19 90 99 21 2 56 6 89 89 64 62 26 40 53 70 35 86 33 9 86 38 39 97 0 100 44 0 67 18 21 25 99 45 21 71 72 64 81 26 58 69 20 35 67 67 37 78 25 90 35 97 14 27 74 60 2 89 43 100 45 83 62 0 93 45 13 0 78 1 56 1 18 48 79 9 31 75 94 39 46 10 86 76 94 92 42 94 19 15 81 9 88 89 5 37 44 13 34 100 84 91 5 25 78 46 93 68 31 61 7 31 86 5 77 91 75 69 65 12 75 86 72 71 19 55 82 31 48 1 6 44 47 15 2
66 19 73 27 80 92 33 95 11 39 11 47 87 92 90 19 84 87 56 55 33 48 9 56 78 18 9 95 32 3 24 48 9 76 56 66 42 57 53 60 45 41 46 28 57 84 18 42 29 24 74 2 42 78 17 32 42 7 25 72 32 16 64 90 77 95 79 14 5 0 100 0 6 23 73 31 48 66 98 92 38 32 38 1 21 37 4 68 52 68 56 57 5 94 69 12 10 78 63 50 3 41 90 83 38 46 89 11 26 65 59 99 72 46 40 59 77 2 36 0 55 85 65 10 86 82 7 31 19 44 44 90 37 90 89 81 27 66 26 71 92 12 2 64 39 61 1 73 42 95 71 18 67 38 40 74 13 44 98 8 89 56 58 84 21 39 20 71 90 85 77 11 36 54 9 53 16 63 8 12 75
83 96 75 13 89 69 67 9 80 24 93 34 51 14 13 32 56 41 36 0 77 98 33 65 71 49 83 81 60 2 31 22 56 2 84 47 81 78 33 57 30 38 78 77 72 22 1 13 66 76 2 51 99 29 58 52 44 77 16 90 94 22 74 10 42 12 14 41 12 26 44 6 0 23 77 92 37 72 24 25 52 34 21 88 86 49 22 32 56 54 37 7 6 66 90 49 34 80 58 52 32 53 14 87 23 36 67 78 26 38 54 40 46 68 72 68 41 82 31 73 35 3 80 93 57 44 87 71 20 11 84 73 5 31 33 81 79 73 69 39 32 69 74 24 49 33 9 33 87 56 27 94 15 82 27 23 32 36 58 65 77 65 65 76 21 55 18 53 56 13 44 29 73 99 38 29 69 90 55 20 1
60 2 10 24 24 58 63 75 43 47 32 71 96 32 96 31 26 13 83 49 32 68 43 26 99 35 4 42 84 0 33 28 57 57 78 42 47 83 32 9 96 83 0 31 48 62 0 72 13 83 87 26 42 27 81 34 16 70 15 34 91 90 89 71 27 89 33 50 2 47 0 23 23 0 86 65 0 55 74 38 68 39 23 56 23 22 74 49 65 29 57 49 2 88 77 92 100 36 14 20 11 72 94 38 57 14 45 91 5 61 42 60 52 71 19 40 13 37 44 26 62 55 73 43 10 3 41 93 51 26 97 24 98 0 76 59 29 21 86 49 76 89 98 34 10 65 4 55 15 97 77 80 59 87 87 56 82 78 60 95 85 60 18 38 99 40 2 52 89 37 34 63 78 86 16 54 0 26 39 94 44
40 57 35 89 12 2 21 89 7 86 2 72 56 77 15 80 89 20 20 88 9 10 97 46 90 45 34 47 68 40 41 53 48 43 82 28 9 42 74 86 53 50 98 41 50 47 32 21 38 87 4 97 83 18 17 21 60 51 18 69 91 61 87 35 40 75 28 38 55 92 67 73 77 86 0 12 66 75 3 100 91 6 70 60 43 29 68 73 11 97 98 90 49 99 69 94 56 100 60 41 100 93 89 29 67 29 61 46 48 22 81 4 32 43 41 95 37 31 51 36 56 52 14 74 56 92 43 29 72 2 15 27 86 30 23 3 67 90 60 71 16 51 62 96 58 37 82 60 76 9 3 46 89 51 29 36 16 77 31 27 87 7 92 19 88 40 41 34 65 100 100 2 10 29 24 23 96 85 0 71 73
100 46 37 38 36 53 0 43 90 59 30 94 50 52 21 54 42 6 5 17 32 49 46 48 17 24 10 28 96 82 32 88 54 47 21 62 71 4 22 23 46 73 84 42 51 59 89 27 48 22 15 76 53 7 82 61 84 25 56 9 54 6 99 6 97 95 71 44 9 36 18 31 92 65 12 0 34 95 37 13 44 68 45 63 83 16 25 30 67 11 57 13 63 20 13 1 38 62 97 5 39 96 4 95 89 7 70 9 36 44 93 54 18 8 28 74 37 10 3 22 96 60 43 57 41 64 48 58 86 25 61 8 45 26 57 56 99 29 72 31 72 45 32 44 52 72 62 98 35 12 52 74 12 56 76 85 5 47 29 57 5 36 53 92 74 93 94 59 75 80 70 66 87 56 100 63 40 8 76 55 48
7 48 1 61 76 17 31 96 19 92 42 41 25 14 50 6 28 64 8 88 84 3 6 95 16 79 84 15 56 45 62 7 56 74 65 22 71 28 31 62 58 56 42 57 8 1 96 84 54 92 87 24 72 84 12 13 19 47 29 17 22 80 0 78 40 7 38 27 97 11 21 48 37 0 66 34 0 8 53 93 16 35 79 100 98 42 63 14 63 82 1 73 78 40 99 100 15 61 31 21 86 51 99 81 63 54 12 20 18 18 65 23 11 36 99 83 15 69 81 69 72 99 88 20 11 0 54 51 18 60 80 87 95 50 55 35 78 39 70 38 38 62 96 37 60 55 61 85 79 57 11 94 0 20 45 33 69 84 29 29 30 99 13 100 59 97 41 65 75 88 7 51 40 59 29 98 58 80 55 82 99
86 5 93 50 4 59 87 30 28 10 30 100 30 79 100 44 5 13 12 20 72 96 35 13 45 32 33 43 11 77 55 55 38 77 58 81 78 14 76 83 13 14 42 30 81 79 79 46 29 53 64 50 56 49 99 59 55 44 8 77 68 86 50 30 98 78 88 66 62 67 25 66 72 55 75 95 8 0 64 48 86 78 93 75 19 56 19 70 32 8 20 82 32 50 86 4 72 12 65 91 98 13 38 89 24 2 63 13 29 99 1 61 50 77 9 41 56 85 90 81 4 8 56 77 35 3 78 38 55 51 22 8 1 2 38 91 28 79 89 61 46 25 57 51 17 87 2 82 81 6 96 19 11 2 58 91 39 87 87 85 66 50 5 65 37 50 64 89 21 55 30 21 50 70 58 89 87 34 43 28 45
34 47 86 4 20 100 71 11 48 41 72 22 40 92 55 17 2 0 95 16 38 43 16 77 4 14 87 56 81 95 10 74 87 29 49 78 16 19 56 10 80 19 30 85 82 71 62 12 23 39 3 96 22 59 14 3 53 24 77 68 84 77 93 3 65 25 14 25 64 51 99 98 24 74 3 37 53 64 0 80 32 33 100 11 75 50 52 99 76 78 6 55 87 79 95 77 16 11 34 27 78 85 32 90 89 83 50 10 44 76 40 18 37 39 39 22 23 77 39 76 35 84 78 66 29 38 3 3 81 3 80 43 48 83 25 11 57 9 74 18 80 31 80 12 98 37 58 48 14 97 55 60 76 65 82 63 80 4 55 23 25 61 83 47 88 17 81 77 84 94 26 44 65 24 19 60 13 98 55 51 56
38 65 44 25 0 96 36 56 10 15 58 30 1 73 81 85 61 12 10 9 18 76 17 26 7 88 44 85 12 45 39 1 48 44 75 36 96 46 47 41 5 87 59 55 36 39 13 10 55 62 6 28 1 8 24 15 9 93 88 29 12 84 30 28 45 65 36 0 94 95 45 92 25 38 100 13 93 48 80 0 83 58 55 97 6 85 0 97 74 100 51 71 80 32 94 81 97 87 96 57 97 40 66 77 19 98 23 96 61 22 96 63 15 29 90 63 13 20 11 50 88 31 52 67 82 24 38 13 92 85 98 0 10 91 28 64 87 100 80 96 68 53 43 35 3 52 30 48 39 4 17 94 29 32 32 63 23 22 12 72 93 23 2 74 76 42 6 45 0 15 98 80 68 33 18 12 9 5 2 32 17
0 74 96 66 81 80 50 51 96 44 13 3 80 60 48 47 45 56 54 23 32 26 28 66 87 39 0 22 89 9 6 58 43 14 4 50 6 15 26 92 10 89 50 98 8 30 44 88 52 86 26 84 41 82 25 13 96 85 69 74 48 59 42 35 73 47 39 79 60 86 21 38 52 68 91 44 16 86 32 83 0 53 6 71 11 69 73 81 19 89 67 87 13 63 11 47 46 12 48 52 77 50 71 45 94 20 23 93 53 87 14 88 64 66 13 13 97 17 68 18 83 89 63 58 23 67 78 52 83 17 77 43 84 76 50 65 10 35 10 44 32 24 27 14 47 1 47 32 15 24 44 18 72 6 99 63 42 5 43 63 16 3 10 47 25 51 8 59 68 78 91 97 15 52 42 50 55 32 11 44 40
10 46 36 21 69 47 87 5 74 64 72 82 23 9 91 18 73 64 5 6 38 6 71 72 36 91 1 18 56 15 41 27 60 92 75 24 1 42 14 75 8 13 88 38 19 99 16 46 21 85 67 32 63 18 10 99 82 36 97 49 38 29 20 38 22 4 52 75 7 33 71 32 34 39 6 68 35 78 33 58 53 0 87 63 1 3 46 58 35 63 52 100 73 99 18 16 58 10 56 54 37 53 24 12 79 60 72 47 74 86 37 100 85 88 8 58 24 68 8 30 23 48 42 16 80 98 14 68 50 13 97 27 71 27 95 56 3 22 69 13 22 75 25 10 40 98 88 47 66 86 97 100 83 37 46 97 60 65 3 84 53 88 26 58 80 47 22 48 88 29 70 83 2 90 68 8 42 18 81 94 54
32 33 55 25 26 41 53 63 80 28 4 13 64 1 36 91 53 94 69 23 38 78 99 31 81 83 70 81 2 84 24 48 83 8 63 99 16 83 49 80 43 91 14 17 33 70 75 19 93 95 78 94 79 25 51 44 55 26 6 66 27 52 13 35 64 15 32 13 88 44 72 38 21 23 70 45 79 93 100 55 6 87 0 98 38 32 67 57 51 7 57 34 33 56 1 39 21 28 62 68 48 29 4 36 77 62 97 95 36 81 21 24 56 8 58 14 13 87 46 41 63 53 22 6 41 99 35 10 89 20 44 80 93 69 88 9 10 35 99 13 5 77 63 59 69 93 82 6 89 44 17 21 0 52 96 3 15 56 21 71 78 100 71 66 19 70 4 52 97 81 39 97 48 3 86 67 11 2 56 56 91
21 90 48 63 14 69 11 42 58 85 14 39 36 22 54 14 17 48 33 53 69 20 25 76 78 63 17 52 45 82 9 61 10 80 65 55 94 12 21 59 59 14 51 9 66 73 73 7 24 68 45 48 45 6 2 23 48 53 15 5 42 66 53 89 38 72 85 84 59 69 64 1 88 56 60 63 100 75 11 97 71 63 98 0 0 100 11 38 68 53 66 4 36 36 35 92 27 72 40 31 28 73 30 32 97 98 99 90 10 3 27 79 74 10 90 43 87 35 80 45 45 9 46 86 97 1 50 61 96 6 52 75 89 3 38 66 57 11 22 18 23 84 82 56 23 51 53 39 55 93 84 74 63 8 71 41 51 39 85 77 74 3 61 67 41 20 81 34 21 73 64 38 91 21 58 87 98 25 56 67 31
99 33 3 81 8 49 45 72 56 34 15 56 18 5 6 2 64 69 16 86 95 82 65 37 60 18 66 5 13 54 74 57 45 13 83 72 85 60 36 56 41 94 87 5 75 94 85 90 2 63 7 72 14 51 7 2 43 24 79 51 91 81 51 21 6 4 80 70 98 61 81 21 86 23 43 83 98 19 75 6 11 1 38 0 0 8 4 84 2 46 83 20 5 64 31 32 20 72 96 85 32 28 84 70 19 40 79 84 96 77 46 9 7 52 82 20 64 81 87 96 5 69 70 48 89 92 94 80 91 44 11 30 78 45 81 68 22 27 99 55 96 66 22 31 52 92 55 14 8 14 57 43 24 89 0 24 35 3 99 23 22 69 37 58 24 17 52 59 28 68 64 19 60 86 49 73 84 74 67 21 33
35 8 22 15 89 36 66 100 26 58 22 32 16 12 64 10 58 53 32 89 72 85 19 19 69 46 90 30 95 90 33 59 82 95 88 67 20 5 7 8 31 8 45 64 80 46 24 76 59 99 22 47 89 93 71 100 88 66 81 31 51 11 98 91 45 60 4 39 9 52 26 37 49 22 29 16 42 56 50 85 69 3 32 100 8 0 99 70 26 19 57 53 38 33 23 15 14 95 93 41 48 4 77 30 75 99 93 1 51 37 22 95 49 7 56 81 19 21 42 41 2 60 77 99 83 31 61 80 7 9 23 8 26 71 58 34 83 1 76 52 73 73 84 16 40 85 25 91 75 41 60 34 59 57 55 41 85 18 51 28 99 19 87 46 43 60 55 19 81 83 22 1 30 30 98 72 55 58 60 5 30
49 59 1 15 15 38 10 45 50 20 60 86 84 37 63 54 18 44 99 85 40 18 60 2 86 81 6 23 56 99 100 12 38 9 37 87 72 31 7 53 57 12 91 82 23 87 84 90 52 9 39 15 99 80 15 6 99 46 43 78 28 49 94 24 91 97 80 30 20 80 58 4 22 74 68 25 63 19 52 0 73 46 67 11 4 99 0 8 73 56 52 87 36 48 92 76 11 81 68 59 76 53 48 18 93 53 80 83 28 100 51 45 59 19 70 24 70 54 81 27 74 57 13 11 10 76 44 7 77 42 23 66 80 27 83 48 22 73 27 83 13 74 58 7 33 43 91 44 54 6 29 4 12 60 100 84 31 29 61 34 88 64 76 57 68 82 67 11 91 5 79 46 12 58 90 24 14 84 8 35 23
31 96 80 91 60 26 44 85 13 90 85 74 51 20 27 47 70 11 75 86 82 2 39 65 17 74 74 64 67 26 93 61 39 39 87 4 42 10 75 75 62 80 63 79 39 50 30 86 23 46 56 15 35 2 41 29 61 100 29 88 4 74 89 87 37 99 38 69 72 24 69 68 32 49 73 30 14 70 99 97 81 58 57 38 84 70 8 0 19 14 65 55 49 9 2 78 23 50 24 27 8 4 95 66 35 79 79 100 1 36 95 70 41 38 70 66 33 91 60 50 17 84 28 32 69 97 63 42 25 17 57 87 82 70 63 64 83 31 26 73 45 38 31 49 14 55 86 0 84 82 16 56 49 38 26 55 29 12 2 54 0 81 49 76 56 98 35 9 37 59 5 9 78 94 5 74 25 49 96 29 17
8 95 82 16 20 58 97 41 98 47 26 20 98 100 41 93 9 41 20 28 34 18 58 21 15 36 14 28 68 5 19 3 49 50 14 91 25 83 71 97 45 72 13 42 43 66 43 92 31 22 57 67 11 59 89 23 36 13 97 89 99 67 16 9 16 54 2 74 22 93 20 52 56 65 11 67 63 32 76 74 19 35 51 68 2 26 73 19 0 30 39 24 93 40 3 22 18 51 89 33 100 21 26 52 68 40 65 13 92 51 76 94 98 81 83 51 17 67 19 39 12 32 59 66 12 76 17 19 51 21 86 90 14 0 95 80 92 36 69 77 65 10 23 4 13 73 67 57 45 85 13 75 2 60 5 61 45 42 92 44 73 56 54 8 90 69 5 81 64 15 82 77 14 28 38 100 37 39 61 96 4
55 1 98 46 14 8 48 66 40 77 88 23 48 31 80 1 43 73 64 54 23 6 47 20 81 24 68 79 65 66 6 4 5 6 79 80 50 38 82 85 8 53 65 58 65 61 12 77 88 80 66 50 87 67 27 62 34 17 52 7 83 79 48 78 49 49 50 6 6 67 35 68 54 29 97 11 82 8 78 100 89 63 7 53 46 19 56 14 30 0 76 81 92 82 7 8 46 81 95 11 68 2 70 98 37 96 23 27 39 90 43 89 17 69 61 6 72 6 80 32 21 75 40 39 42 86 66 53 63 73 92 81 77 18 98 76 71 8 8 22 16 54 0 90 24 21 90 64 28 50 60 34 85 79 85 61 53 2 95 88 89 18 13 72 17 27 14 37 10 22 0 9 60 4 77 17 56 17 54 21 21
72 25 20 27 54 26 68 38 88 31 6 31 51 67 20 19 14 32 85 33 13 42 52 15 22 40 41 42 77 43 38 92 19 52 88 9 89 3 9 41 49 8 100 57 49 10 17 64 18 74 71 24 78 53 37 66 13 95 94 29 69 0 91 44 27 84 57 74 69 84 67 56 37 57 98 57 1 20 6 51 67 52 57 66 83 57 52 65 39 76 0 27 62 16 44 45 6 91 70 38 59 26 61 78 79 8 56 32 34 27 63 82 45 19 32 71 14 2 54 5 82 27 97 54 90 90 93 50 94 3 99 1 24 16 85 65 68 27 4 26 13 28 11 85 65 63 49 22 34 42 77 10 82 66 60 73 92 35 81 17 9 83 65 28 72 75 97 11 98 22 28 43 29 69 78 82 68 81 87 84 11
100 55 47 65 64 95 47 22 70 50 39 58 93 100 48 22 56 54 35 29 66 85 36 47 60 24 84 93 55 85 17 31 79 96 70 7 40 71 77 69 1 22 53 40 32 38 44 44 42 32 75 89 64 92 85 78 72 44 70 7 58 95 57 22 83 10 66 9 53 23 67 57 7 49 90 13 73 82 55 71 87 100 34 4 20 53 87 55 24 81 27 0 6 4 42 11 4 97 16 83 9 51 65 88 9 78 13 3 46 76 70 78 89 80 13 6 28 75 47 47 87 17 62 85 100 63 59 25 98 94 74 87 62 42 29 70 18 75 51 44 15 91 55 52 44 78 75 8 40 78 95 15 76 88 97 45 8 75 89 88 76 81 32 18 33 90 62 20 6 79 5 84 4 89 57 57 98 87 99 45 41
58 96 46 3 90 52 2 71 30 98 3 36 55 42 68 84 79 87 16 7 39 51 15 69 58 60 41 91 91 91 55 3 17 34 86 56 16 63 27 43 70 26 5 89 55 8 8 31 24 54 1 91 80 6 25 28 16 93 46 18 6 82 23 63 57 57 24 84 33 92 37 5 6 2 49 63 78 32 87 80 13 73 33 36 5 38 36 49 93 92 62 6 0 10 73 71 44 36 51 28 52 41 87 55 31 21 61 15 90 35 100 28 29 60 88 97 14 31 74 34 97 66 1 64 57 1 67 36 73 20 24 13 5 50 46 66 70 75 38 92 43 55 99 73 58 37 9 68 84 66 40 51 34 94 59 5 24 16 10 9 46 45 72 47 38 36 57 31 87 35 61 74 76 90 78 89 24 88 41 30 24
34 24 56 70 2 73 66 65 92 79 81 37 49 66 82 39 48 24 100 9 53 59 3 36 63 89 59 99 49 90 67 75 31 27 37 9 30 53 77 51 14 12 97 64 54 12 21 89 45 1 83 75 86 58 74 55 36 18 33 54 88 43 29 68 80 9 24 60 69 9 78 94 66 88 99 20 40 50 79 32 63 99 56 36 64 33 48 9 40 82 16 4 10 0 70 17 60 48 64 48 34 57 24 6 82 77 78 28 7 32 30 36 52 71 9 91 99 56 25 43 55 57 57 63 39 89 45 82 48 53 13 91 54 25 77 83 81 100 2 21 21 91 11 25 43 89 29 64 84 59 87 41 74 29 5 15 34 37 20 67 72 32 83 81 99 28 30 53 93 53 21 13 18 49 12 90 15 6 15 94 40
58 48 57 24 9 53 81 54 2 3 25 57 95 64 44 33 78 75 70 64 67 83 26 39 33 57 73 24 61 91 36 19 86 6 36 68 70 83 52 77 61 14 40 65 25 31 66 57 17 93 81 31 25 15 61 37 25 11 48 56 51 0 62 24 100 58 70 13 19 11 25 69 90 77 69 13 99 86 95 94 11 18 1 35 31 23 92 2 3 7 44 42 73 70 0 58 22 98 82 63 43 22 64 100 95 54 80 13 78 85 100 9 32 7 82 70 34 7 76 28 52 63 39 47 73 64 25 5 53 89 61 72 79 57 85 40 98 12 76 49 59 32 28 55 33 53 24 18 77 40 6 32 59 70 36 56 92 95 29 98 42 63 1 42 62 5 42 76 96 84 66 97 19 92 23 58 91 24 30 0 21
24 50 1 50 33 87 27 97 32 63 4 72 62 29 6 34 10 8 39 9 28 6 50 21 77 72 67 23 14 60 70 42 5 64 13 80 23 45 44 21 5 9 1 37 58 71 21 10 5 75 23 67 25 32 83 39 59 55 100 47 62 51 61 21 19 43 75 9 4 62 90 12 49 92 94 1 100 4 77 81 47 16 39 92 32 15 76 78 22 8 45 11 71 17 58 0 68 93 74 26 12 73 100 25 27 7 83 44 6 34 35 97 60 53 17 72 36 18 41 43 25 100 100 3 16 20 56 3 32 60 50 54 34 81 77 13 28 92 77 98 37 92 84 78 30 6 22 30 96 41 22 88 49 78 97 49 30 46 80 55 37 99 100 36 41 16 75 28 53 46 94 43 100 40 50 77 21 100 62 13 50
46 74 2 54 75 13 20 1 52 3 17 92 25 54 89 21 17 54 90 63 8 1 73 4 19 77 54 72 11 17 99 77 72 51 100 1 33 19 6 29 1 64 62 19 99 29 23 88 18 4 94 86 0 9 37 84 82 34 10 37 71 85 32 80 28 39 52 69 61 84 35 10 34 100 56 38 15 72 16 97 46 58 21 27 20 14 11 23 18 46 6 4 44 60 22 68 0 97 36 3 38 14 47 0 8 71 62 7 100 6 84 3 52 23 30 43 95 74 3 84 45 2 36 3 10 65 37 45 55 78 64 21 35 11 86 56 4 6 81 0 26 52 82 60 71 59 11 77 48 64 70 90 10 21 92 10 27 37 53 60 80 0 93 64 85 95 93 28 55 48 49 2 70 86 67 15 3 71 16 27 41
97 3 88 95 35 51 86 41 92 97 82 84 93 85 28 6 49 31 26 67 61 4 89 39 24 24 10 79 45 66 8 52 85 19 69 16 46 7 3 30 89 85 0 93 60 18 96 45 20 54 83 86 86 64 15 49 12 69 85 24 20 4 75 81 35 6 37 11 93 59 97 78 80 36 100 62 61 12 11 87 12 10 28 72 72 95 81 50 51 81 91 97 36 48 98 93 97 0 74 92 10 79 10 64 40 57 13 55 83 25 74 98 30 60 12 7 93 40 91 60 63 38 10 73 69 4 9 94 89 68 95 46 80 72 100 30 84 93 87 66 83 3 47 87 81 12 90 28 78 49 21 40 49 96 27 76 11 97 100 95 81 72 57 4 40 100 95 17 74 5 86 85 85 63 2 31 61 61 62 38 79
30 17 97 35 47 75 56 0 68 46 12 44 43 92 24 36 59 71 84 16 1 48 69 54 44 6 57 53 91 83 3 95 25 38 60 95 45 27 87 80 91 80 55 40 93 58 58 54 48 23 79 96 37 51 1 100 38 90 10 53 4 64 2 75 61 37 74 57 39 70 14 63 58 14 60 97 31 65 34 96 48 56 62 40 96 93 68 24 89 95 70 16 51 64 82 74 36 74 0 51 56 74 24 68 29 43 49 1 23 19 78 43 62 38 81 61 39 3 78 30 37 65 22 52 3 86 89 5 77 64 85 6 72 79 59 75 90 32 65 12 73 97 36 42 92 25 26 17 83 72 72 77 84 70 24 71 55 99 64 26 65 53 7 50 82 25 86 90 26 77 50 78 10 27 65 72 61 55 40 97 59
28 5 5 18 0 51 61 23 35 86 23 97 5 95 15 82 13 0 34 70 74 58 57 38 61 12 3 94 87 98 51 90 63 95 86 20 56 92 68 28 0 72 4 83 91 31 15 55 91 39 92 58 3 20 50 0 90 96 89 33 10 71 32 85 72 76 77 45 82 23 27 50 52 20 41 5 21 91 27 57 52 54 68 31 85 41 59 27 33 11 38 83 28 48 63 26 3 92 51 0 24 3 15 34 29 11 62 32 76 68 80 92 61 99 4 5 52 78 88 77 59 27 30 83 8 4 85 51 28 41 28 74 4 19 60 56 92 97 99 65 5 62 30 18 58 5 31 58 91 43 57 62 71 90 94 14 48 32 83 49 71 79 1 100 60 20 84 97 74 17 76 66 51 67 46 20 35 48 16 12 66
16 9 6 97 64 28 44 23 74 96 51 57 71 82 70 7 85 100 49 41 63 0 18 16 75 81 80 53 13 5 35 87 96 29 72 46 56 56 27 51 39 36 29 46 42 13 49 60 77 80 31 12 30 81 1 69 46 89 43 40 17 67 9 6 95 19 55 49 50 0 74 3 32 11 100 39 86 98 78 97 77 37 48 28 32 48 76 8 100 68 59 9 52 34 43 12 38 10 56 24 0 93 50 39 59 63 33 42 79 17 86 11 21 92 72 3 86 37 71 9 5 18 41 79 93 94 59 75 58 27 12 70 86 56 10 81 41 71 100 42 67 22 4 10 56 33 100 5 70 58 5 59 84 38 75 67 34 94 64 45 58 57 55 50 5 16 51 4 38 5 49 46 53 49 37 41 7 58 89 43 90
12 11 27 86 30 28 97 19 78 90 9 61 32 87 52 84 59 10 72 85 24 26 46 9 5 30 30 95 90 56 25 44 75 79 29 73 79 13 70 62 90 76 89 66 16 11 100 31 54 34 63 79 30 41 98 15 8 44 60 11 32 27 62 85 13 1 16 59 48 51 60 41 53 72 93 96 51 13 85 40 50 53 29 73 28 4 53 4 21 2 26 51 41 57 22 73 14 79 74 3 93 0 47 72 22 51 69 78 29 37 100 79 79 90 14 76 24 10 48 27 84 62 97 23 77 80 59 11 5 59 0 85 52 48 2 73 12 91 99 42 50 100 31 69 92 22 12 61 61 64 17 78 33 22 88 29 42 0 39 50 89 7 83 58 72 45 100 47 56 82 77 87 92 41 28 21 62 76 77 33 36
13 91 98 92 68 98 20 51 0 24 16 1 68 7 68 3 5 1 36 52 28 57 37 72 41 57 33 83 0 15 16 65 74 43 66 62 89 18 10 77 26 42 94 59 0 95 4 38 96 83 52 80 58 82 62 71 41 79 74 57 6 62 77 51 47 43 60 100 50 2 2 90 14 94 89 4 99 38 32 66 71 24 4 30 84 77 48 95 26 70 61 65 87 24 64 100 47 10 24 15 50 47 0 20 16 79 0 4 89 80 2 37 10 67 6 59 85 83 5 68 56 75 40 97 36 55 19 44 55 6 76 67 32 77 5 99 52 31 75 19 41 57 16 19 33 22 58 42 30 89 13 5 74 40 24 7 82 11 8 24 28 8 19 78 29 79 15 2 88 57 57 93 66 68 42 65 71 98 49 15 97
47 72 73 81 91 73 50 60 37 86 1 89 53 47 60 52 62 41 11 54 86 33 93 61 68 89 32 45 48 67 56 86 15 88 67 97 79 36 100 84 96 9 22 49 3 60 8 66 55 13 85 65 41 49 73 79 63 35 2 43 8 72 14 31 11 16 92 85 37 88 89 83 87 38 29 95 81 89 90 77 45 12 36 32 70 30 18 66 52 98 78 88 55 6 100 25 0 64 68 34 39 72 20 0 24 6 0 98 96 25 87 63 24 56 100 35 66 28 64 71 9 81 91 18 42 45 2 80 70 4 72 45 100 97 52 4 92 5 15 82 34 38 68 11 58 98 33 94 45 75 95 91 65 36 38 77 36 99 63 85 70 42 77 21 81 73 86 91 89 59 58 44 3 97 84 64 6 91 34 53 72
3 41 9 5 39 80 6 45 47 4 38 93 37 12 95 39 32 59 70 58 0 87 44 58 40 97 44 78 29 34 3 13 18 43 49 4 14 12 87 93 88 40 48 47 77 91 81 82 12 5 19 22 38 70 62 34 47 73 66 14 71 7 29 90 68 39 100 0 85 70 43 38 23 57 67 89 63 24 89 19 94 79 77 97 19 75 93 35 68 37 79 9 31 82 95 27 8 40 29 29 59 22 16 24 0 28 81 21 81 88 89 53 82 74 24 8 62 24 76 62 5 74 66 2 41 50 100 97 10 18 4 90 73 20 11 85 8 9 75 54 26 44 85 62 51 50 28 79 2 71 33 85 30 17 21 85 20 44 38 5 90 10 67 74 100 82 92 49 17 21 80 24 11 7 72 79 80 25 97 84 46
30 90 55 54 77 45 8 32 20 14 79 32 10 42 56 26 80 66 65 56 33 67 85 48 83 41 28 67 59 31 39 2 58 51 41 9 49 86 0 32 59 52 15 71 54 79 16 37 75 9 68 81 80 8 74 4 38 44 41 19 12 59 99 59 85 90 66 24 94 47 100 46 36 14 29 7 54 2 83 98 20 60 62 98 40 99 53 79 40 96 8 78 21 77 54 7 71 57 43 11 63 51 79 6 28 0 69 56 97 82 36 79 19 52 83 26 45 0 6 86 47 26 95 40 15 86 5 27 29 12 53 72 86 3 48 90 88 51 81 71 47 89 0 19 63 95 56 58 28 27 5 5 0 12 43 53 4 7 38 10 34 66 96 71 99 8 69 92 9 84 71 43 66 84 76 35 74 98 100 60 43
1 100 63 31 87 72 41 67 31 74 31 30 98 90 43 74 11 37 0 46 15 67 32 35 96 95 18 28 88 75 9 17 64 86 29 77 79 68 24 32 93 75 35 28 53 26 26 35 52 77 26 36 46 84 73 65 97 2 83 83 18 25 78 40 54 0 0 77 13 93 45 89 67 45 61 70 12 63 50 23 23 72 97 99 79 93 80 79 65 23 56 13 61 78 80 83 62 13 49 62 33 69 0 0 81 69 0 81 77 61 10 86 74 34 12 8 11 7 25 83 49 45 36 20 72 39 30 13 42 100 67 83 40 58 69 97 53 52 96 9 34 89 53 45 97 1 84 23 76 7 100 94 65 38 49 82 17 90 53 29 77 64 31 50 91 25 8 63 23 10 59 64 78 5 92 20 60 23 24 57 45
84 50 63 26 47 60 16 15 13 56 64 76 18 76 59 35 90 10 87 93 83 80 13 31 6 70 12 100 79 36 3 7 41 43 75 50 76 89 80 1 64 81 91 77 22 86 64 69 90 17 59 82 8 84 63 37 27 0 1 21 22 2 10 17 68 71 24 42 41 99 83 11 78 91 46 9 20 13 10 96 93 47 95 90 84 1 83 100 13 27 32 3 15 28 13 44 7 55 1 32 42 78 4 98 21 56 81 0 78 58 99 96 52 80 54 35 54 4 14 29 95 81 100 23 55 98 13 66 18 19 55 74 28 2 20 92 95 29 49 77 58 66 73 33 63 43 6 29 36 33 65 100 65 85 6 99 71 79 7 48 10 46 66 79 38 33 28 82 0 12 8 54 11 67 54 12 24 26 62 86 94
10 28 89 80 43 91 81 79 52 99 23 32 0 16 7 36 56 4 77 51 59 12 27 2 68 44 26 20 97 59 26 89 35 73 31 45 63 39 52 75 34 92 4 90 3 5 65 66 90 14 63 21 96 32 2 18 99 79 1 22 88 7 72 48 93 20 4 18 71 30 62 26 26 5 48 36 18 29 44 61 53 74 36 10 96 51 28 1 92 39 34 46 90 7 78 6 100 83 23 76 79 29 89 96 81 97 77 78 0 26 95 59 37 61 79 21 70 52 33 79 67 36 91 15 4 59 12 34 69 28 2 11 83 98 50 45 83 64 33 1 30 98 42 71 53 18 8 25 8 100 37 90 86 18 44 3 36 2 91 8 45 84 59 29 69 21 62 9 88 23 45 98 56 24 10 59 13 14 0 6 11
82 86 27 50 95 73 18 6 68 21 79 76 9 89 98 32 11 59 25 22 24 57 92 68 1 20 11 3 61 36 96 34 91 63 8 6 53 47 10 99 90 36 50 33 79 30 28 100 76 15 98 73 42 29 57 65 4 6 35 28 5 88 16 51 61 90 82 58 11 65 0 65 38 61 22 44 18 99 76 22 87 86 81 3 77 37 100 36 51 90 27 76 35 32 85 34 6 25 19 68 17 37 80 25 88 82 61 58 26 0 99 47 49 31 79 72 29 87 7 3 17 13 95 57 79 45 20 0 70 86 83 73 28 2 33 43 68 55 61 100 50 31 77 39 79 100 79 48 17 3 26 90 65 21 29 51 43 7 100 60 4 79 73 25 41 80 79 86 82 24 85 92 81 93 54 87 14 15 97 18 8
57 83 97 64 35 80 47 72 20 19 19 72 97 55 49 22 45 61 66 38 34 10 76 46 11 62 44 98 9 79 52 56 78 97 72 68 67 80 76 15 1 56 60 87 89 14 61 76 88 16 90 62 61 51 10 26 4 8 31 100 0 78 49 98 73 96 95 99 19 24 93 59 54 42 81 93 65 1 40 96 14 37 21 27 46 22 51 95 76 43 63 70 100 30 100 35 84 74 78 80 86 100 2 87 89 36 10 99 95 99 0 13 43 65 83 10 7 86 74 3 99 24 20 90 84 36 28 85 1 81 62 87 33 69 41 60 69 43 81 99 96 6 54 33 8 1 38 35 3 3 47 3 2 36 99 22 61 17 7 62 67 39 17 65 22 21 34 80 1 23 17 33 10 80 2 80 10 98 11 70 30
85 100 31 9 28 63 58 10 97 61 66 31 22 52 42 72 63 31 80 9 8 40 37 97 49 1 6 25 74 66 10 24 88 81 100 25 98 44 100 49 44 1 94 65 66 55 49 0 13 21 37 88 80 30 100 92 63 51 24 90 73 22 96 86 82 36 3 81 75 32 45 99 40 60 4 54 23 61 18 63 88 100 24 79 9 95 45 70 94 89 82 78 28 36 9 97 3 98 43 92 11 79 37 63 53 79 86 96 59 47 13 0 77 6 27 57 64 47 10 25 68 81 47 97 71 66 87 50 78 35 29 54 66 39 5 59 96 33 14 31 73 52 23 1 50 46 62 21 41 98 74 12 22 32 70 64 18 32 35 40 4 20 38 35 12 54 67 52 21 56 95 71 41 23 47 99 47 62 78 36 5
25 81 65 44 14 100 64 13 12 30 10 20 54 91 74 18 99 67 64 75 53 99 95 18 68 93 5 35 53 26 56 70 17 46 36 96 93 95 42 5 44 18 41 63 45 33 75 25 0 50 62 7 62 36 85 7 90 4 86 61 84 4 31 91 60 13 16 13 91 96 13 72 46 52 32 18 11 50 37 15 64 85 56 74 7 49 59 41 98 17 45 89 29 52 32 60 52 30 62 61 21 79 10 24 82 19 74 52 37 49 43 77 0 0 56 3 15 52 71 50 52 78 56 13 47 77 53 65 23 80 71 3 49 49 70 77 36 75 49 9 24 55 56 48 78 47 34 29 64 44 91 4 47 7 21 24 63 23 55 50 40 39 50 80 63 46 34 9 15 40 66 32 19 79 8 84 35 48 17 15 99
5 23 98 34 67 25 82 12 26 80 99 20 24 55 29 96 35 48 35 100 88 93 41 78 62 0 30 33 81 25 65 31 29 4 92 75 57 100 33 78 68 34 0 77 29 16 36 20 77 47 82 81 70 35 58 12 99 43 55 25 79 57 6 12 15 6 10 29 1 21 0 46 68 71 43 8 36 77 39 29 66 88 8 10 52 7 19 38 81 69 19 80 60 71 7 53 23 60 38 99 92 90 67 56 74 52 34 80 61 31 65 6 0 0 26 65 35 0 62 98 77 26 16 41 95 7 19 72 47 24 85 11 19 84 34 12 44 30 15 20 22 43 6 4 58 89 70 13 86 21 59 98 61 22 14 47 27 67 48 39 86 96 86 23 7 60 62 100 15 26 71 53 97 61 98 86 22 18 53 51 30
49 36 10 10 75 38 90 38 28 26 51 55 92 91 88 78 92 44 44 53 67 84 58 83 27 37 51 18 32 42 47 24 14 97 4 50 74 69 91 82 33 24 7 61 37 77 21 52 27 75 0 24 33 43 5 12 15 41 26 57 79 7 49 20 100 94 35 25 3 6 78 40 72 19 41 28 99 9 39 90 13 8 58 90 82 56 70 70 83 61 32 13 88 9 82 17 30 12 81 4 72 14 6 100 24 83 12 54 79 79 83 27 56 26 0 52 21 84 3 90 74 100 35 45 75 40 77 92 4 5 13 36 44 15 13 66 42 85 15 11 93 20 72 53 40 40 26 16 41 88 61 2 19 71 23 38 23 65 78 61 25 22 49 34 94 41 50 37 30 82 33 40 67 56 78 9 3 0 22 28 74
74 95 77 90 83 79 44 1 45 88 83 98 74 73 9 70 16 59 33 7 15 34 35 43 64 10 73 10 73 11 67 92 48 77 70 91 5 11 95 31 85 30 53 39 11 48 34 71 48 67 3 94 2 82 80 46 98 15 90 45 25 99 93 95 61 61 50 86 51 4 1 59 68 40 95 74 83 41 22 63 13 58 14 43 20 81 24 66 51 6 71 6 97 91 70 72 43 7 61 5 3 76 59 35 8 26 8 35 21 72 10 57 3 65 52 0 88 12 23 67 71 58 66 40 26 24 94 98 71 28 47 84 54 2 49 48 98 29 10 9 82 45 77 5 94 49 53 37 20 57 56 41 75 5 5 66 86 32 84 49 25 29 6 24 61 91 22 8 82 65 0 62 52 75 60 43 95 84 34 68 9
46 4 93 49 48 13 81 49 91 54 55 96 5 38 86 93 21 87 19 6 48 18 67 38 31 87 19 11 84 96 89 7 33 73 27 72 19 54 14 13 95 79 75 26 19 83 98 86 49 56 73 76 51 74 66 60 3 23 90 90 43 2 41 77 16 39 54 44 47 19 56 77 41 13 37 37 15 56 23 13 97 24 13 87 64 19 70 33 17 72 14 28 14 99 34 36 95 93 39 52 86 24 85 66 62 45 11 54 70 29 7 64 15 35 21 88 0 29 24 82 100 82 23 33 36 22 12 38 17 82 20 24 58 15 93 56 16 20 48 95 59 81 50 7 36 90 66 97 53 89 28 23 21 11 81 66 71 13 0 44 100 10 44 66 58 64 43 65 65 78 6 33 42 64 31 85 11 5 46 28 2
53 15 68 36 87 75 80 9 78 93 36 10 52 78 90 59 68 44 21 56 37 39 38 10 35 40 81 70 95 3 74 85 91 24 74 68 79 73 19 65 50 64 14 37 72 6 74 95 29 40 50 59 97 50 75 48 64 9 66 68 49 96 67 95 95 62 90 42 98 78 1 2 82 37 31 10 69 85 77 20 17 68 87 35 81 21 54 91 67 6 2 75 31 56 7 18 74 40 3 78 37 10 83 28 24 0 7 4 52 87 86 47 52 0 84 12 29 0 55 14 40 65 13 75 97 59 44 87 36 59 26 9 29 40 13 63 97 47 16 66 31 95 66 74 44 77 28 88 70 18 46 91 50 16 32 81 32 26 75 33 20 41 10 39 97 97 34 40 5 50 3 93 32 27 95 33 4 78 28 33 70
42 28 86 65 73 10 76 61 50 83 15 61 85 12 56 42 78 78 50 21 24 75 3 17 40 38 50 71 69 98 83 29 59 0 29 9 24 92 93 72 64 11 23 85 60 59 53 12 8 63 91 35 15 20 15 21 84 2 10 56 78 59 73 55 50 100 74 8 4 18 18 36 31 44 51 3 81 90 39 11 68 8 46 80 87 42 81 60 19 80 54 47 74 25 76 41 3 91 78 88 71 48 5 64 76 6 25 14 33 7 74 10 71 62 3 23 24 55 0 33 48 35 15 67 24 45 3 79 70 25 57 8 60 94 33 100 61 53 99 94 45 100 6 52 8 61 23 94 31 1 72 89 86 31 55 12 82 22 73 19 73 45 5 44 33 46 17 89 34 40 8 37 86 29 59 70 84 73 35 93 58
48 63 22 17 22 99 51 29 3 42 91 49 88 87 92 89 100 11 38 22 56 64 32 27 23 48 95 53 28 35 88 28 81 54 18 50 76 26 83 17 49 98 57 46 42 14 9 40 94 71 73 90 14 60 1 41 18 60 85 65 2 27 4 100 20 45 74 71 96 41 48 0 73 26 36 22 69 81 76 50 18 30 41 45 96 41 27 50 39 32 5 47 34 43 28 43 84 60 30 77 9 27 68 71 62 86 83 29 79 3 3 25 50 98 90 67 82 14 33 0 17 42 74 61 31 52 76 1 96 8 92 61 64 58 64 49 74 15 10 31 5 69 50 60 3 68 96 33 20 77 18 4 1 63 87 53 45 27 93 38 11 12 57 52 27 3 11 21 3 100 58 51 23 39 61 97 36 30 96 20 17
7 63 39 53 93 57 69 77 59 53 33 26 4 74 78 53 28 87 10 1 81 23 73 25 39 12 56 20 24 37 24 80 71 91 14 5 91 46 14 0 92 35 88 0 0 8 67 9 2 4 48 45 27 67 72 29 64 52 7 45 0 62 7 33 22 33 30 64 42 16 79 55 35 62 56 96 72 4 35 88 83 23 63 45 5 2 74 17 12 21 82 87 97 55 52 25 45 63 37 59 5 84 56 9 5 47 49 95 67 17 99 68 52 77 74 71 100 40 48 17 0 64 39 61 35 27 60 46 31 98 15 40 70 3 14 74 64 5 16 2 14 81 97 97 17 58 67 75 62 99 100 11 23 32 80 95 74 49 67 28 40 76 19 32 58 65 58 47 1 25 41 88 39 23 82 73 44 90 78 49 28
77 44 85 96 89 60 61 99 45 17 21 36 28 95 18 99 53 1 1 78 27 64 51 62 38 87 87 23 0 99 37 39 4 75 82 76 3 50 70 14 59 97 2 68 72 1 67 38 75 76 34 43 17 41 69 22 21 33 30 70 94 7 22 86 38 47 18 35 65 6 9 85 3 55 52 60 99 8 84 31 89 48 53 9 69 60 57 84 32 75 27 17 66 57 63 100 2 38 65 27 18 62 75 81 74 26 45 81 36 13 24 81 78 26 100 58 82 65 35 42 64 0 82 96 40 56 37 56 54 32 65 89 98 75 39 2 1 54 76 18 14 92 34 86 44 78 5 13 31 16 53 55 49 54 84 56 27 91 6 64 24 8 36 58 89 84 43 5 0 32 80 4 14 75 97 51 70 30 68 55 14
80 1 83 30 89 55 67 91 97 74 58 79 52 98 73 50 38 75 13 5 14 97 14 99 61 94 15 25 73 99 56 56 93 98 71 100 1 68 36 25 12 13 20 1 36 60 4 66 25 46 39 60 29 56 90 51 53 53 11 85 22 87 0 67 1 34 55 30 59 82 31 65 80 73 14 43 88 56 78 52 63 42 22 46 70 77 13 28 59 40 97 62 1 57 39 100 36 10 22 30 41 97 40 91 66 95 36 100 91 95 20 47 56 16 35 66 23 13 15 74 39 82 0 57 96 59 65 5 21 42 84 53 33 89 21 3 61 98 51 83 3 35 61 78 49 74 85 17 66 99 72 8 4 80 74 1 45 45 7 73 68 11 56 2 32 52 87 56 58 93 86 4 49 11 65 75 4 40 66 98 57
66 11 8 38 54 54 52 23 0 56 16 58 39 91 11 62 53 67 40 24 23 96 81 60 10 84 47 100 88 99 30 51 81 91 99 76 25 22 74 74 35 71 88 58 98 93 53 16 67 71 65 72 91 69 3 24 46 47 96 82 11 85 82 31 64 73 4 6 46 49 75 10 93 43 74 57 20 77 66 67 58 16 6 86 48 99 11 32 66 39 54 85 64 63 47 3 3 73 52 83 79 23 97 18 2 40 20 23 15 57 90 97 13 41 45 40 33 75 67 61 61 96 57 0 88 3 19 26 12 76 76 49 45 38 74 77 81 4 57 3 64 67 12 15 36 81 22 97 38 31 36 87 21 77 11 58 55 5 92 22 28 73 1 17 38 62 11 52 92 71 39 33 19 94 51 67 32 0 100 39 94
28 38 20 27 85 51 48 38 48 7 38 95 88 53 36 34 81 74 55 96 9 87 21 84 79 29 35 52 71 82 63 31 64 31 56 72 84 30 64 36 25 27 62 21 71 95 32 38 40 17 55 74 18 16 68 60 72 30 15 14 74 36 40 61 88 92 63 54 37 65 94 86 57 10 56 41 11 35 29 82 23 80 41 97 89 83 10 69 12 42 90 100 57 39 73 16 10 69 3 8 93 77 36 42 41 15 72 55 4 79 84 71 47 95 75 26 36 97 24 31 35 40 96 88 0 91 94 42 78 5 15 69 16 45 2 61 72 83 51 27 25 31 88 18 79 29 52 73 36 23 73 77 82 16 61 69 89 79 83 47 69 78 90 88 66 98 38 30 7 16 65 96 10 89 19 58 19 32 94 98 63
85 5 78 18 19 34 46 95 96 51 47 64 90 6 50 61 62 9 19 40 13 100 38 11 12 74 69 97 69 8 10 1 9 74 1 44 8 85 44 38 47 35 62 91 64 96 37 58 61 96 17 25 28 49 12 21 29 92 42 47 47 62 39 13 31 12 33 13 80 80 39 82 44 3 92 64 0 3 38 24 67 98 99 1 92 31 76 97 76 86 90 63 1 89 64 20 65 4 86 4 94 80 55 45 50 86 39 98 59 45 36 66 77 7 40 24 22 59 45 52 27 56 59 3 91 0 48 20 28 69 43 16 66 47 5 18 77 9 59 18 92 13 45 31 87 0 62 91 76 8 83 6 100 12 52 34 80 72 22 34 73 42 33 84 88 67 52 45 72 3 14 44 10 80 64 24 30 56 80 10 5
79 25 10 86 62 49 41 96 19 40 42 89 62 9 35 34 35 6 11 4 86 9 94 53 7 48 57 97 98 62 44 42 85 93 75 35 22 8 27 59 31 67 14 49 65 63 46 28 25 61 70 60 79 52 18 27 89 88 11 12 68 48 61 38 58 40 62 36 49 25 46 7 87 41 43 48 54 78 3 38 78 14 35 50 94 61 44 63 17 66 93 59 67 45 25 56 37 9 89 85 59 59 19 2 100 5 30 13 12 20 28 87 53 19 77 94 12 44 3 76 60 37 65 19 94 48 0 17 67 97 9 0 91 100 77 75 65 21 85 2 83 75 5 88 50 22 41 4 75 89 54 43 93 32 77 82 77 81 67 44 52 43 45 3 74 28 23 66 19 18 96 88 84 8 56 58 59 31 7 85 80
81 92 7 98 97 10 91 41 57 22 100 70 49 15 36 47 63 89 95 88 81 30 81 66 12 38 44 97 14 18 25 42 7 5 65 31 65 47 68 12 36 45 12 46 67 61 13 56 80 34 5 55 53 86 35 28 58 16 24 4 81 13 3 90 19 13 2 75 19 24 10 31 71 93 29 58 51 38 3 13 52 68 10 61 80 80 7 42 19 53 50 25 36 82 5 3 45 94 5 51 75 11 44 80 97 27 13 66 34 0 85 50 65 72 92 98 38 87 79 1 46 56 5 26 42 20 17 0 71 81 1 61 44 7 96 98 42 35 5 23 94 50 99 71 51 28 6 81 4 39 19 29 18 60 33 51 94 34 44 15 12 58 63 69 79 12 17 90 95 36 85 44 73 34 37 95 48 15 77 46 50
49 83 100 38 37 36 1 63 70 89 11 2 98 12 3 83 35 54 90 25 54 91 18 28 54 91 14 73 95 90 68 91 81 30 74 63 1 17 39 80 75 31 3 100 11 30 72 83 6 32 56 25 90 7 7 23 11 56 45 27 86 81 45 22 45 86 30 4 0 41 86 19 20 51 72 86 18 55 81 92 83 50 89 96 91 7 77 25 51 63 94 98 73 48 53 32 55 89 77 28 58 5 55 70 10 29 42 18 69 70 1 78 23 47 4 71 17 36 70 96 31 54 21 12 78 28 67 71 0 60 12 14 33 42 86 54 92 0 25 20 70 57 50 75 96 35 86 65 14 97 92 30 74 19 22 85 19 32 55 74 25 68 32 35 57 80 61 4 83 61 41 30 6 17 38 100 35 49 21 94 78
38 86 1 64 58 94 13 50 34 61 52 50 12 28 39 50 21 11 31 85 24 56 98 79 55 82 92 57 31 90 70 13 76 67 74 16 44 29 43 21 20 60 69 6 81 77 16 72 10 24 99 67 32 31 66 37 34 9 80 11 82 60 73 46 12 81 58 16 62 5 76 44 11 26 2 25 60 51 3 85 17 13 20 6 44 9 42 17 21 73 3 94 20 53 89 60 78 68 64 41 27 59 6 4 18 12 100 19 28 86 81 35 80 24 5 28 82 59 25 8 98 32 42 76 5 69 97 81 60 0 13 76 19 15 88 57 1 51 67 27 94 93 87 50 42 16 32 91 76 58 7 67 66 56 96 82 30 94 22 100 73 46 37 42 46 64 41 76 79 88 37 88 38 17 0 45 29 18 12 78 18
44 10 23 98 0 79 57 42 80 13 5 89 92 96 27 98 92 79 0 6 47 65 81 32 5 26 42 24 6 15 82 92 13 75 78 5 71 23 54 71 78 82 8 39 61 90 10 36 78 69 90 41 2 11 75 6 44 27 20 45 65 80 62 49 46 40 43 71 66 76 94 44 84 97 15 61 80 22 80 98 77 97 44 52 11 23 23 57 86 92 99 74 24 13 61 50 64 95 85 28 12 0 76 72 4 53 67 55 2 83 62 29 71 85 13 47 20 26 57 92 15 65 84 76 15 43 9 1 12 13 0 29 93 46 89 45 53 84 10 47 21 33 16 69 47 52 4 97 71 93 92 3 74 1 38 58 79 37 71 19 81 13 11 37 93 37 6 43 83 17 67 15 76 80 60 53 24 64 85 79 87
0 84 2 94 32 29 8 28 72 62 50 19 98 12 18 53 99 91 68 8 94 76 20 15 63 13 98 55 10 67 100 23 77 94 20 1 80 25 60 15 37 64 91 50 34 43 45 69 38 80 62 58 86 74 77 60 99 84 50 9 58 44 42 84 63 30 88 26 89 63 92 90 73 24 27 8 87 8 43 0 43 27 80 75 30 8 66 87 90 81 1 87 13 91 72 54 21 46 6 74 70 85 67 45 90 72 83 74 11 73 87 54 3 11 36 84 24 9 8 61 40 89 53 49 69 16 0 61 14 76 29 0 6 12 24 19 10 87 87 23 46 95 62 4 37 31 69 48 92 68 2 75 58 50 17 53 25 71 56 69 52 94 30 3 45 32 78 6 48 68 43 50 87 83 5 68 5 22 32 72 44
68 67 1 95 63 5 60 80 54 73 49 81 18 1 84 13 3 87 36 99 18 20 9 9 38 49 74 98 9 11 25 66 32 99 31 56 81 67 76 27 55 81 69 60 47 25 76 90 27 92 37 29 79 92 4 6 56 82 60 18 19 82 9 17 3 72 92 66 41 24 42 37 5 98 86 45 95 1 48 10 84 71 93 89 78 26 80 82 14 77 24 62 5 54 79 34 35 80 72 4 86 52 32 100 73 86 40 28 83 28 33 66 49 19 44 54 58 29 60 64 70 98 33 45 16 66 91 44 33 19 93 6 0 39 88 0 30 24 50 25 2 98 50 50 82 80 5 29 71 35 63 55 58 99 100 78 92 18 34 15 45 80 38 25 94 40 60 9 93 62 93 65 80 59 23 58 79 51 70 74 96
35 55 0 34 91 55 50 98 50 62 23 36 75 64 43 43 75 10 95 22 20 70 94 91 9 76 12 17 70 44 54 60 69 71 49 92 39 52 20 13 13 28 65 35 99 63 91 44 89 14 31 52 100 87 81 60 47 67 47 18 94 69 4 41 95 90 9 5 11 100 94 90 31 0 30 26 50 2 83 91 76 27 69 3 45 71 27 70 0 18 16 42 50 25 57 81 11 72 79 19 56 48 77 97 20 3 58 2 98 2 69 39 49 84 15 2 15 40 94 58 3 75 89 38 45 47 100 7 42 15 46 12 39 0 2 68 28 65 9 95 75 98 27 51 32 3 0 68 34 40 19 46 95 67 97 12 51 69 70 3 28 88 25 9 92 12 22 32 77 15 0 19 31 24 41 32 90 17 92 14 71
99 85 74 75 96 7 16 71 96 63 50 20 31 99 74 63 3 90 45 100 77 66 94 33 85 78 72 33 58 52 0 96 87 75 28 72 55 80 9 68 22 43 99 14 32 53 83 62 13 78 50 3 81 95 63 3 35 65 35 32 95 6 71 64 28 59 22 53 10 24 19 89 33 76 23 57 55 38 25 28 50 95 88 38 81 58 83 63 95 98 85 29 46 77 85 77 86 100 59 60 10 2 5 52 11 48 69 20 50 33 41 5 70 34 13 49 93 13 33 64 14 39 21 74 2 5 77 96 86 88 89 24 88 2 0 68 63 48 93 41 65 17 42 86 45 87 35 99 91 81 89 12 44 59 5 42 84 77 23 66 19 90 38 81 87 64 81 11 3 85 92 47 57 64 71 27 64 19 50 48 21
9 21 89 19 41 70 11 32 85 51 73 8 7 91 75 43 53 2 17 36 68 76 68 27 42 2 11 23 4 5 71 91 24 68 88 87 8 5 38 68 31 39 24 94 76 12 95 93 52 49 40 32 51 47 43 91 80 45 67 43 12 2 59 48 97 81 78 10 12 31 15 81 81 59 3 56 35 91 11 64 65 56 9 66 68 34 48 64 80 76 65 70 66 83 40 13 56 30 75 56 81 73 99 4 85 90 97 92 45 43 60 59 77 12 66 48 56 63 100 49 74 2 3 77 61 18 75 98 54 57 45 19 0 68 68 0 23 35 74 60 32 38 86 77 91 57 64 24 50 88 89 22 65 56 93 64 59 42 4 31 76 31 19 59 80 9 51 75 61 65 33 3 39 0 11 74 18 85 95 52 55
83 4 65 7 84 10 4 43 5 28 15 77 39 39 29 36 73 100 16 68 85 63 66 98 2 46 48 74 25 90 80 49 13 63 37 62 16 0 37 35 86 86 86 26 31 56 13 67 13 33 38 73 56 100 78 0 92 0 12 82 24 97 60 0 32 1 98 7 30 57 81 27 79 29 67 99 78 28 57 87 10 3 10 57 22 83 22 83 92 71 68 18 70 81 98 28 4 84 90 92 41 12 52 92 8 88 53 95 83 68 69 96 36 44 42 98 16 97 61 74 64 1 61 81 72 77 65 42 92 1 53 10 30 28 63 23 0 13 66 0 38 23 51 86 89 21 18 28 27 75 90 92 16 50 11 37 70 43 48 40 74 68 90 9 20 30 97 33 83 61 8 26 19 51 5 63 66 17 36 86 83
43 75 93 42 75 88 22 27 14 30 96 74 45 35 24 75 33 28 72 30 95 34 94 48 87 25 5 76 75 26 10 4 80 88 37 11 81 11 40 88 45 31 15 65 43 15 61 86 79 90 36 98 9 79 72 28 48 72 36 2 47 43 85 72 33 55 98 35 34 99 9 66 73 21 90 29 39 79 9 100 35 22 35 11 27 1 73 31 36 8 27 75 75 100 12 92 6 93 32 97 71 91 31 5 9 51 52 29 64 55 43 33 75 30 85 29 20 47 53 15 5 54 98 4 83 9 21 35 0 51 84 87 24 65 48 35 13 0 100 38 53 30 28 25 57 11 68 66 59 99 83 47 75 12 66 62 86 67 24 10 0 21 22 74 3 97 29 53 50 94 16 38 80 81 98 60 7 3 8 21 62
22 72 39 50 3 84 19 85 0 59 7 67 43 33 46 69 12 30 44 8 64 68 4 54 65 57 39 58 51 40 7 3 35 16 41 34 24 88 62 66 78 53 61 14 23 58 69 17 74 9 59 3 87 99 52 28 49 9 18 14 94 48 87 36 82 0 10 16 77 51 88 26 69 86 60 72 70 89 74 80 10 69 99 22 99 76 27 26 69 8 4 51 38 2 76 77 81 87 65 99 100 99 75 15 75 81 96 49 33 61 81 14 49 15 15 10 48 16 99 10 16 76 51 57 51 59 85 5 25 67 10 87 50 9 93 74 66 100 0 64 90 68 63 32 58 20 56 61 92 8 12 12 41 2 49 68 41 26 66 9 22 90 47 38 13 84 66 69 90 86 96 30 23 35 83 44 92 71 91 80 94
87 67 33 75 15 10 5 24 35 84 64 60 36 24 75 75 93 58 59 41 0 35 0 65 99 29 18 15 30 4 99 60 64 44 90 30 55 35 51 33 23 28 42 5 84 63 86 13 28 20 22 33 98 38 5 88 74 98 9 99 41 40 24 70 100 2 50 11 45 26 89 71 39 49 71 31 38 61 18 96 44 13 13 18 55 52 83 73 77 22 26 44 92 21 49 98 0 66 12 65 42 42 19 82 54 71 9 77 1 100 99 31 9 20 11 9 95 66 94 31 2 18 83 3 27 18 2 23 20 27 47 23 25 95 41 60 0 38 64 0 92 18 59 5 70 32 14 33 12 77 98 63 40 25 61 82 6 16 44 51 29 51 80 53 52 23 11 6 28 95 30 89 38 57 47 22 80 10 54 91 9
24 64 99 5 95 70 80 81 77 33 43 88 26 15 33 72 22 67 48 91 88 30 80 85 4 61 3 87 82 7 99 83 50 99 94 75 25 71 94 52 49 14 11 67 78 20 59 92 89 73 98 92 51 39 92 52 10 62 43 43 4 35 97 86 38 94 56 56 48 25 5 92 32 76 16 72 38 46 80 68 32 22 5 23 96 73 13 45 65 16 13 15 43 21 59 37 26 83 73 5 67 50 41 34 26 47 34 58 30 50 96 73 24 22 93 82 59 31 45 5 14 14 3 64 25 92 83 94 70 94 21 46 2 75 65 32 38 53 90 92 0 67 21 31 57 48 9 5 39 12 95 48 57 36 5 52 24 89 24 21 47 3 4 66 93 36 21 13 79 5 55 6 64 99 76 14 6 17 77 67 2
70 72 38 64 44 54 74 63 87 9 1 76 96 2 42 11 98 37 77 72 78 8 99 94 49 99 82 58 87 75 9 47 42 15 52 71 80 85 69 35 52 36 36 33 15 32 11 49 90 1 18 10 62 36 69 54 43 45 22 82 11 6 34 88 91 33 20 13 51 70 37 12 69 89 51 45 62 25 31 53 24 75 77 84 66 73 74 38 10 54 28 91 55 91 32 92 52 3 97 62 22 100 57 38 44 89 89 66 98 31 6 52 55 43 20 45 81 95 100 69 81 92 35 67 31 13 75 50 57 93 33 95 98 98 17 38 23 30 68 18 67 0 81 56 10 4 44 27 86 87 79 51 72 31 7 74 10 62 30 18 18 99 24 5 29 67 9 65 69 35 17 1 55 96 85 30 5 33 61 50 72
29 45 75 43 50 59 1 56 1 46 39 78 10 8 41 42 52 27 84 85 24 61 24 99 8 65 48 47 72 73 10 38 63 56 51 79 38 87 22 45 24 32 56 20 16 1 92 85 19 84 72 48 40 70 70 25 28 61 70 62 30 96 40 81 53 19 7 17 39 45 44 2 74 98 62 32 96 57 80 43 27 25 63 82 22 84 58 31 23 0 11 55 99 11 28 84 82 47 36 30 4 31 16 68 85 0 53 73 42 77 54 23 56 6 72 77 50 66 6 50 97 34 61 12 88 45 5 99 50 87 16 62 50 27 42 86 51 28 63 59 21 81 0 98 91 71 94 43 99 96 69 87 57 49 16 95 79 16 7 32 65 91 81 3 11 9 19 43 41 96 4 76 52 40 39 75 95 35 17 99 75
72 45 33 28 12 14 69 97 29 22 79 57 82 66 73 87 59 54 52 62 69 71 1 26 80 69 98 94 10 8 3 18 100 22 5 89 47 83 59 74 54 94 30 51 7 57 18 57 6 91 10 40 65 24 75 40 67 40 97 16 86 47 26 63 75 5 44 18 16 67 13 64 24 34 96 44 37 51 12 35 14 10 59 56 31 16 7 49 4 90 85 52 73 25 55 78 60 87 42 18 10 69 19 11 62 19 45 33 71 39 33 1 48 4 53 5 7 74 52 60 97 86 78 15 18 31 88 71 75 50 69 4 50 51 86 77 86 25 32 5 31 56 98 0 22 22 78 20 62 32 90 88 95 84 77 76 54 54 81 62 90 77 80 19 50 85 28 18 92 97 80 66 66 48 76 78 51 57 34 72 81
19 67 17 87 8 52 3 16 28 23 54 9 88 52 15 96 56 53 27 5 60 53 6 82 27 71 22 14 29 37 4 40 94 11 5 42 23 30 9 18 92 16 8 84 97 78 55 76 64 53 50 55 76 55 42 58 68 24 35 66 64 50 45 27 88 64 29 54 86 78 34 39 49 10 58 52 60 17 98 3 47 40 69 23 52 40 33 14 13 24 65 44 58 43 33 30 71 81 92 58 56 92 33 58 51 63 97 63 53 79 8 50 78 58 40 94 36 44 8 3 17 44 49 36 79 87 50 51 96 42 47 37 82 32 45 91 89 57 58 70 57 10 91 22 0 22 93 57 67 76 30 32 88 29 66 32 23 17 28 92 84 64 72 99 79 33 39 60 40 84 61 96 30 37 47 42 40 3 83 79 55
52 14 60 44 48 16 45 22 2 17 22 100 87 13 49 34 42 83 60 23 37 100 57 4 98 98 99 55 4 62 3 15 37 17 25 85 71 87 57 60 51 95 46 83 11 52 11 47 77 0 67 90 35 29 14 7 1 76 71 82 49 15 43 7 46 26 38 19 94 68 100 61 33 65 37 72 55 87 37 52 1 98 93 51 92 85 43 55 73 21 63 78 37 89 53 6 59 12 25 5 33 22 22 98 50 95 1 43 18 100 1 46 47 89 40 49 90 77 61 68 58 78 74 81 29 0 22 28 35 16 52 31 80 3 87 57 21 11 20 32 48 4 71 22 22 0 94 38 86 21 12 8 23 64 87 30 0 10 90 27 64 97 62 89 39 74 47 32 58 18 71 50 76 89 41 50 10 25 18 4 10
27 80 60 79 99 25 28 27 9 23 0 78 1 85 29 56 26 100 81 47 5 93 13 84 52 86 33 89 37 41 88 17 58 15 77 17 77 44 98 59 39 21 36 17 91 29 0 86 46 75 81 21 1 72 24 21 98 87 34 39 7 95 13 64 87 10 64 50 16 63 84 1 9 4 82 62 61 2 58 30 47 88 82 53 55 25 91 86 67 90 49 75 9 29 24 22 11 90 26 31 100 12 58 33 28 56 84 6 8 79 38 62 34 70 26 53 66 28 23 96 67 5 85 22 52 62 41 6 86 32 4 69 5 0 35 64 18 68 56 14 9 44 94 78 93 94 0 80 14 1 68 3 44 94 39 69 1 93 19 60 84 36 2 9 89 56 24 13 26 54 33 20 26 75 66 17 85 69 34 91 85
21 1 67 69 53 49 83 43 95 16 64 97 37 12 50 22 0 21 45 79 79 19 28 54 92 17 71 88 66 47 76 91 88 56 89 86 77 61 43 78 47 24 60 12 56 80 76 64 37 14 98 88 76 25 23 66 31 84 64 91 36 29 6 19 83 52 8 55 54 18 91 73 33 55 60 98 85 82 48 48 32 47 6 39 14 91 44 0 57 64 22 8 68 64 18 30 77 28 17 58 5 61 42 94 79 58 23 29 25 48 35 21 29 13 16 37 97 88 94 33 75 13 17 97 73 91 4 81 65 91 97 48 29 68 99 24 28 66 61 33 5 27 43 20 57 38 80 0 37 74 6 14 36 78 26 39 69 95 13 39 64 54 60 44 74 1 91 12 55 47 96 16 9 72 40 77 51 51 23 92 24
28 81 28 78 62 15 18 9 18 80 72 24 32 19 83 49 83 60 1 13 5 87 42 29 4 15 6 62 46 7 60 50 63 57 15 19 33 1 74 83 32 39 1 34 57 61 53 55 69 95 1 47 64 79 90 4 13 30 52 9 34 47 43 52 35 41 78 54 59 82 5 42 87 15 76 35 79 81 14 39 15 66 89 55 8 75 54 84 45 28 34 40 84 84 77 96 48 78 83 91 70 61 30 45 2 28 76 36 8 17 3 41 64 86 41 20 53 70 31 20 62 31 66 38 36 76 75 4 14 76 71 92 71 34 91 50 27 59 92 12 39 86 99 62 67 86 14 37 0 0 87 73 82 62 81 49 38 99 2 60 30 48 27 19 46 3 69 27 80 31 1 59 8 98 67 61 98 26 4 43 24
83 86 19 33 22 89 15 95 78 22 20 66 52 20 36 68 19 42 77 78 89 55 49 1 25 17 57 48 100 94 59 45 34 90 57 28 17 53 60 61 66 85 51 95 0 37 88 59 35 71 15 7 8 3 37 79 79 1 56 2 36 2 29 11 16 25 95 36 93 66 25 95 56 97 9 12 57 6 97 4 24 86 44 93 14 41 6 82 85 50 42 78 66 59 40 41 64 49 72 43 58 64 89 75 71 27 7 33 100 3 3 98 44 21 88 57 89 18 1 77 99 16 99 31 23 8 89 39 97 58 93 68 35 40 81 88 75 99 8 77 12 87 96 32 76 21 1 74 0 0 54 27 52 59 87 31 75 96 19 25 32 33 54 25 5 73 90 31 18 100 50 27 81 0 66 50 20 81 75 67 40
60 98 49 78 55 34 31 9 77 17 4 85 5 91 97 35 67 19 47 57 76 2 14 72 67 26 68 13 29 34 22 26 96 56 92 44 10 34 9 74 61 87 67 0 75 2 4 47 48 90 73 48 95 97 40 34 16 85 16 99 66 65 0 4 28 94 40 3 63 49 78 71 27 77 3 52 11 96 55 17 44 97 17 84 57 60 29 16 13 60 77 95 40 87 6 22 70 21 72 57 5 17 13 95 33 5 100 65 37 26 47 74 91 59 61 56 28 46 72 18 100 53 72 36 73 83 54 19 92 7 92 2 63 19 89 89 90 83 12 98 95 79 69 90 30 12 68 6 87 54 0 25 19 32 57 54 32 29 29 100 27 52 66 1 83 42 15 79 2 79 49 44 53 22 54 8 7 2 61 51 22
13 94 76 80 1 52 16 43 33 97 67 53 6 96 67 80 49 73 99 39 65 86 35 98 3 24 68 25 57 2 80 0 0 35 4 96 89 95 73 4 9 92 43 12 25 71 31 22 51 18 36 42 59 71 37 98 36 78 31 90 31 62 41 70 47 54 25 88 16 23 46 18 94 80 46 74 94 19 60 94 18 100 21 74 43 34 4 56 75 34 10 15 51 41 32 88 90 40 77 62 59 78 5 91 85 5 94 100 90 90 3 12 4 98 2 41 23 91 89 4 11 55 8 87 77 6 43 29 30 67 3 75 55 46 12 22 92 47 12 63 48 51 87 88 32 8 3 14 73 27 25 0 28 97 12 66 13 43 40 30 52 98 48 83 19 1 24 4 40 11 69 17 39 69 94 1 1 28 22 62 90
59 83 74 59 38 21 57 32 55 100 38 22 94 29 30 49 55 77 25 54 90 16 87 9 76 45 26 78 31 89 64 12 94 53 0 60 72 92 41 57 29 41 49 4 96 12 96 58 95 76 69 1 67 21 4 91 30 11 53 6 15 92 7 28 11 10 1 19 87 83 93 67 15 59 89 12 0 11 76 29 72 83 0 63 24 59 12 49 2 85 82 76 34 74 59 49 10 49 84 71 84 33 74 65 30 0 65 65 86 65 2 22 47 61 19 75 21 50 86 1 23 49 4 21 82 100 93 18 74 66 74 58 58 95 44 65 16 75 41 40 57 72 57 95 88 23 44 36 82 52 19 28 0 27 94 31 55 63 27 94 55 96 27 57 92 8 54 18 20 15 56 33 34 46 17 55 45 25 45 71 24
11 74 78 67 99 82 51 23 68 73 33 36 26 48 98 21 54 14 98 24 17 94 59 80 94 4 97 45 90 84 25 25 88 6 69 85 5 67 99 60 35 60 35 71 82 1 82 24 97 35 15 28 67 82 68 93 91 77 3 68 45 59 0 25 98 4 86 77 9 90 68 38 82 87 51 56 20 2 65 32 6 37 52 8 89 57 60 38 60 79 66 88 94 29 70 78 21 96 70 90 38 22 40 36 17 12 38 85 18 21 36 32 7 22 71 5 11 16 31 63 32 54 80 77 16 12 32 60 19 56 1 50 99 67 59 56 50 12 2 25 36 31 49 84 29 64 94 78 62 59 32 97 27 0 45 67 40 45 41 15 31 91 73 52 47 0 35 34 20 95 93 40 85 46 75 99 26 81 28 41 74
59 31 44 66 17 42 72 81 68 77 12 40 73 56 62 56 37 35 90 29 94 88 93 28 67 52 7 18 23 36 80 89 11 15 60 83 1 5 50 85 2 64 19 89 42 98 77 48 55 70 21 92 24 44 8 54 91 81 87 72 14 83 77 95 58 32 16 50 68 44 31 40 27 87 29 76 45 58 82 32 99 46 96 71 0 55 100 26 5 85 60 97 59 5 36 97 92 27 24 94 75 88 24 38 21 43 49 6 44 29 99 70 21 14 23 5 81 32 55 87 80 84 74 11 61 52 77 33 22 96 38 17 100 97 5 93 11 66 49 61 5 7 16 77 66 87 39 26 81 87 57 12 94 45 0 81 40 49 74 69 54 44 56 97 41 99 17 69 43 2 10 62 18 68 94 36 72 86 95 45 62
55 40 65 15 42 23 73 44 76 51 1 3 84 86 76 20 27 75 75 95 16 91 18 4 15 54 94 85 82 9 27 1 72 19 56 91 27 74 96 40 93 61 94 92 50 32 9 75 98 96 9 3 60 96 54 44 100 74 84 55 16 15 64 70 97 29 86 56 10 30 61 74 23 56 36 85 33 91 63 63 63 97 3 41 24 41 84 55 61 61 73 45 5 15 56 49 10 76 71 14 67 29 7 77 85 53 82 99 3 51 22 64 24 47 38 66 66 81 12 53 95 56 1 58 69 34 82 51 85 82 58 53 78 12 42 64 37 62 68 82 52 74 95 76 32 30 69 39 49 31 54 66 31 67 81 0 68 67 31 29 97 19 58 35 52 81 34 38 1 7 51 76 73 95 65 97 64 80 63 7 25
4 97 41 85 96 96 21 99 21 45 44 54 33 80 63 98 41 83 22 46 32 5 65 1 38 28 16 48 45 45 81 96 12 4 11 37 27 14 25 23 61 83 56 5 29 33 58 17 61 71 4 58 0 6 44 18 67 13 40 1 5 72 40 97 62 35 76 64 48 79 7 13 32 82 16 5 69 39 80 23 42 60 15 51 35 85 31 29 45 53 92 8 24 34 92 30 27 11 55 48 34 42 82 36 20 4 17 71 36 43 61 18 63 27 23 86 71 32 82 45 74 27 45 55 89 80 77 94 19 30 79 25 92 51 84 59 70 86 41 6 24 10 79 54 23 0 1 69 38 75 32 13 55 40 40 68 0 36 92 59 10 33 70 85 71 16 38 72 81 16 89 21 14 10 94 99 46 35 84 28 92
87 56 41 73 24 45 15 18 72 18 61 88 66 68 21 75 5 97 31 5 43 79 40 82 53 48 60 76 86 95 97 74 35 63 51 0 89 7 52 47 50 33 90 61 57 26 89 17 72 42 26 89 26 71 53 9 2 28 72 54 1 54 13 28 2 77 14 31 67 45 31 44 36 78 77 47 84 87 4 22 5 65 56 39 3 18 29 12 42 2 35 75 16 37 95 46 37 97 99 32 94 0 11 99 44 7 90 79 2 7 17 32 23 67 65 32 13 26 22 27 49 91 45 5 79 72 81 34 32 94 37 71 18 69 77 42 43 67 26 16 89 62 16 54 17 10 93 95 99 96 29 43 63 45 49 67 36 0 9 31 45 36 56 78 44 90 11 13 94 47 82 43 44 91 79 60 24 53 56 78 69
40 49 84 82 72 87 92 17 31 100 51 35 43 11 16 60 93 62 11 48 13 81 28 98 86 15 68 82 46 14 40 87 34 21 70 65 55 94 13 40 50 85 31 100 28 48 71 92 72 68 46 87 2 47 20 12 38 78 34 60 42 9 66 33 72 43 89 97 17 38 86 98 58 60 31 29 29 87 55 12 43 3 21 85 99 51 61 2 92 95 81 89 10 20 29 80 53 100 64 83 64 39 8 63 38 38 53 7 91 100 7 35 55 48 78 84 0 75 73 93 67 6 7 92 83 22 67 44 55 22 71 56 34 70 23 4 48 24 66 44 24 30 7 81 28 90 19 13 2 19 29 40 27 41 74 31 92 9 0 71 46 57 44 93 50 93 53 83 88 34 73 93 63 28 47 99 70 39 63 44 44
21 14 74 45 38 82 80 12 96 38 75 8 31 78 30 73 8 65 58 50 41 73 74 79 90 78 8 90 65 10 52 46 3 26 72 19 28 42 57 65 30 34 80 12 32 90 70 61 66 35 17 31 44 66 64 35 11 43 63 11 71 17 87 72 87 48 88 67 98 74 5 8 65 95 27 57 29 85 23 72 63 84 71 77 23 28 34 54 44 88 17 88 9 67 98 55 60 95 26 49 45 50 24 85 5 10 29 48 8 60 62 40 50 39 61 49 44 33 19 38 28 64 73 22 47 34 44 15 74 100 19 69 15 3 66 31 40 10 9 51 21 18 32 62 92 27 60 39 60 25 100 30 94 15 69 29 59 31 71 0 62 73 80 75 75 75 19 34 96 78 61 69 70 67 13 81 0 30 90 94 44
64 92 62 73 19 64 79 53 74 33 67 36 31 22 94 23 84 0 55 53 11 57 32 52 52 62 9 30 4 76 84 1 21 81 98 10 55 16 77 81 53 16 59 91 75 32 60 23 90 22 11 11 9 19 0 74 18 89 83 55 48 77 95 23 3 22 35 54 53 58 77 89 77 85 87 5 30 66 25 93 16 53 78 74 22 99 88 0 73 89 9 76 46 72 42 37 80 81 65 71 58 89 28 70 90 34 77 10 45 4 67 4 40 86 25 25 100 20 73 11 40 24 68 28 69 73 52 12 25 73 81 52 45 28 19 76 74 0 22 29 47 18 65 90 84 64 84 64 30 32 27 52 55 31 54 97 10 45 46 62 0 26 22 29 88 42 86 86 77 80 93 40 61 9 38 69 67 3 95 40 25
32 54 15 60 27 95 10 15 49 57 28 74 77 72 83 10 47 35 44 71 30 81 94 86 78 15 99 16 74 52 14 71 10 75 3 94 87 91 91 96 60 26 95 49 19 11 61 87 17 38 8 10 45 36 72 23 74 6 61 34 6 33 47 21 41 14 67 54 80 53 91 56 65 60 7 36 99 50 61 23 3 88 100 3 69 19 64 81 56 18 83 81 45 32 63 99 0 72 53 79 57 7 8 42 10 66 64 46 84 79 39 20 39 96 22 29 10 41 45 12 76 8 11 73 78 42 43 58 68 46 13 94 80 88 90 31 68 21 90 51 3 99 91 77 64 97 36 54 48 33 52 98 96 91 44 19 33 36 57 73 26 0 91 70 79 84 58 43 65 76 66 28 93 20 23 0 38 87 41 73 38
47 82 38 84 1 10 87 93 99 63 1 37 71 16 9 14 54 7 39 62 41 72 92 91 63 92 53 25 67 30 30 26 63 94 20 8 66 60 77 75 48 1 55 96 44 67 20 9 0 5 53 10 25 80 77 62 61 61 76 67 92 81 74 55 71 56 7 62 1 5 75 58 65 18 92 53 13 5 83 2 10 26 71 61 37 87 76 49 54 13 65 32 72 83 1 100 93 57 7 1 55 83 19 77 67 96 31 66 59 73 17 38 50 86 49 6 44 10 5 57 19 36 56 1 90 33 45 63 32 37 11 30 38 25 38 19 90 22 47 80 4 24 81 80 72 62 2 60 27 54 66 48 27 73 56 58 70 56 44 80 22 91 0 85 43 80 1 8 42 35 21 22 11 59 41 18 73 60 30 22 68
22 78 99 83 25 34 0 6 23 92 91 17 59 23 70 50 56 47 65 83 78 69 64 97 68 91 35 28 98 54 32 69 33 90 98 36 48 91 75 84 100 46 67 52 39 96 84 24 24 1 3 7 58 95 66 53 12 82 18 50 53 76 10 15 72 38 59 11 46 56 69 84 76 38 19 92 100 65 47 74 47 58 66 67 58 46 57 76 8 72 28 18 47 81 42 36 64 4 50 100 50 58 78 21 74 71 50 79 29 25 65 35 80 23 34 24 66 39 44 52 32 58 2 17 88 84 3 69 35 42 37 3 25 9 81 59 9 74 38 53 66 5 3 19 99 89 9 44 19 25 1 83 57 52 97 35 85 78 93 75 29 70 85 0 69 88 6 91 44 90 37 90 87 68 51 55 78 81 12 66 76
30 77 16 34 78 5 79 2 45 52 40 27 24 36 55 6 3 94 4 63 61 90 0 71 33 95 84 81 60 70 33 14 57 12 54 43 27 56 35 24 21 88 0 32 37 85 86 63 62 28 71 25 1 84 76 28 11 51 30 46 69 50 38 37 32 40 16 43 12 64 65 21 21 99 88 74 59 37 88 76 25 80 19 41 24 43 68 56 90 17 72 33 38 99 62 41 85 40 82 60 5 72 29 81 100 99 91 38 69 41 22 12 63 7 94 61 58 97 33 27 58 89 32 38 66 88 74 79 57 46 93 45 94 92 87 80 20 3 13 52 93 29 11 50 79 39 89 74 46 5 83 19 92 47 41 52 71 44 50 75 88 79 43 69 0 89 0 31 53 67 81 70 40 80 22 96 71 6 9 23 33
56 71 9 83 42 40 11 40 45 65 67 41 90 89 80 84 69 88 3 77 96 96 68 76 41 86 33 40 81 41 50 46 15 9 65 72 23 73 2 40 22 86 74 54 0 76 89 71 55 28 9 13 25 75 4 95 83 83 38 51 73 27 78 79 83 18 61 97 94 56 12 39 55 40 40 93 97 50 17 42 51 47 70 20 17 60 82 98 69 27 75 90 36 28 5 16 95 100 25 20 16 45 79 73 82 8 25 33 21 80 21 54 46 60 41 91 64 97 46 3 65 84 52 62 98 67 28 12 80 64 37 32 40 12 64 9 30 97 84 23 36 67 9 85 33 74 56 1 3 73 42 1 8 0 99 81 16 90 93 75 42 84 80 88 89 0 75 59 83 19 37 44 17 94 67 51 13 33 61 74 60
19 85 50 88 25 91 64 94 40 11 14 75 52 18 90 77 10 2 29 53 59 98 98 85 38 47 49 88 26 54 61 19 11 54 79 59 47 7 95 27 94 10 64 52 98 45 62 32 15 99 68 33 18 34 83 49 88 52 80 55 9 25 89 91 12 55 64 37 80 64 75 20 18 2 41 94 41 64 81 6 8 22 4 81 52 55 67 35 5 14 97 62 57 30 42 75 93 95 86 84 51 100 15 86 92 69 8 28 62 79 34 67 34 62 50 22 43 34 17 11 58 43 87 11 38 52 23 17 61 41 6 78 60 22 81 51 97 29 66 11 21 9 19 28 39 47 24 91 69 90 15 24 54 35 17 34 38 11 53 19 86 58 1 6 0 75 0 100 88 36 66 47 86 32 4 83 7 97 6 78 13
49 46 70 79 31 60 38 55 71 3 59 90 54 61 60 14 82 54 76 69 80 60 30 44 8 7 67 36 56 78 62 90 85 31 6 75 75 31 76 74 38 54 44 1 84 43 47 92 46 88 86 29 45 55 29 69 31 94 1 89 2 26 64 37 93 25 47 50 5 95 86 71 53 52 34 59 65 89 77 45 59 48 52 34 59 19 11 9 81 37 11 20 31 53 76 28 28 17 90 97 4 47 2 91 49 92 63 82 9 86 80 52 9 100 37 8 65 40 89 21 47 5 56 52 30 45 66 90 4 76 43 6 9 32 11 75 33 53 69 6 13 65 43 18 60 32 13 12 27 31 79 4 18 34 69 38 72 13 83 34 86 43 8 91 31 59 100 0 9 51 34 50 24 5 34 10 53 3 42 88 12
29 60 98 17 64 21 31 11 2 95 67 82 90 13 50 100 55 42 68 5 67 15 90 93 29 3 24 98 94 90 72 21 95 15 52 95 69 2 13 52 54 91 87 7 1 19 6 43 64 10 100 86 65 64 14 86 65 26 22 20 17 11 98 99 58 25 62 53 93 40 72 90 56 89 65 75 75 21 84 0 68 88 97 21 28 81 91 37 64 10 98 6 87 93 96 53 55 74 26 74 38 56 88 89 17 9 23 0 88 82 1 21 15 15 30 82 65 5 34 3 1 0 58 92 7 72 19 95 83 79 83 48 93 77 3 61 83 50 90 28 79 69 41 92 40 58 26 55 80 18 2 40 20 20 43 1 81 94 88 96 77 65 42 44 53 83 88 9 0 58 23 65 68 91 39 72 20 32 98 4 35
13 9 4 85 7 83 54 5 11 65 62 93 18 10 91 76 62 46 8 72 68 50 26 6 27 15 75 56 63 56 79 65 13 89 90 84 100 63 87 83 39 24 90 28 73 67 13 56 32 59 16 16 64 11 43 29 41 85 19 39 61 0 81 77 43 58 45 42 80 81 71 85 13 37 100 80 88 55 94 15 78 29 81 73 68 83 5 59 15 22 22 79 35 53 84 46 48 5 77 17 5 82 57 59 21 84 10 12 23 24 23 56 40 26 82 65 78 50 40 100 25 32 93 71 16 3 18 36 61 88 17 68 62 15 85 65 61 94 86 95 5 35 96 97 84 18 54 47 31 100 79 11 15 95 2 7 16 47 34 78 80 76 35 90 67 19 36 51 58 0 28 94 63 76 15 11 69 93 62 97 59
80 87 18 28 97 56 98 69 92 7 74 100 92 89 8 89 49 56 96 20 100 51 35 73 82 71 60 34 9 37 0 26 33 86 15 60 53 85 29 100 94 17 64 55 39 33 70 64 73 36 99 58 95 63 2 1 21 94 34 47 63 98 74 16 88 93 40 24 51 100 19 77 44 34 100 70 7 30 26 98 91 70 39 64 64 22 79 5 82 0 28 5 61 21 66 94 49 86 50 76 49 77 57 58 80 71 59 8 45 85 17 95 66 71 33 0 6 3 8 58 41 80 86 39 65 14 96 85 41 37 67 43 93 0 92 33 8 16 96 30 55 17 4 80 61 71 33 96 1 50 49 69 56 93 10 51 89 82 73 61 93 66 21 37 81 37 66 34 23 28 0 68 56 89 89 42 91 93 48 79 52
9 12 7 89 44 59 81 82 37 93 84 44 16 43 17 51 1 90 65 90 93 24 35 56 69 72 20 44 44 54 5 26 86 70 45 100 44 14 47 12 68 76 50 41 39 45 100 25 55 66 67 88 41 1 82 6 32 49 15 92 88 30 5 4 95 86 81 12 29 53 55 11 29 63 2 66 51 21 44 80 97 83 97 38 19 1 46 9 77 9 43 84 74 13 97 43 2 85 78 66 46 87 93 44 24 43 64 54 98 92 33 71 32 53 40 62 33 93 37 51 88 4 4 33 96 44 88 44 30 88 15 50 65 19 47 3 26 38 30 89 6 1 76 66 96 50 20 16 59 27 44 17 33 40 62 76 21 43 93 69 40 28 22 90 70 44 47 50 65 94 68 0 48 72 35 33 39 81 25 70 73
80 81 0 75 27 9 33 25 92 23 7 25 97 48 34 83 99 87 48 13 99 9 68 8 86 44 70 65 21 32 62 64 27 31 18 28 8 42 62 41 78 82 75 34 67 72 8 13 95 51 21 4 11 86 39 11 41 31 12 30 9 32 40 25 48 68 7 6 35 67 82 36 73 78 10 87 40 50 65 68 15 2 48 91 60 30 12 78 14 60 29 4 76 18 19 100 70 85 10 51 53 92 66 3 11 66 78 11 56 81 10 41 19 97 67 52 42 32 86 23 39 14 49 19 10 10 84 73 6 38 76 87 80 31 57 39 19 80 23 38 64 55 52 66 30 76 26 9 8 81 53 39 34 85 18 73 14 44 63 70 61 93 11 87 40 17 86 24 68 63 56 48 0 22 23 21 9 69 59 75 62
91 58 52 49 16 59 63 28 94 53 40 11 37 75 2 55 9 6 8 35 6 63 100 30 5 73 97 5 64 27 90 31 95 92 72 10 15 21 61 59 4 15 24 18 1 76 48 66 35 40 38 50 85 44 5 78 87 64 61 17 68 96 24 0 61 74 8 57 13 66 31 54 99 86 29 56 59 70 24 33 52 90 3 21 86 30 58 94 28 4 69 89 90 49 92 40 86 63 27 67 49 41 68 97 7 84 5 67 24 93 80 23 79 61 56 75 64 27 29 39 23 75 11 94 89 80 8 34 17 17 80 83 59 24 64 0 51 81 35 57 99 96 40 48 37 89 75 72 98 0 22 69 46 46 68 95 10 91 28 67 9 20 59 68 80 94 32 5 91 76 89 72 22 0 34 95 33 78 27 46 77
7 76 73 85 47 88 19 13 53 55 73 86 21 90 67 18 74 4 69 58 20 1 89 3 67 91 10 86 88 29 53 1 13 39 27 48 67 81 78 58 8 35 66 37 9 8 23 24 76 12 43 65 14 7 66 59 17 37 18 77 29 52 24 87 17 52 95 18 60 28 48 9 38 16 24 100 29 58 19 18 42 68 86 58 49 98 90 5 38 77 78 57 78 12 23 50 67 2 65 46 37 28 42 84 72 76 92 54 10 54 2 47 8 98 78 60 31 95 59 61 82 97 65 51 19 64 56 37 38 0 60 5 23 41 71 11 5 98 83 47 76 85 39 76 47 41 66 40 67 66 54 94 17 75 94 65 94 79 47 13 38 23 41 51 22 67 4 34 39 15 89 35 23 34 0 42 69 47 80 37 95
85 32 85 92 60 17 16 16 89 24 81 31 17 43 52 65 44 22 53 87 75 26 41 8 47 97 65 84 36 72 12 17 54 59 56 7 84 17 41 76 44 48 10 30 14 85 90 0 75 100 84 10 86 16 27 70 28 35 75 85 91 44 39 1 68 99 82 21 5 92 1 53 29 54 23 63 98 89 60 12 50 8 67 87 73 72 24 74 100 17 82 57 89 90 58 77 15 31 72 20 41 21 65 64 79 35 20 12 59 87 80 99 84 86 9 43 85 33 70 97 73 51 75 67 58 24 58 95 100 45 53 68 58 32 27 74 63 60 44 22 14 30 75 78 42 50 17 77 61 50 8 1 55 99 36 97 99 60 99 81 69 0 18 55 96 51 83 10 72 11 42 33 21 95 42 0 63 22 97 23 68
32 58 71 81 99 64 96 27 83 98 70 70 57 80 3 75 0 57 84 53 21 96 16 89 39 30 70 55 22 79 79 65 19 46 67 84 99 1 40 3 23 46 21 3 74 17 64 25 72 43 69 28 59 29 86 0 38 11 89 43 18 17 31 20 93 20 72 43 46 69 6 16 69 0 96 40 58 87 13 9 55 42 11 98 84 55 14 25 37 56 68 98 24 15 91 21 3 61 61 35 7 62 71 6 80 74 60 24 13 14 10 47 35 22 3 95 11 4 84 36 44 70 4 32 19 30 59 48 35 29 24 5 79 90 64 18 66 7 92 80 6 5 95 51 40 10 85 51 98 20 7 1 45 26 72 64 46 24 70 0 67 38 73 78 71 13 7 53 20 69 91 39 9 33 69 63 0 80 28 81 37
49 96 55 7 99 90 8 5 99 71 53 91 83 75 78 69 13 14 21 90 80 67 34 55 75 64 78 23 5 67 66 30 45 75 11 90 94 62 71 77 82 57 90 97 97 55 61 13 70 92 90 64 6 6 41 23 41 75 45 3 97 21 53 76 97 51 55 70 31 73 44 63 90 26 85 8 80 34 98 5 32 18 2 25 74 58 84 49 39 17 81 87 88 6 24 100 71 61 55 48 58 76 98 91 25 98 23 26 14 15 98 62 48 18 0 84 5 78 73 30 90 30 40 0 32 56 31 15 49 18 64 22 51 17 19 85 17 3 71 10 17 33 35 57 3 25 69 51 26 81 2 28 25 81 86 80 35 53 39 30 3 87 60 81 6 33 97 3 32 93 93 81 69 78 47 22 80 0 87 25 75
76 60 15 25 31 72 59 91 61 6 77 95 56 93 67 91 63 96 22 20 9 68 8 33 22 19 28 23 37 39 86 34 48 42 4 88 43 46 72 79 24 37 16 78 20 58 43 48 71 66 11 31 85 23 62 67 28 46 26 11 43 5 28 6 38 92 74 28 97 15 47 8 55 39 0 76 55 43 55 2 11 81 56 56 67 60 8 96 61 54 87 99 41 15 30 62 16 62 40 16 89 77 49 34 97 100 24 62 0 97 11 78 17 53 22 34 46 28 35 96 78 68 66 100 94 80 7 77 21 12 85 32 70 92 50 95 36 8 91 54 77 61 17 34 83 18 34 23 4 75 61 22 45 28 95 63 84 56 63 90 95 41 30 12 9 61 6 42 98 62 48 25 59 27 80 97 28 87 0 56 84
66 50 32 99 56 5 91 64 20 5 78 12 50 64 12 40 63 87 75 25 35 92 24 81 26 77 84 14 77 93 7 43 69 72 19 6 36 55 91 52 12 54 12 72 74 6 100 1 27 54 86 68 38 78 94 86 35 36 89 8 64 46 3 18 43 97 48 56 42 70 15 12 20 94 71 55 82 28 51 32 44 94 56 67 21 5 35 29 96 21 84 45 30 94 0 13 27 38 97 12 43 33 15 53 84 60 57 86 6 18 70 36 15 51 28 68 28 33 93 20 49 55 98 39 98 10 85 46 94 78 79 72 74 14 48 52 86 21 80 91 67 50 99 72 79 4 91 92 43 67 51 62 71 41 45 7 28 78 44 94 40 73 22 66 23 74 78 88 4 97 79 70 75 46 37 23 81 25 56 0 58
27 5 19 72 75 11 78 44 47 2 58 91 84 7 24 10 7 19 80 35 29 5 40 20 43 15 16 69 42 53 15 89 97 43 20 59 48 90 16 98 75 49 14 71 75 20 32 89 84 69 96 54 21 26 74 7 44 36 53 50 2 94 39 39 74 28 29 12 50 2 2 75 1 44 73 48 99 45 56 17 40 54 91 31 33 30 23 17 4 21 11 41 24 40 21 50 41 79 59 66 90 36 97 72 46 43 45 94 11 8 30 5 99 30 74 9 2 70 58 17 28 14 57 94 63 5 80 50 78 18 87 44 96 71 21 55 83 62 94 9 2 72 75 81 55 10 85 24 24 40 22 90 24 74 62 25 92 69 44 44 25 38 68 76 33 60 13 12 35 59 52 73 62 77 95 68 37 75 84 58 0
