35 2
47 78 34 75 17 95 6 3 48 68 58 3 21 55 46 31 63 90 48 52 39 52 29 89 38 68 40 11 10 95 57 69 77 63 22
0 33 31 51 97 3 90 3 64 69 50 15 8 34 49 57 13 34 44 99 100 28 78 0 5 72 14 79 94 94 14 22 4 67 70 65
33 0 86 99 82 0 2 73 84 76 72 47 12 14 41 87 42 89 31 3 81 12 63 3 22 11 73 78 44 97 66 31 1 0 63 87
31 86 0 64 47 73 70 4 90 80 44 42 72 58 96 50 37 93 97 64 57 98 25 23 18 51 37 23 85 20 98 99 38 8 86 6
51 99 64 0 83 99 98 78 71 37 94 77 93 15 15 84 87 9 4 97 29 75 53 64 13 22 15 56 7 9 91 77 38 65 2 4
97 82 47 83 0 34 23 54 52 69 5 20 43 28 45 49 87 7 59 7 76 84 62 41 70 46 19 4 15 5 70 27 18 91 13 82
3 0 73 99 34 0 6 49 99 35 34 4 16 13 53 26 73 76 35 93 15 15 29 24 62 13 62 4 71 26 86 51 79 10 86 69
90 2 70 98 23 6 0 85 35 82 76 57 18 60 55 88 42 49 53 37 86 63 72 82 14 19 24 21 82 87 56 91 47 33 8 8
3 73 4 78 54 49 85 0 55 64 21 57 74 60 71 14 94 39 51 1 34 3 69 78 37 55 53 46 72 47 66 40 81 23 43 81
64 84 90 71 52 99 35 55 0 57 91 42 95 14 80 37 89 48 40 25 99 86 17 56 81 74 21 14 88 96 55 97 29 99 62 17
69 76 80 37 69 35 82 64 57 0 37 50 63 10 38 80 94 55 2 4 74 42 75 5 99 8 15 88 60 36 16 94 7 49 1 60
50 72 44 94 5 34 76 21 91 37 0 31 41 72 9 91 49 47 68 73 67 69 26 33 65 18 8 73 30 23 17 17 94 80 8 50
15 47 42 77 20 4 57 57 42 50 31 0 59 75 37 16 89 99 85 31 47 90 67 5 31 12 48 64 33 68 4 99 88 88 85 8
8 12 72 93 43 16 18 74 95 63 41 59 0 20 88 21 66 4 12 28 93 41 98 37 47 58 57 35 94 69 64 93 93 31 44 91
34 14 58 15 28 13 60 60 14 10 72 75 20 0 69 90 91 24 39 66 79 94 63 36 28 87 48 97 89 36 6 39 67 24 12 65
49 41 96 15 45 53 55 71 80 38 9 37 88 69 0 38 98 20 34 98 88 75 69 67 82 40 42 40 9 1 74 95 3 63 39 50
57 87 50 84 49 26 88 14 37 80 91 16 21 90 38 0 96 67 97 81 12 23 50 59 100 2 67 32 86 87 100 8 24 53 36 17
13 42 37 87 87 73 42 94 89 94 49 89 66 91 98 96 0 39 84 70 60 13 60 91 34 61 18 20 64 38 67 66 14 43 91 81
34 89 93 9 7 76 49 39 48 55 47 99 4 24 20 67 39 0 82 40 77 84 0 9 17 77 39 61 89 64 1 58 57 50 83 30
44 31 97 4 59 35 53 51 40 2 68 85 12 39 34 97 84 82 0 44 86 53 37 91 58 72 70 99 75 47 48 87 66 83 82 21
99 3 64 97 7 93 37 1 25 4 73 31 28 66 98 81 70 40 44 0 74 28 20 26 99 31 94 20 17 72 67 64 0 28 3 28
100 81 57 29 76 15 86 34 99 74 67 47 93 79 88 12 60 77 86 74 0 8 33 18 90 39 28 36 64 14 56 54 77 85 88 68
28 12 98 75 84 15 63 3 86 42 69 90 41 94 75 23 13 84 53 28 8 0 76 7 48 34 70 2 59 89 9 97 40 72 52 30
78 63 25 53 62 29 72 69 17 75 26 67 98 63 69 50 60 0 37 20 33 76 0 79 62 47 68 89 56 74 81 28 8 19 83 61
0 3 23 64 41 24 82 78 56 5 33 5 37 36 67 59 91 9 91 26 18 7 79 0 86 27 56 50 19 68 87 29 58 32 72 80
5 22 18 13 70 62 14 37 81 99 65 31 47 28 82 100 34 17 58 99 90 48 62 86 0 1 31 86 78 31 82 49 17 66 69 56
72 11 51 22 46 13 19 55 74 8 18 12 58 87 40 2 61 77 72 31 39 34 47 27 1 0 59 59 42 60 43 97 48 53 94 72
14 73 37 15 19 62 24 53 21 15 8 48 57 48 42 67 18 39 70 94 28 70 68 56 31 59 0 16 72 27 54 53 4 24 5 37
79 78 23 56 4 4 21 46 14 88 73 64 35 97 40 32 20 61 99 20 36 2 89 50 86 59 16 0 28 15 4 62 9 5 63 33
94 44 85 7 15 71 82 72 88 60 30 33 94 89 9 86 64 89 75 17 64 59 56 19 78 42 72 28 0 12 92 73 3 89 32 1
94 97 20 9 5 26 87 47 96 36 23 68 69 36 1 87 38 64 47 72 14 89 74 68 31 60 27 15 12 0 98 72 21 85 12 57
14 66 98 91 70 86 56 66 55 16 17 4 64 6 74 100 67 1 48 67 56 9 81 87 82 43 54 4 92 98 0 10 3 52 78 95
22 31 99 77 27 51 91 40 97 94 17 99 93 39 95 8 66 58 87 64 54 97 28 29 49 97 53 62 73 72 10 0 18 36 4 0
4 1 38 38 18 79 47 81 29 7 94 88 93 67 3 24 14 57 66 0 77 40 8 58 17 48 4 9 3 21 3 18 0 72 92 62
67 0 8 65 91 10 33 23 99 49 80 88 31 24 63 53 43 50 83 28 85 72 19 32 66 53 24 5 89 85 52 36 72 0 37 87
70 63 86 2 13 86 8 43 62 1 8 85 44 12 39 36 91 83 82 3 88 52 83 72 69 94 5 63 32 12 78 4 92 37 0 76
65 87 6 4 82 69 8 81 17 60 50 8 91 65 50 17 81 30 21 28 68 30 61 80 56 72 37 33 1 57 95 0 62 87 76 0
