40 3
59 64 5 84 96 26 16 55 31 7 23 75 2 59 29 55 65 32 6 46 72 26 24 23 54 60 55 71 2 98 66 8 77 30 34 44 49 79 74 25
0 21 94 90 14 40 0 69 9 86 65 28 87 14 29 1 69 71 87 88 13 15 70 27 21 10 73 25 44 99 97 18 60 64 85 66 5 55 26 80 21
21 0 69 87 4 48 73 96 51 14 32 39 73 65 71 26 31 14 52 60 10 87 84 5 50 80 49 4 56 19 28 37 33 90 31 50 69 45 41 60 24
94 69 0 38 59 38 53 75 87 15 13 83 56 83 94 17 19 12 39 27 4 38 99 44 82 75 24 12 24 32 98 23 15 61 30 100 32 17 32 42 33
90 87 38 0 15 76 68 99 86 43 4 81 100 51 62 78 0 50 44 18 14 10 13 29 46 96 29 31 60 66 53 44 66 11 26 64 6 50 100 64 48
14 4 59 15 0 82 20 39 96 32 61 13 96 69 47 86 36 1 40 92 0 46 83 52 25 32 35 3 76 64 13 2 58 93 98 56 3 8 95 80 36
40 48 38 76 82 0 97 83 34 26 15 98 88 11 91 26 9 59 36 90 66 22 99 35 85 73 84 83 56 64 33 53 41 43 0 50 37 80 46 55 3
0 73 53 68 20 97 0 44 0 6 8 17 7 1 96 84 49 73 56 91 39 10 3 26 25 64 17 10 55 52 88 38 64 14 7 95 61 33 39 51 4
69 96 75 99 39 83 44 0 30 93 74 80 1 43 6 24 2 30 61 62 39 64 33 95 21 42 26 62 72 2 98 11 86 20 18 31 76 21 69 81 54
9 51 87 86 96 34 0 30 0 34 63 28 35 22 74 8 54 37 87 4 70 56 40 43 48 47 75 83 77 9 48 32 36 72 15 50 83 76 71 13 28
86 14 15 43 32 26 6 93 34 0 49 71 14 11 3 0 83 70 60 23 92 47 91 72 56 67 41 38 53 2 89 68 30 46 20 55 14 100 24 91 43
65 32 13 4 61 15 8 74 63 49 0 81 58 31 7 6 81 99 11 62 29 50 34 86 5 34 4 0 71 11 4 32 18 31 37 77 34 99 67 13 25
28 39 83 81 13 98 17 80 28 71 81 0 26 71 7 42 92 40 0 100 15 60 99 4 23 66 58 22 49 71 68 0 12 1 95 14 92 2 90 94 27
87 73 56 100 96 88 7 1 35 14 58 26 0 48 78 32 83 69 38 68 47 7 4 1 39 49 39 92 24 92 4 32 53 51 51 69 8 45 41 24 0
14 65 83 51 69 11 1 43 22 11 31 71 48 0 38 12 84 44 93 36 84 57 96 94 98 24 97 74 64 5 15 91 72 78 63 78 70 63 22 72 86
29 71 94 62 47 91 96 6 74 3 7 7 78 38 0 21 87 10 18 72 10 81 22 25 95 95 90 67 6 16 63 58 83 27 67 51 41 97 30 4 39
1 26 17 78 86 26 84 24 8 0 6 42 32 12 21 0 37 11 8 28 49 28 100 33 77 18 46 54 20 12 4 50 80 6 52 46 48 56 15 93 5
69 31 19 0 36 9 49 2 54 83 81 92 83 84 87 37 0 50 70 69 79 83 13 8 72 48 20 91 81 75 46 95 0 47 2 42 73 11 59 59 97
71 14 12 50 1 59 73 30 37 70 99 40 69 44 10 11 50 0 92 25 69 40 57 73 50 29 60 30 90 32 56 16 69 41 27 88 35 71 59 58 61
87 52 39 44 40 36 56 61 87 60 11 0 38 93 18 8 70 92 0 43 56 49 11 37 10 43 94 68 30 46 71 68 60 75 71 54 50 92 92 80 58
88 60 27 18 92 90 91 62 4 23 62 100 68 36 72 28 69 25 43 0 58 62 94 71 57 59 98 20 13 66 82 4 60 24 39 19 71 83 26 33 38
13 10 4 14 0 66 39 39 70 92 29 15 47 84 10 49 79 69 56 58 0 50 60 23 10 34 86 66 56 93 40 58 14 69 81 99 45 91 98 35 44
15 87 38 10 46 22 10 64 56 47 50 60 7 57 81 28 83 40 49 62 50 0 47 38 54 4 4 59 0 65 46 15 74 49 33 80 48 35 96 41 48
70 84 99 13 83 99 3 33 40 91 34 99 4 96 22 100 13 57 11 94 60 47 0 77 95 41 68 55 6 79 94 77 67 53 81 44 86 4 58 75 13
27 5 44 29 52 35 26 95 43 72 86 4 1 94 25 33 8 73 37 71 23 38 77 0 77 31 51 72 75 24 84 3 67 5 84 19 13 32 27 26 65
21 50 82 46 25 85 25 21 48 56 5 23 39 98 95 77 72 50 10 57 10 54 95 77 0 79 39 1 16 0 95 63 53 65 92 34 33 97 93 41 9
10 80 75 96 32 73 64 42 47 67 34 66 49 24 95 18 48 29 43 59 34 4 41 31 79 0 75 76 74 75 24 75 17 81 73 57 33 83 41 56 77
73 49 24 29 35 84 17 26 75 41 4 58 39 97 90 46 20 60 94 98 86 4 68 51 39 75 0 15 67 30 69 60 17 89 77 94 40 2 37 32 55
25 4 12 31 3 83 10 62 83 38 0 22 92 74 67 54 91 30 68 20 66 59 55 72 1 76 15 0 78 27 96 59 70 99 91 77 89 83 74 42 13
44 56 24 60 76 56 55 72 77 53 71 49 24 64 6 20 81 90 30 13 56 0 6 75 16 74 67 78 0 14 82 69 60 53 45 99 33 7 4 4 80
99 19 32 66 64 64 52 2 9 2 11 71 92 5 16 12 75 32 46 66 93 65 79 24 0 75 30 27 14 0 37 26 60 28 53 56 8 54 19 65 100
97 28 98 53 13 33 88 98 48 89 4 68 4 15 63 4 46 56 71 82 40 46 94 84 95 24 69 96 82 37 0 39 91 78 4 16 41 5 56 82 69
18 37 23 44 2 53 38 11 32 68 32 0 32 91 58 50 95 16 68 4 58 15 77 3 63 75 60 59 69 26 39 0 67 83 43 77 41 92 39 71 15
60 33 15 66 58 41 64 86 36 30 18 12 53 72 83 80 0 69 60 60 14 74 67 67 53 17 17 70 60 60 91 67 0 54 80 37 50 61 33 94 57
64 90 61 11 93 43 14 20 72 46 31 1 51 78 27 6 47 41 75 24 69 49 53 5 65 81 89 99 53 28 78 83 54 0 14 4 3 84 12 46 31
85 31 30 26 98 0 7 18 15 20 37 95 51 63 67 52 2 27 71 39 81 33 81 84 92 73 77 91 45 53 4 43 80 14 0 9 73 7 92 47 77
66 50 100 64 56 50 95 31 50 55 77 14 69 78 51 46 42 88 54 19 99 80 44 19 34 57 94 77 99 56 16 77 37 4 9 0 23 7 22 39 41
5 69 32 6 3 37 61 76 83 14 34 92 8 70 41 48 73 35 50 71 45 48 86 13 33 33 40 89 33 8 41 41 50 3 73 23 0 81 100 41 68
55 45 17 50 8 80 33 21 76 100 99 2 45 63 97 56 11 71 92 83 91 35 4 32 97 83 2 83 7 54 5 92 61 84 7 7 81 0 97 94 42
26 41 32 100 95 46 39 69 71 24 67 90 41 22 30 15 59 59 92 26 98 96 58 27 93 41 37 74 4 19 56 39 33 12 92 22 100 97 0 81 22
80 60 42 64 80 55 51 81 13 91 13 94 24 72 4 93 59 58 80 33 35 41 75 26 41 56 32 42 4 65 82 71 94 46 47 39 41 94 81 0 10
21 24 33 48 36 3 4 54 28 43 25 27 0 86 39 5 97 61 58 38 44 48 13 65 9 77 55 13 80 100 69 15 57 31 77 41 68 42 22 10 0
