45 3
92 38 94 49 79 91 90 64 24 10 1 83 33 40 1 78 82 68 95 97 87 19 11 16 25 73 3 55 12 35 18 56 38 35 22 56 68 80 42 37 97 91 5 80 56
0 12 42 3 55 96 17 41 33 54 47 93 87 78 93 11 82 28 4 19 22 32 89 6 6 0 37 14 41 41 92 79 73 46 51 87 21 61 1 6 21 69 42 57 7 62
12 0 41 82 63 11 97 72 19 36 40 75 92 74 15 79 63 90 17 82 78 99 97 95 57 37 69 69 76 12 31 17 80 25 94 12 44 52 61 36 44 45 16 20 98 54
42 41 0 77 77 39 85 10 12 56 47 89 20 83 79 86 49 42 90 42 80 98 42 100 33 22 40 99 14 30 43 73 97 69 87 47 27 54 41 16 29 3 13 38 67 67
3 82 77 0 68 40 79 37 44 90 33 58 59 95 9 14 70 31 69 21 88 14 34 32 60 95 84 70 90 46 69 7 9 32 9 65 86 15 7 70 1 57 15 7 91 29
55 63 77 68 0 17 71 3 5 12 28 53 99 61 42 39 33 37 0 78 83 44 70 29 68 40 27 59 94 3 24 28 52 75 31 90 41 49 20 72 56 81 92 37 93 47
96 11 39 40 17 0 93 19 83 71 76 48 90 88 14 70 95 33 42 16 47 48 24 43 39 13 7 60 77 62 18 67 78 36 84 97 20 66 80 16 59 31 35 87 89 97
17 97 85 79 71 93 0 10 15 14 3 99 61 47 38 7 22 95 65 100 32 79 5 26 46 86 18 5 85 97 77 44 46 90 26 97 3 8 31 52 28 26 9 19 46 32
41 72 10 37 3 19 10 0 56 62 10 29 93 54 41 98 66 91 22 53 49 50 2 13 65 89 96 37 14 48 12 86 97 40 76 83 35 32 66 17 53 74 5 44 29 85
33 19 12 44 5 83 15 56 0 90 57 69 5 98 5 62 36 27 4 100 2 39 35 58 38 15 10 48 27 73 58 79 66 57 36 65 11 68 62 99 63 1 42 88 65 95
54 36 56 90 12 71 14 62 90 0 48 10 22 23 89 4 27 34 23 49 57 29 45 52 50 6 36 17 69 68 24 87 23 18 72 82 79 60 35 28 82 91 75 25 29 86
47 40 47 33 28 76 3 10 57 48 0 39 17 37 37 1 94 93 91 56 47 10 10 89 36 40 74 52 0 5 2 10 53 25 55 0 30 76 77 100 96 68 95 95 68 66
93 75 89 58 53 48 99 29 69 10 39 0 39 45 77 45 57 52 73 65 65 58 56 27 3 85 46 53 15 96 93 53 31 34 38 32 99 81 26 79 49 49 62 20 53 34
87 92 20 59 99 90 61 93 5 22 17 39 0 77 3 34 40 56 62 49 64 3 1 95 69 71 25 72 1 32 44 45 87 68 99 8 63 47 51 46 89 1 33 83 23 63
78 74 83 95 61 88 47 54 98 23 37 45 77 0 19 79 20 15 78 81 76 5 27 24 87 43 66 53 81 77 16 25 94 16 84 82 14 31 67 47 26 56 37 57 8 84
93 15 79 9 42 14 38 41 5 89 37 77 3 19 0 36 77 43 34 47 91 34 53 69 24 18 85 21 37 66 34 63 29 58 63 27 32 11 23 84 64 27 9 78 48 100
11 79 86 14 39 70 7 98 62 4 1 45 34 79 36 0 81 46 32 41 79 74 72 43 52 30 90 96 22 53 10 29 79 69 82 60 82 27 27 60 52 59 80 65 62 25
82 63 49 70 33 95 22 66 36 27 94 57 40 20 77 81 0 92 61 90 4 40 62 93 9 3 11 66 94 92 37 97 49 31 64 36 42 14 92 100 43 54 20 97 22 17
28 90 42 31 37 33 95 91 27 34 93 52 56 15 43 46 92 0 94 26 74 12 75 12 55 35 20 67 16 37 2 42 73 36 35 25 0 71 46 49 14 85 79 99 22 24
4 17 90 69 0 42 65 22 4 23 91 73 62 78 34 32 61 94 0 70 14 24 13 16 63 1 43 39 52 27 65 27 93 9 10 45 11 15 96 58 60 29 42 14 29 61
19 82 42 21 78 16 100 53 100 49 56 65 49 81 47 41 90 26 70 0 14 83 100 53 19 45 16 73 67 52 28 10 23 5 40 100 84 34 52 94 80 93 78 72 64 72
22 78 80 88 83 47 32 49 2 57 47 65 64 76 91 79 4 74 14 14 0 26 46 90 95 10 41 47 74 94 80 16 52 40 20 91 60 88 69 58 20 13 14 44 30 81
32 99 98 14 44 48 79 50 39 29 10 58 3 5 34 74 40 12 24 83 26 0 28 39 87 64 32 3 29 15 63 55 4 14 72 12 13 86 91 97 26 53 36 89 92 3
89 97 42 34 70 24 5 2 35 45 10 56 1 27 53 72 62 75 13 100 46 28 0 93 64 80 35 57 67 28 58 16 17 42 21 75 43 0 65 16 72 54 19 57 90 33
6 95 100 32 29 43 26 13 58 52 89 27 95 24 69 43 93 12 16 53 90 39 93 0 38 56 52 89 79 72 26 37 53 68 48 3 94 95 37 42 84 87 70 0 65 44
6 57 33 60 68 39 46 65 38 50 36 3 69 87 24 52 9 55 63 19 95 87 64 38 0 29 29 27 24 16 85 78 53 59 56 31 15 24 66 6 26 14 71 25 87 84
0 37 22 95 40 13 86 89 15 6 40 85 71 43 18 30 3 35 1 45 10 64 80 56 29 0 51 49 65 61 79 96 3 40 23 9 36 88 76 55 9 59 30 77 81 64
37 69 40 84 27 7 18 96 10 36 74 46 25 66 85 90 11 20 43 16 41 32 35 52 29 51 0 23 13 36 85 73 0 80 55 19 39 51 16 36 20 53 94 70 9 32
14 69 99 70 59 60 5 37 48 17 52 53 72 53 21 96 66 67 39 73 47 3 57 89 27 49 23 0 66 55 13 7 98 84 44 20 64 86 91 73 37 39 1 14 66 13
41 76 14 90 94 77 85 14 27 69 0 15 1 81 37 22 94 16 52 67 74 29 67 79 24 65 13 66 0 72 85 49 56 63 54 70 72 61 96 0 59 94 99 97 58 63
41 12 30 46 3 62 97 48 73 68 5 96 32 77 66 53 92 37 27 52 94 15 28 72 16 61 36 55 72 0 81 28 38 88 59 52 91 30 10 10 80 71 11 89 86 67
92 31 43 69 24 18 77 12 58 24 2 93 44 16 34 10 37 2 65 28 80 63 58 26 85 79 85 13 85 81 0 97 46 69 78 23 72 70 7 45 76 23 0 83 53 83
79 17 73 7 28 67 44 86 79 87 10 53 45 25 63 29 97 42 27 10 16 55 16 37 78 96 73 7 49 28 97 0 86 82 24 61 95 64 34 56 58 45 52 67 7 73
73 80 97 9 52 78 46 97 66 23 53 31 87 94 29 79 49 73 93 23 52 4 17 53 53 3 0 98 56 38 46 86 0 38 58 29 38 6 6 15 55 55 12 93 78 98
46 25 69 32 75 36 90 40 57 18 25 34 68 16 58 69 31 36 9 5 40 14 42 68 59 40 80 84 63 88 69 82 38 0 13 38 83 58 31 97 37 61 66 10 100 86
51 94 87 9 31 84 26 76 36 72 55 38 99 84 63 82 64 35 10 40 20 72 21 48 56 23 55 44 54 59 78 24 58 13 0 23 91 34 17 40 36 28 98 9 67 87
87 12 47 65 90 97 97 83 65 82 0 32 8 82 27 60 36 25 45 100 91 12 75 3 31 9 19 20 70 52 23 61 29 38 23 0 59 12 58 36 51 38 34 81 37 14
21 44 27 86 41 20 3 35 11 79 30 99 63 14 32 82 42 0 11 84 60 13 43 94 15 36 39 64 72 91 72 95 38 83 91 59 0 85 67 98 53 82 82 7 32 6
61 52 54 15 49 66 8 32 68 60 76 81 47 31 11 27 14 71 15 34 88 86 0 95 24 88 51 86 61 30 70 64 6 58 34 12 85 0 42 80 92 73 4 61 41 19
1 61 41 7 20 80 31 66 62 35 77 26 51 67 23 27 92 46 96 52 69 91 65 37 66 76 16 91 96 10 7 34 6 31 17 58 67 42 0 19 52 36 38 40 76 32
6 36 16 70 72 16 52 17 99 28 100 79 46 47 84 60 100 49 58 94 58 97 16 42 6 55 36 73 0 10 45 56 15 97 40 36 98 80 19 0 45 94 93 47 58 13
21 44 29 1 56 59 28 53 63 82 96 49 89 26 64 52 43 14 60 80 20 26 72 84 26 9 20 37 59 80 76 58 55 37 36 51 53 92 52 45 0 64 25 37 79 33
69 45 3 57 81 31 26 74 1 91 68 49 1 56 27 59 54 85 29 93 13 53 54 87 14 59 53 39 94 71 23 45 55 61 28 38 82 73 36 94 64 0 57 58 79 22
42 16 13 15 92 35 9 5 42 75 95 62 33 37 9 80 20 79 42 78 14 36 19 70 71 30 94 1 99 11 0 52 12 66 98 34 82 4 38 93 25 57 0 23 93 99
57 20 38 7 37 87 19 44 88 25 95 20 83 57 78 65 97 99 14 72 44 89 57 0 25 77 70 14 97 89 83 67 93 10 9 81 7 61 40 47 37 58 23 0 42 92
7 98 67 91 93 89 46 29 65 29 68 53 23 8 48 62 22 22 29 64 30 92 90 65 87 81 9 66 58 86 53 7 78 100 67 37 32 41 76 58 79 79 93 42 0 46
62 54 67 29 47 97 32 85 95 86 66 34 63 84 100 25 17 24 61 72 81 3 33 44 84 64 32 13 63 67 83 73 98 86 87 14 6 19 32 13 33 22 99 92 46 0
