50 3
23 13 20 53 6 4 91 16 21 9 28 44 87 30 22 44 59 77 38 92 71 63 60 97 98 61 71 80 31 86 23 13 4 7 69 41 74 58 99 41 41 54 28 20 8 90 0 41 25 35
0 82 57 89 15 98 86 46 47 81 13 43 45 42 65 98 75 39 33 3 20 85 75 98 61 11 13 55 11 54 57 24 41 4 66 13 16 58 57 47 55 63 23 0 100 75 27 79 62 31 61
82 0 83 45 98 55 25 5 69 52 78 98 82 92 21 15 80 5 45 2 73 31 37 36 6 18 32 82 44 94 69 80 16 38 84 2 76 93 59 10 39 34 39 90 94 37 60 71 45 98 10
57 83 0 0 31 40 33 86 95 51 64 79 64 30 94 62 30 89 35 27 23 93 37 66 96 77 8 23 51 20 83 93 49 38 98 23 100 76 17 86 52 77 48 83 53 66 25 33 41 21 27
89 45 0 0 14 10 36 83 25 12 5 62 93 9 64 13 100 26 26 58 73 75 34 0 14 50 6 2 69 2 23 16 58 50 80 9 82 65 37 68 38 81 78 54 57 57 19 57 19 87 52
15 98 31 14 0 29 57 16 8 74 74 31 3 65 19 45 78 92 45 39 56 90 65 95 20 47 63 21 29 82 98 30 92 81 83 79 83 34 54 59 6 39 86 72 76 24 31 32 2 97 23
98 55 40 10 29 0 36 65 65 39 19 41 26 74 33 58 14 12 84 35 71 88 69 9 17 74 42 96 45 39 65 26 85 31 36 27 39 2 53 13 9 19 21 84 10 27 16 85 80 39 19
86 25 33 36 57 36 0 84 77 2 92 37 87 12 87 17 60 7 3 19 58 40 8 65 7 32 28 0 11 26 11 41 82 80 24 60 23 93 9 41 92 0 18 44 69 94 76 61 87 79 89
46 5 86 83 16 65 84 0 90 88 64 72 89 10 45 37 67 32 57 46 18 7 37 61 94 41 19 29 8 93 24 30 46 59 52 49 18 10 61 71 82 56 61 19 98 31 85 56 88 54 21
47 69 95 25 8 65 77 90 0 38 55 31 89 97 48 7 38 76 3 83 9 29 39 50 29 95 97 17 42 71 91 2 29 1 40 17 55 7 13 97 21 8 93 69 95 73 75 36 95 68 20
81 52 51 12 74 39 2 88 38 0 45 46 38 16 25 88 86 80 70 23 22 42 81 27 46 70 99 69 39 44 27 73 14 35 63 7 98 79 95 57 18 36 91 22 17 80 43 59 47 77 94
13 78 64 5 74 19 92 64 55 45 0 6 92 26 78 66 51 82 68 18 73 63 69 38 0 23 17 8 89 92 86 36 40 60 20 32 22 38 52 88 7 27 81 44 42 47 16 84 45 44 2
43 98 79 62 31 41 37 72 31 46 6 0 45 86 13 83 78 28 71 42 79 53 84 80 69 13 96 10 52 76 98 21 65 57 41 69 52 56 8 44 10 25 5 16 43 42 37 90 67 59 83
45 82 64 93 3 26 87 89 89 38 92 45 0 44 25 93 93 100 87 20 12 89 79 49 80 81 16 58 21 54 39 31 17 95 8 4 16 5 57 18 68 37 78 79 52 39 87 6 15 55 74
42 92 30 9 65 74 12 10 97 16 26 86 44 0 49 57 74 35 2 60 15 24 31 44 70 97 88 22 53 34 68 53 82 39 14 91 10 21 12 56 45 91 23 20 74 85 1 21 66 15 54
65 21 94 64 19 33 87 45 48 25 78 13 25 49 0 81 15 56 62 3 89 67 25 26 67 43 98 49 49 63 88 3 47 80 85 38 72 64 35 1 24 50 73 87 6 39 53 66 1 9 73
98 15 62 13 45 58 17 37 7 88 66 83 93 57 81 0 94 64 48 51 2 78 100 50 19 66 56 37 56 88 52 42 75 3 8 28 17 75 78 96 70 87 29 9 46 2 7 81 2 83 62
75 80 30 100 78 14 60 67 38 86 51 78 93 74 15 94 0 6 49 60 86 86 78 73 38 69 86 20 58 94 96 56 83 18 72 28 2 78 44 87 89 47 34 53 35 89 16 69 91 92 32
39 5 89 26 92 12 7 32 76 80 82 28 100 35 56 64 6 0 93 9 3 94 90 53 72 81 7 33 1 8 8 62 81 89 43 30 82 39 88 20 97 99 57 36 64 58 61 69 60 2 49
33 45 35 26 45 84 3 57 3 70 68 71 87 2 62 48 49 93 0 35 55 66 2 49 96 40 35 48 54 4 65 87 95 60 27 15 8 51 80 26 30 79 59 17 45 52 4 22 9 50 59
3 2 27 58 39 35 19 46 83 23 18 42 20 60 3 51 60 9 35 0 25 70 64 83 97 79 3 24 67 51 21 43 49 4 61 100 10 40 34 27 97 51 98 54 54 79 48 63 14 5 8
20 73 23 73 56 71 58 18 9 22 73 79 12 15 89 2 86 3 55 25 0 78 69 75 51 70 57 92 45 89 90 38 69 3 68 1 71 7 39 65 30 60 3 74 7 61 17 90 34 94 52
85 31 93 75 90 88 40 7 29 42 63 53 89 24 67 78 86 94 66 70 78 0 36 47 94 2 35 95 73 86 9 100 39 16 35 35 46 11 18 71 88 71 19 68 98 22 88 80 8 53 65
75 37 37 34 65 69 8 37 39 81 69 84 79 31 25 100 78 90 2 64 69 36 0 17 35 21 76 55 67 78 73 53 43 69 53 81 84 48 74 80 9 46 60 96 16 17 31 43 31 52 87
98 36 66 0 95 9 65 61 50 27 38 80 49 44 26 50 73 53 49 83 75 47 17 0 41 75 60 46 81 2 61 19 70 51 100 39 61 56 31 2 48 3 92 85 33 85 46 1 71 18 92
61 6 96 14 20 17 7 94 29 46 0 69 80 70 67 19 38 72 96 97 51 94 35 41 0 80 0 90 84 4 80 79 48 29 64 83 10 86 76 82 78 86 68 74 56 72 15 85 25 91 84
11 18 77 50 47 74 32 41 95 70 23 13 81 97 43 66 69 81 40 79 70 2 21 75 80 0 48 2 7 22 97 92 29 11 61 33 11 98 97 69 20 44 100 64 23 42 51 15 63 10 36
13 32 8 6 63 42 28 19 97 99 17 96 16 88 98 56 86 7 35 3 57 35 76 60 0 48 0 88 74 5 54 21 84 38 18 49 61 71 81 47 6 12 3 51 0 46 98 99 15 90 33
55 82 23 2 21 96 0 29 17 69 8 10 58 22 49 37 20 33 48 24 92 95 55 46 90 2 88 0 74 46 47 88 24 87 97 35 52 59 30 90 70 80 61 5 62 69 2 50 67 17 72
11 44 51 69 29 45 11 8 42 39 89 52 21 53 49 56 58 1 54 67 45 73 67 81 84 7 74 74 0 92 97 79 22 50 76 94 13 97 98 77 62 44 99 83 37 12 1 20 13 29 2
54 94 20 2 82 39 26 93 71 44 92 76 54 34 63 88 94 8 4 51 89 86 78 2 4 22 5 46 92 0 44 41 32 76 64 53 76 77 66 85 73 3 13 64 59 78 24 14 93 57 52
57 69 83 23 98 65 11 24 91 27 86 98 39 68 88 52 96 8 65 21 90 9 73 61 80 97 54 47 97 44 0 25 38 14 25 58 78 85 43 58 46 42 24 76 93 15 18 25 2 38 95
24 80 93 16 30 26 41 30 2 73 36 21 31 53 3 42 56 62 87 43 38 100 53 19 79 92 21 88 79 41 25 0 99 46 22 12 20 90 27 11 62 6 39 2 94 34 33 69 35 54 24
41 16 49 58 92 85 82 46 29 14 40 65 17 82 47 75 83 81 95 49 69 39 43 70 48 29 84 24 22 32 38 99 0 41 78 1 61 22 29 30 32 34 90 86 26 43 0 21 89 19 34
4 38 38 50 81 31 80 59 1 35 60 57 95 39 80 3 18 89 60 4 3 16 69 51 29 11 38 87 50 76 14 46 41 0 73 95 62 80 40 96 76 96 40 82 63 99 57 87 6 59 89
66 84 98 80 83 36 24 52 40 63 20 41 8 14 85 8 72 43 27 61 68 35 53 100 64 61 18 97 76 64 25 22 78 73 0 63 57 30 78 53 84 4 65 59 3 55 72 19 56 25 19
13 2 23 9 79 27 60 49 17 7 32 69 4 91 38 28 28 30 15 100 1 35 81 39 83 33 49 35 94 53 58 12 1 95 63 0 34 70 0 60 19 79 67 29 96 54 3 32 70 64 25
16 76 100 82 83 39 23 18 55 98 22 52 16 10 72 17 2 82 8 10 71 46 84 61 10 11 61 52 13 76 78 20 61 62 57 34 0 50 41 1 27 35 77 64 35 30 58 86 19 30 3
58 93 76 65 34 2 93 10 7 79 38 56 5 21 64 75 78 39 51 40 7 11 48 56 86 98 71 59 97 77 85 90 22 80 30 70 50 0 90 53 75 56 30 8 22 27 91 7 33 86 28
57 59 17 37 54 53 9 61 13 95 52 8 57 12 35 78 44 88 80 34 39 18 74 31 76 97 81 30 98 66 43 27 29 40 78 0 41 90 0 29 11 37 46 56 78 95 50 84 63 66 72
47 10 86 68 59 13 41 71 97 57 88 44 18 56 1 96 87 20 26 27 65 71 80 2 82 69 47 90 77 85 58 11 30 96 53 60 1 53 29 0 25 48 40 5 83 92 16 63 32 22 48
55 39 52 38 6 9 92 82 21 18 7 10 68 45 24 70 89 97 30 97 30 88 9 48 78 20 6 70 62 73 46 62 32 76 84 19 27 75 11 25 0 99 6 87 49 48 81 86 12 85 69
63 34 77 81 39 19 0 56 8 36 27 25 37 91 50 87 47 99 79 51 60 71 46 3 86 44 12 80 44 3 42 6 34 96 4 79 35 56 37 48 99 0 60 74 38 31 56 39 69 95 20
23 39 48 78 86 21 18 61 93 91 81 5 78 23 73 29 34 57 59 98 3 19 60 92 68 100 3 61 99 13 24 39 90 40 65 67 77 30 46 40 6 60 0 5 95 14 45 61 37 60 26
0 90 83 54 72 84 44 19 69 22 44 16 79 20 87 9 53 36 17 54 74 68 96 85 74 64 51 5 83 64 76 2 86 82 59 29 64 8 56 5 87 74 5 0 65 57 31 86 7 15 28
100 94 53 57 76 10 69 98 95 17 42 43 52 74 6 46 35 64 45 54 7 98 16 33 56 23 0 62 37 59 93 94 26 63 3 96 35 22 78 83 49 38 95 65 0 41 24 5 24 41 84
75 37 66 57 24 27 94 31 73 80 47 42 39 85 39 2 89 58 52 79 61 22 17 85 72 42 46 69 12 78 15 34 43 99 55 54 30 27 95 92 48 31 14 57 41 0 70 12 78 33 14
27 60 25 19 31 16 76 85 75 43 16 37 87 1 53 7 16 61 4 48 17 88 31 46 15 51 98 2 1 24 18 33 0 57 72 3 58 91 50 16 81 56 45 31 24 70 0 50 9 14 97
79 71 33 57 32 85 61 56 36 59 84 90 6 21 66 81 69 69 22 63 90 80 43 1 85 15 99 50 20 14 25 69 21 87 19 32 86 7 84 63 86 39 61 86 5 12 50 0 42 13 32
62 45 41 19 2 80 87 88 95 47 45 67 15 66 1 2 91 60 9 14 34 8 31 71 25 63 15 67 13 93 2 35 89 6 56 70 19 33 63 32 12 69 37 7 24 78 9 42 0 95 53
31 98 21 87 97 39 79 54 68 77 44 59 55 15 9 83 92 2 50 5 94 53 52 18 91 10 90 17 29 57 38 54 19 59 25 64 30 86 66 22 85 95 60 15 41 33 14 13 95 0 47
61 10 27 52 23 19 89 21 20 94 2 83 74 54 73 62 32 49 59 8 52 65 87 92 84 36 33 72 2 52 95 24 34 89 19 25 3 28 72 48 69 20 26 28 84 14 97 32 53 47 0
