55 3
95 14 3 100 1 56 97 13 81 94 82 0 3 89 15 76 76 27 33 94 2 97 82 54 13 98 96 6 47 11 18 78 8 21 6 47 92 82 93 26 4 61 60 20 1 28 98 99 30 100 100 76 55 75 39
0 22 43 26 54 62 89 29 11 37 28 70 63 84 10 59 1 87 63 23 62 60 77 30 15 69 1 54 0 64 52 29 60 73 34 66 50 49 86 7 83 19 100 40 14 2 39 26 1 94 53 49 62 26 29 88
22 0 37 74 70 9 14 37 26 8 76 36 79 61 38 86 87 90 60 71 12 21 30 99 94 84 61 69 42 2 89 16 22 20 37 28 45 40 58 93 11 29 45 75 12 94 77 60 81 84 100 83 85 85 89 18
43 37 0 87 53 30 65 64 40 16 89 82 15 5 84 12 71 82 96 9 97 64 62 20 95 48 69 41 59 87 76 96 92 56 12 93 13 21 52 35 41 69 86 32 77 39 35 74 37 48 20 33 2 15 45 82
26 74 87 0 60 40 50 94 36 4 90 96 70 7 96 63 13 6 29 18 0 51 68 95 79 48 56 32 13 51 43 12 95 7 86 81 95 50 17 71 41 35 56 1 18 88 59 48 16 87 32 87 39 1 31 3
54 70 53 60 0 11 16 86 83 8 76 41 50 29 0 61 82 89 73 39 39 27 7 26 33 22 53 19 66 36 80 90 2 5 65 24 39 88 41 54 45 46 38 16 34 55 82 99 55 60 38 70 44 5 100 63
62 9 30 40 11 0 11 95 40 44 99 7 63 55 85 99 58 50 81 66 37 74 86 22 69 21 98 58 92 72 43 58 46 48 21 76 40 88 48 61 17 14 15 7 56 63 33 17 49 64 53 94 44 73 39 80
89 14 65 50 16 11 0 45 78 63 99 82 30 52 9 99 32 51 73 55 46 62 78 25 56 78 28 56 23 20 73 50 23 58 56 35 6 95 51 33 32 9 78 36 94 35 50 3 22 29 25 89 75 99 82 50
29 37 64 94 86 95 45 0 62 68 58 58 88 17 60 68 22 22 31 67 48 88 24 86 76 45 39 100 53 24 51 20 30 100 55 23 82 80 28 3 42 88 10 53 77 88 79 98 97 65 90 37 6 46 37 36
11 26 40 36 83 40 78 62 0 7 70 23 44 14 94 17 48 62 67 88 89 91 92 61 63 86 100 23 0 13 50 74 16 54 86 95 88 85 4 18 11 83 65 85 7 13 26 1 58 46 100 69 57 30 60 11
37 8 16 4 8 44 63 68 7 0 5 69 69 44 23 25 27 18 44 76 94 99 5 41 25 31 33 19 12 34 85 81 38 72 97 30 88 64 38 21 81 30 7 37 80 49 86 23 0 36 77 38 40 62 8 61
28 76 89 90 76 99 99 58 70 5 0 5 11 60 72 23 86 100 34 56 63 73 97 21 93 51 37 39 10 20 59 18 78 73 67 3 85 4 71 41 2 36 96 69 58 97 98 56 9 28 58 10 82 3 31 40
70 36 82 96 41 7 82 58 23 69 5 0 70 80 32 95 62 6 20 73 6 88 28 16 45 63 59 18 54 89 94 30 14 54 96 24 15 42 70 10 95 18 39 28 53 73 68 0 14 48 79 3 3 2 35 72
63 79 15 70 50 63 30 88 44 69 11 70 0 22 7 40 50 13 73 52 95 24 68 93 46 21 68 60 5 93 97 82 42 89 93 44 68 72 91 54 62 7 63 5 74 4 8 35 17 80 0 96 90 57 91 89
84 61 5 7 29 55 52 17 14 44 60 80 22 0 68 3 88 55 27 40 83 45 3 73 42 69 3 31 16 6 20 87 64 43 23 81 28 87 96 89 74 54 92 95 40 90 0 75 27 66 23 92 97 44 78 15
10 38 84 96 0 85 9 60 94 23 72 32 7 68 0 78 36 37 87 99 29 17 61 47 93 66 100 90 83 86 65 56 36 86 48 74 30 70 95 29 90 61 99 92 0 25 17 79 53 70 100 84 40 97 7 93
59 86 12 63 61 99 99 68 17 25 23 95 40 3 78 0 32 65 33 23 58 44 5 1 16 41 27 13 43 25 39 37 43 29 50 34 47 56 69 24 36 31 21 45 86 28 6 87 11 72 4 2 3 22 66 60
1 87 71 13 82 58 32 22 48 27 86 62 50 88 36 32 0 62 45 33 89 27 19 58 57 19 10 42 50 52 27 23 65 55 98 17 93 0 24 48 33 3 81 28 96 51 86 69 12 67 55 56 72 3 44 9
87 90 82 6 89 50 51 22 62 18 100 6 13 55 37 65 62 0 49 58 94 43 90 86 28 53 24 85 52 65 21 89 63 57 64 60 20 76 8 56 87 87 32 66 52 14 2 37 91 1 61 2 35 49 6 20
63 60 96 29 73 81 73 31 67 44 34 20 73 27 87 33 45 49 0 45 11 33 59 83 71 93 52 63 69 9 19 65 71 18 84 76 14 51 35 45 15 31 73 34 35 8 90 77 93 77 75 8 13 63 61 73
23 71 9 18 39 66 55 67 88 76 56 73 52 40 99 23 33 58 45 0 10 79 48 84 52 69 99 72 84 5 58 76 53 38 88 98 58 32 30 14 25 28 49 64 66 16 60 28 5 13 34 73 5 31 96 63
62 12 97 0 39 37 46 48 89 94 63 6 95 83 29 58 89 94 11 10 0 82 39 52 48 27 50 3 97 24 55 11 6 16 32 22 79 91 82 8 28 49 80 21 81 48 16 10 6 16 96 84 53 16 98 26
60 21 64 51 27 74 62 88 91 99 73 88 24 45 17 44 27 43 33 79 82 0 66 42 94 31 58 26 85 76 35 61 82 90 43 80 62 22 93 41 96 75 66 40 5 89 94 43 89 9 41 43 76 58 98 99
77 30 62 68 7 86 78 24 92 5 97 28 68 3 61 5 19 90 59 48 39 66 0 5 66 48 51 8 98 9 64 97 66 54 70 72 95 50 68 68 31 22 64 14 95 33 97 55 92 64 88 1 25 5 33 12
30 99 20 95 26 22 25 86 61 41 21 16 93 73 47 1 58 86 83 84 52 42 5 0 76 3 70 65 62 13 49 74 100 47 51 52 3 98 28 19 22 71 23 26 59 61 97 42 54 92 46 25 62 60 47 28
15 94 95 79 33 69 56 76 63 25 93 45 46 42 93 16 57 28 71 52 48 94 66 76 0 29 89 15 21 70 57 43 73 96 66 89 94 97 48 7 97 84 57 14 9 44 87 30 2 72 65 67 83 36 43 12
69 84 48 48 22 21 78 45 86 31 51 63 21 69 66 41 19 53 93 69 27 31 48 3 29 0 17 73 88 55 60 97 53 28 30 96 80 17 65 0 28 13 56 3 100 18 42 75 9 11 65 3 88 11 8 50
1 61 69 56 53 98 28 39 100 33 37 59 68 3 100 27 10 24 52 99 50 58 51 70 89 17 0 39 72 22 88 77 78 83 22 2 85 29 93 84 35 27 54 72 24 41 2 51 9 6 50 76 64 38 14 48
54 69 41 32 19 58 56 100 23 19 39 18 60 31 90 13 42 85 63 72 3 26 8 65 15 73 39 0 87 80 23 7 55 100 53 27 68 100 56 26 84 82 57 77 72 82 49 100 87 75 63 22 69 9 82 48
0 42 59 13 66 92 23 53 0 12 10 54 5 16 83 43 50 52 69 84 97 85 98 62 21 88 72 87 0 14 63 24 63 13 58 56 37 1 68 43 32 3 50 85 82 53 26 67 88 22 45 84 23 55 21 100
64 2 87 51 36 72 20 24 13 34 20 89 93 6 86 25 52 65 9 5 24 76 9 13 70 55 22 80 14 0 58 72 61 23 70 57 79 6 19 69 9 68 92 5 86 53 85 11 55 100 61 25 3 20 11 5
52 89 76 43 80 43 73 51 50 85 59 94 97 20 65 39 27 21 19 58 55 35 64 49 57 60 88 23 63 58 0 13 88 96 22 34 78 39 100 5 24 58 38 7 14 42 72 50 7 66 87 82 22 87 54 32
29 16 96 12 90 58 50 20 74 81 18 30 82 87 56 37 23 89 65 76 11 61 97 74 43 97 77 7 24 72 13 0 35 86 59 97 52 93 80 81 60 84 99 70 48 27 30 56 45 23 68 53 57 85 60 8
60 22 92 95 2 46 23 30 16 38 78 14 42 64 36 43 65 63 71 53 6 82 66 100 73 53 78 55 63 61 88 35 0 45 68 86 39 16 22 11 91 9 51 8 83 12 58 9 71 52 51 34 8 59 26 13
73 20 56 7 5 48 58 100 54 72 73 54 89 43 86 29 55 57 18 38 16 90 54 47 96 28 83 100 13 23 96 86 45 0 61 21 76 20 63 60 48 5 37 27 6 1 20 31 93 28 82 93 79 26 44 99
34 37 12 86 65 21 56 55 86 97 67 96 93 23 48 50 98 64 84 88 32 43 70 51 66 30 22 53 58 70 22 59 68 61 0 6 58 49 11 72 33 84 96 44 7 15 99 94 26 60 73 63 44 78 28 99
66 28 93 81 24 76 35 23 95 30 3 24 44 81 74 34 17 60 76 98 22 80 72 52 89 96 2 27 56 57 34 97 86 21 6 0 36 68 72 41 64 88 93 73 78 88 100 13 4 18 49 21 82 18 76 94
50 45 13 95 39 40 6 82 88 88 85 15 68 28 30 47 93 20 14 58 79 62 95 3 94 80 85 68 37 79 78 52 39 76 58 36 0 59 49 0 12 37 81 100 62 86 75 100 10 46 46 73 54 17 28 60
49 40 21 50 88 88 95 80 85 64 4 42 72 87 70 56 0 76 51 32 91 22 50 98 97 17 29 100 1 6 39 93 16 20 49 68 59 0 48 94 69 42 31 75 55 94 84 100 63 14 47 74 64 64 90 76
86 58 52 17 41 48 51 28 4 38 71 70 91 96 95 69 24 8 35 30 82 93 68 28 48 65 93 56 68 19 100 80 22 63 11 72 49 48 0 15 80 2 41 29 94 65 34 21 12 93 44 75 11 57 66 55
7 93 35 71 54 61 33 3 18 21 41 10 54 89 29 24 48 56 45 14 8 41 68 19 7 0 84 26 43 69 5 81 11 60 72 41 0 94 15 0 8 25 83 15 20 55 17 93 47 3 28 36 66 24 84 16
83 11 41 41 45 17 32 42 11 81 2 95 62 74 90 36 33 87 15 25 28 96 31 22 97 28 35 84 32 9 24 60 91 48 33 64 12 69 80 8 0 15 87 70 32 70 70 71 2 92 69 79 86 71 75 93
19 29 69 35 46 14 9 88 83 30 36 18 7 54 61 31 3 87 31 28 49 75 22 71 84 13 27 82 3 68 58 84 9 5 84 88 37 42 2 25 15 0 18 78 52 88 91 71 49 43 82 74 53 2 34 78
100 45 86 56 38 15 78 10 65 7 96 39 63 92 99 21 81 32 73 49 80 66 64 23 57 56 54 57 50 92 38 99 51 37 96 93 81 31 41 83 87 18 0 79 92 28 92 89 11 99 30 85 87 68 42 17
40 75 32 1 16 7 36 53 85 37 69 28 5 95 92 45 28 66 34 64 21 40 14 26 14 3 72 77 85 5 7 70 8 27 44 73 100 75 29 15 70 78 79 0 17 26 90 13 99 3 58 28 62 87 51 55
14 12 77 18 34 56 94 77 7 80 58 53 74 40 0 86 96 52 35 66 81 5 95 59 9 100 24 72 82 86 14 48 83 6 7 78 62 55 94 20 32 52 92 17 0 21 45 97 36 98 71 29 48 98 37 66
2 94 39 88 55 63 35 88 13 49 97 73 4 90 25 28 51 14 8 16 48 89 33 61 44 18 41 82 53 53 42 27 12 1 15 88 86 94 65 55 70 88 28 26 21 0 51 40 36 96 26 71 14 50 74 11
39 77 35 59 82 33 50 79 26 86 98 68 8 0 17 6 86 2 90 60 16 94 97 97 87 42 2 49 26 85 72 30 58 20 99 100 75 84 34 17 70 91 92 90 45 51 0 82 86 46 38 69 55 17 7 99
26 60 74 48 99 17 3 98 1 23 56 0 35 75 79 87 69 37 77 28 10 43 55 42 30 75 51 100 67 11 50 56 9 31 94 13 100 100 21 93 71 71 89 13 97 40 82 0 93 41 74 89 16 16 18 18
1 81 37 16 55 49 22 97 58 0 9 14 17 27 53 11 12 91 93 5 6 89 92 54 2 9 9 87 88 55 7 45 71 93 26 4 10 63 12 47 2 49 11 99 36 36 86 93 0 60 55 50 92 0 71 64
94 84 48 87 60 64 29 65 46 36 28 48 80 66 70 72 67 1 77 13 16 9 64 92 72 11 6 75 22 100 66 23 52 28 60 18 46 14 93 3 92 43 99 3 98 96 46 41 60 0 17 13 22 25 40 2
53 100 20 32 38 53 25 90 100 77 58 79 0 23 100 4 55 61 75 34 96 41 88 46 65 65 50 63 45 61 87 68 51 82 73 49 46 47 44 28 69 82 30 58 71 26 38 74 55 17 0 63 38 37 51 85
49 83 33 87 70 94 89 37 69 38 10 3 96 92 84 2 56 2 8 73 84 43 1 25 67 3 76 22 84 25 82 53 34 93 63 21 73 74 75 36 79 74 85 28 29 71 69 89 50 13 63 0 75 14 6 70
62 85 2 39 44 44 75 6 57 40 82 3 90 97 40 3 72 35 13 5 53 76 25 62 83 88 64 69 23 3 22 57 8 79 44 82 54 64 11 66 86 53 87 62 48 14 55 16 92 22 38 75 0 91 6 24
26 85 15 1 5 73 99 46 30 62 3 2 57 44 97 22 3 49 63 31 16 58 5 60 36 11 38 9 55 20 87 85 59 26 78 18 17 64 57 24 71 2 68 87 98 50 17 16 0 25 37 14 91 0 33 13
29 89 45 31 100 39 82 37 60 8 31 35 91 78 7 66 44 6 61 96 98 98 33 47 43 8 14 82 21 11 54 60 26 44 28 76 28 90 66 84 75 34 42 51 37 74 7 18 71 40 51 6 6 33 0 20
88 18 82 3 63 80 50 36 11 61 40 72 89 15 93 60 9 20 73 63 26 99 12 28 12 50 48 48 100 5 32 8 13 99 99 94 60 76 55 16 93 78 17 55 66 11 99 18 64 2 85 70 24 13 20 0
