60 4
22 71 67 65 57 94 67 50 62 23 21 52 0 33 66 64 15 70 29 58 22 48 69 34 59 60 63 0 81 94 94 66 30 81 55 14 87 22 38 45 17 69 83 34 48 95 55 30 34 8 73 59 62 59 15 55 37 23 1 65
0 71 30 13 0 36 80 65 91 46 62 31 93 65 45 74 74 78 77 72 97 11 87 35 62 17 9 15 47 90 17 96 47 75 44 97 63 42 7 86 55 7 16 8 4 47 68 93 95 46 3 75 94 38 53 90 64 91 23 3 59
71 0 70 79 91 65 21 57 55 49 99 61 60 81 62 13 74 69 46 73 31 49 16 60 43 44 65 23 98 18 26 7 96 71 32 36 23 42 51 44 31 83 54 38 11 62 92 88 40 72 87 90 6 34 95 3 49 34 55 61 7
30 70 0 65 84 35 68 20 77 26 76 37 10 83 74 93 16 73 44 63 8 85 81 6 8 64 43 47 45 73 79 86 50 98 40 79 27 23 25 91 13 30 63 59 35 34 24 78 17 61 74 36 89 48 75 67 28 77 9 78 41
13 79 65 0 19 20 30 71 23 16 0 82 28 60 70 26 45 0 51 71 14 12 74 89 14 82 3 100 91 90 48 22 78 99 68 31 34 12 36 37 13 42 73 66 86 74 69 24 38 55 2 61 97 49 13 52 66 98 63 29 36
0 91 84 19 0 50 43 38 65 46 28 54 79 32 5 27 20 96 27 0 19 36 51 3 94 88 49 81 58 83 75 75 87 24 15 32 34 6 55 73 1 85 19 91 38 77 70 10 50 94 69 45 97 31 97 91 19 72 90 90 58
36 65 35 20 50 0 74 49 35 7 88 80 90 28 63 8 55 80 53 57 91 46 73 53 40 83 56 34 82 30 13 76 16 1 50 79 87 52 29 31 15 55 89 31 40 58 44 80 82 61 28 16 43 94 31 38 88 61 83 8 35
80 21 68 30 43 74 0 98 93 52 46 94 82 84 63 99 6 81 2 75 9 33 6 65 53 92 74 44 17 12 87 83 26 1 74 85 33 51 0 14 29 1 65 11 43 22 68 73 39 60 36 54 53 12 46 75 21 33 45 35 27
65 57 20 71 38 49 98 0 59 15 68 90 24 56 93 25 51 40 50 61 95 66 35 30 78 33 73 24 49 60 89 20 69 96 40 1 72 82 89 85 73 16 28 59 4 21 50 52 4 73 42 31 1 4 46 63 2 37 4 2 95
91 55 77 23 65 35 93 59 0 61 54 4 25 8 67 7 6 88 73 81 9 87 36 27 72 46 55 4 53 31 81 16 3 62 50 7 69 61 43 4 32 33 17 33 9 18 11 12 83 8 100 87 57 28 5 32 62 22 51 72 42
46 49 26 16 46 7 52 15 61 0 3 12 0 70 14 88 18 48 31 83 25 78 90 4 69 95 30 16 48 48 61 85 79 0 58 91 12 93 86 21 92 3 4 30 45 31 78 89 18 43 5 99 81 91 42 72 13 9 28 35 20
62 99 76 0 28 88 46 68 54 3 0 47 7 78 42 92 50 47 56 66 30 13 79 84 38 28 30 68 17 24 65 91 4 61 60 78 50 44 11 65 0 82 52 93 81 14 13 100 40 90 79 8 35 82 7 21 23 13 91 35 77
31 61 37 82 54 80 94 90 4 12 47 0 95 30 60 41 35 87 67 28 1 2 29 45 84 63 12 15 12 73 36 35 70 4 28 31 62 28 23 17 52 4 2 42 1 11 19 20 17 54 71 97 76 41 70 93 55 53 35 33 77
93 60 10 28 79 90 82 24 25 0 7 95 0 76 76 39 64 33 13 23 15 82 30 39 45 69 4 21 44 18 96 97 4 81 14 90 18 27 15 69 30 61 5 64 35 15 5 4 44 18 62 85 11 55 86 54 42 100 3 8 8
65 81 83 60 32 28 84 56 8 70 78 30 76 0 89 91 83 82 100 12 43 71 22 52 7 34 38 59 81 50 100 73 1 0 37 86 19 1 73 43 2 55 7 84 83 67 94 46 78 27 97 17 24 92 52 97 65 61 42 16 30
45 62 74 70 5 63 63 93 67 14 42 60 76 89 0 42 84 76 32 54 87 87 100 79 100 83 93 48 46 23 21 52 97 52 49 32 23 55 93 11 65 61 21 97 76 74 5 98 71 65 20 91 53 28 65 8 9 21 1 28 6
74 13 93 26 27 8 99 25 7 88 92 41 39 91 42 0 66 44 59 55 37 0 7 76 55 47 56 39 32 15 75 81 37 76 29 95 14 41 1 27 93 7 24 94 22 79 45 84 72 11 51 84 14 42 57 2 47 40 49 16 6
74 74 16 45 20 55 6 51 6 18 50 35 64 83 84 66 0 38 82 38 85 33 79 67 67 2 7 52 67 78 74 40 34 15 90 58 95 68 86 67 75 100 100 33 75 70 10 24 19 56 1 19 42 55 97 60 38 98 16 17 53
78 69 73 0 96 80 81 40 88 48 47 87 33 82 76 44 38 0 41 38 39 15 54 3 89 41 3 50 55 28 59 5 76 76 25 55 46 31 27 84 0 98 67 45 31 89 62 45 53 99 34 7 96 74 73 1 11 71 30 36 28
77 46 44 51 27 53 2 50 73 31 56 67 13 100 32 59 82 41 0 99 94 3 46 47 73 4 30 38 54 83 48 31 48 50 41 8 12 82 35 74 42 71 83 78 31 4 86 23 63 17 75 54 67 58 85 97 46 81 78 73 87
72 73 63 71 0 57 75 61 81 83 66 28 23 12 54 55 38 38 99 0 75 1 25 84 77 27 93 37 94 30 54 94 12 62 49 96 51 58 29 1 10 96 16 13 57 38 33 92 54 67 94 70 10 81 1 13 25 74 92 48 73
97 31 8 14 19 91 9 95 9 25 30 1 15 43 87 37 85 39 94 75 0 95 57 18 75 47 36 26 74 99 73 16 100 25 28 33 53 63 31 47 88 79 65 35 32 83 15 43 50 17 16 84 65 74 26 6 44 70 18 10 71
11 49 85 12 36 46 33 66 87 78 13 2 82 71 87 0 33 15 3 1 95 0 39 4 44 8 44 50 48 41 97 41 71 56 12 24 2 1 42 3 92 69 46 100 28 80 23 32 79 35 35 38 23 42 61 79 83 60 58 62 4
87 16 81 74 51 73 6 35 36 90 79 29 30 22 100 7 79 54 46 25 57 39 0 30 71 39 24 11 80 23 50 13 79 31 29 21 18 92 88 59 97 63 48 40 13 87 25 7 17 34 70 94 68 60 75 30 68 76 8 68 67
35 60 6 89 3 53 65 30 27 4 84 45 39 52 79 76 67 3 47 84 18 4 30 0 73 48 21 92 96 28 14 9 61 25 83 86 84 17 60 62 97 19 13 78 5 63 56 56 51 6 50 11 34 91 26 79 77 47 83 17 46
62 43 8 14 94 40 53 78 72 69 38 84 45 7 100 55 67 89 73 77 75 44 71 73 0 96 6 39 34 91 15 14 78 0 53 99 80 11 23 19 30 13 50 48 86 87 5 28 46 78 97 26 3 57 64 80 92 45 17 31 55
17 44 64 82 88 83 92 33 46 95 28 63 69 34 83 47 2 41 4 27 47 8 39 48 96 0 17 64 5 100 50 22 74 72 47 46 70 100 41 15 38 100 31 17 49 98 69 95 25 19 9 7 64 42 58 52 25 82 47 58 46
9 65 43 3 49 56 74 73 55 30 30 12 4 38 93 56 7 3 30 93 36 44 24 21 6 17 0 1 55 96 91 25 8 57 8 16 74 43 11 54 19 99 24 21 54 18 24 72 15 23 56 14 47 50 81 27 74 72 39 77 50
15 23 47 100 81 34 44 24 4 16 68 15 21 59 48 39 52 50 38 37 26 50 11 92 39 64 1 0 93 43 54 20 55 21 87 82 63 17 57 11 31 43 100 49 67 55 29 36 38 20 87 26 51 12 47 18 28 45 3 8 47
47 98 45 91 58 82 17 49 53 48 17 12 44 81 46 32 67 55 54 94 74 48 80 96 34 5 55 93 0 5 57 56 38 88 3 24 93 81 68 78 5 81 7 82 93 100 79 76 87 35 18 25 100 43 88 1 10 90 76 87 65
90 18 73 90 83 30 12 60 31 48 24 73 18 50 23 15 78 28 83 30 99 41 23 28 91 100 96 43 5 0 16 14 52 55 7 19 47 7 22 41 100 85 97 82 58 36 57 11 78 25 9 33 15 94 64 66 92 93 55 40 73
17 26 79 48 75 13 87 89 81 61 65 36 96 100 21 75 74 59 48 54 73 97 50 14 15 50 91 54 57 16 0 63 94 33 56 21 48 15 53 4 30 91 4 66 96 36 64 28 5 32 97 86 62 57 40 100 44 46 30 72 12
96 7 86 22 75 76 83 20 16 85 91 35 97 73 52 81 40 5 31 94 16 41 13 9 14 22 25 20 56 14 63 0 51 13 40 36 13 22 73 78 33 29 51 32 98 11 100 73 87 2 1 23 3 58 42 11 55 76 68 59 52
47 96 50 78 87 16 26 69 3 79 4 70 4 1 97 37 34 76 48 12 100 71 79 61 78 74 8 55 38 52 94 51 0 99 32 82 61 99 18 80 62 28 54 1 55 61 15 16 33 30 76 66 20 97 89 71 48 56 46 11 26
75 71 98 99 24 1 1 96 62 0 61 4 81 0 52 76 15 76 50 62 25 56 31 25 0 72 57 21 88 55 33 13 99 0 10 40 0 82 61 58 52 68 2 24 15 16 34 66 1 0 5 65 67 74 43 88 67 81 59 38 21
44 32 40 68 15 50 74 40 50 58 60 28 14 37 49 29 90 25 41 49 28 12 29 83 53 47 8 87 3 7 56 40 32 10 0 51 24 30 45 57 53 89 32 46 82 17 17 8 67 43 91 67 16 92 44 71 59 63 29 85 35
97 36 79 31 32 79 85 1 7 91 78 31 90 86 32 95 58 55 8 96 33 24 21 86 99 46 16 82 24 19 21 36 82 40 51 0 63 96 6 15 39 62 77 98 9 61 56 53 40 36 86 51 11 11 50 81 39 28 2 7 51
63 23 27 34 34 87 33 72 69 12 50 62 18 19 23 14 95 46 12 51 53 2 18 84 80 70 74 63 93 47 48 13 61 0 24 63 0 35 29 23 6 48 42 29 87 37 77 90 97 42 98 84 42 47 25 96 3 40 41 41 28
42 42 23 12 6 52 51 82 61 93 44 28 27 1 55 41 68 31 82 58 63 1 92 17 11 100 43 17 81 7 15 22 99 82 30 96 35 0 98 75 28 62 66 92 45 36 44 82 57 44 35 5 79 99 70 36 75 56 47 0 7
7 51 25 36 55 29 0 89 43 86 11 23 15 73 93 1 86 27 35 29 31 42 88 60 23 41 11 57 68 22 53 73 18 61 45 6 29 98 0 35 52 92 37 48 91 16 62 60 69 41 16 26 56 52 4 67 55 10 73 4 35
86 44 91 37 73 31 14 85 4 21 65 17 69 43 11 27 67 84 74 1 47 3 59 62 19 15 54 11 78 41 4 78 80 58 57 15 23 75 35 0 79 0 96 41 46 33 73 34 2 68 27 98 99 68 98 8 64 85 59 16 63
55 31 13 13 1 15 29 73 32 92 0 52 30 2 65 93 75 0 42 10 88 92 97 97 30 38 19 31 5 100 30 33 62 52 53 39 6 28 52 79 0 60 41 5 47 7 50 20 7 8 49 14 62 18 38 64 93 2 34 69 59
7 83 30 42 85 55 1 16 33 3 82 4 61 55 61 7 100 98 71 96 79 69 63 19 13 100 99 43 81 85 91 29 28 68 89 62 48 62 92 0 60 0 58 41 50 88 94 42 41 37 74 89 49 50 48 29 39 88 46 27 78
16 54 63 73 19 89 65 28 17 4 52 2 5 7 21 24 100 67 83 16 65 46 48 13 50 31 24 100 7 97 4 51 54 2 32 77 42 66 37 96 41 58 0 99 25 45 57 26 79 97 63 99 2 94 43 42 50 30 24 79 54
8 38 59 66 91 31 11 59 33 30 93 42 64 84 97 94 33 45 78 13 35 100 40 78 48 17 21 49 82 82 66 32 1 24 46 98 29 92 48 41 5 41 99 0 44 75 34 39 74 17 75 42 11 45 34 7 37 10 16 9 72
4 11 35 86 38 40 43 4 9 45 81 1 35 83 76 22 75 31 31 57 32 28 13 5 86 49 54 67 93 58 96 98 55 15 82 9 87 45 91 46 47 50 25 44 0 100 41 3 98 28 80 3 64 45 13 87 12 72 87 0 0
47 62 34 74 77 58 22 21 18 31 14 11 15 67 74 79 70 89 4 38 83 80 87 63 87 98 18 55 100 36 36 11 61 16 17 61 37 36 16 33 7 88 45 75 100 0 53 82 62 88 40 75 7 35 67 15 40 31 79 23 19
68 92 24 69 70 44 68 50 11 78 13 19 5 94 5 45 10 62 86 33 15 23 25 56 5 69 24 29 79 57 64 100 15 34 17 56 77 44 62 73 50 94 57 34 41 53 0 89 27 54 31 97 99 52 97 37 26 60 33 57 55
93 88 78 24 10 80 73 52 12 89 100 20 4 46 98 84 24 45 23 92 43 32 7 56 28 95 72 36 76 11 28 73 16 66 8 53 90 82 60 34 20 42 26 39 3 82 89 0 39 15 59 23 97 40 79 80 96 87 26 41 27
95 40 17 38 50 82 39 4 83 18 40 17 44 78 71 72 19 53 63 54 50 79 17 51 46 25 15 38 87 78 5 87 33 1 67 40 97 57 69 2 7 41 79 74 98 62 27 39 0 5 24 3 35 39 7 12 83 61 19 17 33
46 72 61 55 94 61 60 73 8 43 90 54 18 27 65 11 56 99 17 67 17 35 34 6 78 19 23 20 35 25 32 2 30 0 43 36 42 44 41 68 8 37 97 17 28 88 54 15 5 0 72 9 0 59 9 43 98 46 31 44 26
3 87 74 2 69 28 36 42 100 5 79 71 62 97 20 51 1 34 75 94 16 35 70 50 97 9 56 87 18 9 97 1 76 5 91 86 98 35 16 27 49 74 63 75 80 40 31 59 24 72 0 37 52 17 21 63 69 17 57 60 68
75 90 36 61 45 16 54 31 87 99 8 97 85 17 91 84 19 7 54 70 84 38 94 11 26 7 14 26 25 33 86 23 66 65 67 51 84 5 26 98 14 89 99 42 3 75 97 23 3 9 37 0 79 62 0 58 72 14 45 25 14
94 6 89 97 97 43 53 1 57 81 35 76 11 24 53 14 42 96 67 10 65 23 68 34 3 64 47 51 100 15 62 3 20 67 16 11 42 79 56 99 62 49 2 11 64 7 99 97 35 0 52 79 0 33 99 6 10 11 39 31 26
38 34 48 49 31 94 12 4 28 91 82 41 55 92 28 42 55 74 58 81 74 42 60 91 57 42 50 12 43 94 57 58 97 74 92 11 47 99 52 68 18 50 94 45 45 35 52 40 39 59 17 62 33 0 80 11 15 50 73 99 0
53 95 75 13 97 31 46 46 5 42 7 70 86 52 65 57 97 73 85 1 26 61 75 26 64 58 81 47 88 64 40 42 89 43 44 50 25 70 4 98 38 48 43 34 13 67 97 79 7 9 21 0 99 80 0 47 9 58 15 11 90
90 3 67 52 91 38 75 63 32 72 21 93 54 97 8 2 60 1 97 13 6 79 30 79 80 52 27 18 1 66 100 11 71 88 71 81 96 36 67 8 64 29 42 7 87 15 37 80 12 43 63 58 6 11 47 0 86 71 42 94 48
64 49 28 66 19 88 21 2 62 13 23 55 42 65 9 47 38 11 46 25 44 83 68 77 92 25 74 28 10 92 44 55 48 67 59 39 3 75 55 64 93 39 50 37 12 40 26 96 83 98 69 72 10 15 9 86 0 37 14 12 95
91 34 77 98 72 61 33 37 22 9 13 53 100 61 21 40 98 71 81 74 70 60 76 47 45 82 72 45 90 93 46 76 56 81 63 28 40 56 10 85 2 88 30 10 72 31 60 87 61 46 17 14 11 50 58 71 37 0 65 48 35
23 55 9 63 90 83 45 4 51 28 91 35 3 42 1 49 16 30 78 92 18 58 8 83 17 47 39 3 76 55 30 68 46 59 29 2 41 47 73 59 34 46 24 16 87 79 33 26 19 31 57 45 39 73 15 42 14 65 0 86 9
3 61 78 29 90 8 35 2 72 35 35 33 8 16 28 16 17 36 73 48 10 62 68 17 31 58 77 8 87 40 72 59 11 38 85 7 41 0 4 16 69 27 79 9 0 23 57 41 17 44 60 25 31 99 11 94 12 48 86 0 13
59 7 41 36 58 35 27 95 42 20 77 77 8 30 6 6 53 28 87 73 71 4 67 46 55 46 50 47 65 73 12 52 26 21 35 51 28 7 35 63 59 78 54 72 0 19 55 27 33 26 68 14 26 0 90 48 95 35 9 13 0
