65 4
5 86 61 7 91 35 92 73 90 21 64 97 28 80 52 92 20 95 13 95 17 5 100 50 49 45 27 85 6 69 87 34 80 86 12 28 86 86 52 91 92 50 92 87 5 99 2 65 88 59 52 31 13 81 71 80 86 94 47 85 90 36 55 20 2
0 2 88 61 2 65 96 51 52 61 86 80 68 71 37 99 16 59 73 31 2 53 52 20 36 30 31 3 6 27 80 76 52 68 92 79 20 40 59 3 24 86 85 19 24 55 97 29 83 99 17 87 17 94 97 70 93 83 72 19 18 39 38 81 48 32
2 0 18 84 41 9 23 9 51 24 49 65 84 50 55 43 71 37 83 97 65 88 62 24 4 77 28 82 18 45 83 57 38 69 51 51 39 70 99 75 24 45 93 81 24 28 54 11 37 89 18 13 17 21 44 100 34 5 88 83 83 37 57 59 29 15
88 18 0 57 58 1 71 26 24 19 45 75 54 64 3 71 79 77 39 89 98 68 53 46 97 53 17 100 30 38 82 61 29 22 52 91 31 14 50 8 32 88 35 61 61 69 88 32 70 64 60 24 91 21 77 71 31 24 86 44 60 44 18 7 69 23
61 84 57 0 26 55 6 2 24 46 73 73 15 15 1 51 19 64 1 61 70 7 93 99 95 20 100 96 23 23 39 64 59 84 1 72 4 61 87 56 100 85 9 43 29 13 77 96 11 54 24 47 23 62 92 3 35 52 15 24 64 45 50 17 60 36
2 41 58 26 0 25 61 49 15 64 20 100 30 96 20 64 74 24 10 100 71 6 23 57 39 18 0 10 47 57 96 8 46 99 13 12 17 29 44 79 26 51 79 43 16 62 14 72 67 35 52 90 72 12 64 18 87 9 62 63 47 27 10 87 65 53
65 9 1 55 25 0 23 6 0 100 96 49 13 33 43 64 75 76 100 67 76 50 44 99 66 31 84 60 2 48 45 95 53 92 55 57 67 37 18 83 0 12 61 23 68 41 100 95 88 73 28 4 56 81 13 52 24 32 61 57 58 94 94 35 57 34
96 23 71 6 61 23 0 27 89 76 79 99 100 14 86 55 57 0 38 4 94 1 81 43 2 56 43 100 48 29 1 60 19 73 69 17 1 64 70 90 72 60 80 27 85 78 24 4 100 25 77 39 85 70 76 92 49 48 95 48 82 32 55 90 50 34
51 9 26 2 49 6 27 0 64 47 52 32 30 92 70 81 13 43 31 66 88 65 25 18 26 22 96 0 92 83 46 39 93 90 96 75 17 42 32 90 42 57 22 95 8 75 38 79 59 49 49 92 20 93 86 17 26 3 50 30 15 35 67 17 78 32
52 51 24 24 15 0 89 64 0 26 90 6 46 94 100 31 29 99 62 88 90 28 38 17 53 82 70 70 78 17 98 79 97 25 32 82 64 95 70 71 39 3 8 5 7 62 59 93 54 51 72 10 9 11 17 32 24 6 91 34 66 80 95 83 23 12
61 24 19 46 64 100 76 47 26 0 55 65 29 91 6 53 17 29 21 27 2 62 0 67 58 92 76 19 83 65 26 79 49 19 14 68 26 61 1 85 14 26 12 81 94 50 77 14 64 87 100 34 11 55 64 5 23 88 99 14 73 9 85 22 90 67
86 49 45 73 20 96 79 52 90 55 0 16 22 24 37 27 44 64 90 36 11 71 26 45 59 20 94 16 10 60 23 83 76 2 83 1 69 55 87 74 44 94 60 90 23 10 71 7 72 19 20 1 74 54 61 6 68 93 23 91 12 30 62 44 68 19
80 65 75 73 100 49 99 32 6 65 16 0 35 77 14 46 23 42 73 66 2 56 16 99 78 84 17 52 91 16 42 77 16 97 8 39 59 36 90 15 91 1 65 65 3 30 10 57 11 87 57 55 86 20 54 60 61 73 57 42 72 61 6 32 25 10
68 84 54 15 30 13 100 30 46 29 22 35 0 75 31 91 2 63 69 20 10 68 46 80 6 42 45 80 99 86 95 92 25 12 82 62 12 1 13 36 46 68 54 73 1 19 41 39 30 6 64 65 70 0 72 4 52 75 12 68 72 12 47 88 5 57
71 50 64 15 96 33 14 92 94 91 24 77 75 0 3 94 28 48 9 14 18 87 59 42 2 28 54 94 5 0 80 6 50 89 31 39 16 30 5 78 2 44 63 16 64 86 21 12 96 65 82 5 37 23 52 2 73 76 56 45 26 36 47 83 8 92
37 55 3 1 20 43 86 70 100 6 37 14 31 3 0 21 48 67 44 11 82 3 82 28 24 45 69 29 19 95 47 45 89 60 65 0 57 12 98 65 78 73 92 67 25 99 62 47 3 18 10 26 16 33 14 100 56 60 16 54 97 66 53 50 64 73
99 43 71 51 64 64 55 81 31 53 27 46 91 94 21 0 77 53 58 64 62 85 36 36 87 23 92 35 75 66 40 92 11 66 30 70 43 50 0 18 19 23 22 8 96 29 61 28 22 45 35 84 34 56 46 23 33 74 31 83 53 26 19 25 52 57
16 71 79 19 74 75 57 13 29 17 44 23 2 28 48 77 0 52 57 20 77 4 6 12 13 96 52 23 66 39 91 71 89 90 24 77 11 68 4 70 28 28 79 79 18 56 58 91 9 88 94 52 95 40 23 39 42 35 23 42 66 38 86 27 99 42
59 37 77 64 24 76 0 43 99 29 64 42 63 48 67 53 52 0 86 76 93 86 92 5 11 49 56 73 3 94 16 6 77 42 98 17 50 73 84 42 58 41 83 25 85 37 51 74 11 65 86 1 17 67 29 97 56 74 37 10 8 63 32 86 86 43
73 83 39 1 10 100 38 31 62 21 90 73 69 9 44 58 57 86 0 12 53 8 75 27 55 39 60 36 58 13 74 100 71 93 13 45 97 78 65 50 57 3 7 69 52 61 64 9 74 31 50 50 66 50 47 74 27 40 98 89 29 61 18 52 55 26
31 97 89 61 100 67 4 66 88 27 36 66 20 14 11 64 20 76 12 0 29 20 32 89 16 7 90 50 44 80 16 69 37 79 8 37 93 5 12 19 24 0 99 79 29 63 12 14 82 38 57 19 79 16 4 2 0 78 35 89 93 18 9 71 32 92
2 65 98 70 71 76 94 88 90 2 11 2 10 18 82 62 77 93 53 29 0 37 86 19 60 48 49 47 49 50 20 55 36 97 65 11 51 48 56 59 93 68 48 0 31 34 0 53 23 75 98 41 22 6 10 60 24 49 32 24 1 60 40 42 95 8
53 88 68 7 6 50 1 65 28 62 71 56 68 87 3 85 4 86 8 20 37 0 8 68 52 31 38 78 32 43 48 57 69 4 42 67 36 6 54 46 74 62 42 89 56 72 30 15 45 4 70 80 91 36 19 1 82 10 40 78 18 82 29 88 47 6
52 62 53 93 23 44 81 25 38 0 26 16 46 59 82 36 6 92 75 32 86 8 0 50 35 71 94 2 79 85 26 20 13 96 22 55 3 50 20 77 86 59 56 78 84 86 24 33 54 48 32 15 98 2 32 12 63 63 28 52 78 77 25 28 6 87
20 24 46 99 57 99 43 18 17 67 45 99 80 42 28 36 12 5 27 89 19 68 50 0 58 91 76 82 28 82 6 24 89 84 16 9 4 31 78 11 79 6 50 41 37 36 3 18 2 21 15 26 91 59 7 86 58 30 3 1 36 58 26 48 16 16
36 4 97 95 39 66 2 26 53 58 59 78 6 2 24 87 13 11 55 16 60 52 35 58 0 67 86 27 72 46 59 41 36 15 23 55 19 93 64 7 13 59 7 75 63 67 39 85 18 18 79 98 40 10 16 3 72 11 99 52 26 79 86 54 61 78
30 77 53 20 18 31 56 22 82 92 20 84 42 28 45 23 96 49 39 7 48 31 71 91 67 0 94 37 72 54 84 3 13 4 53 42 54 14 76 29 49 48 42 83 36 29 88 58 36 2 85 70 65 29 41 71 39 68 42 78 97 48 0 77 16 79
31 28 17 100 0 84 43 96 70 76 94 17 45 54 69 92 52 56 60 90 49 38 94 76 86 94 0 69 25 84 35 32 48 20 96 43 23 42 55 46 40 65 74 18 30 54 56 76 75 69 80 4 69 36 8 29 57 38 10 31 100 78 8 81 83 23
3 82 100 96 10 60 100 0 70 19 16 52 80 94 29 35 23 73 36 50 47 78 2 82 27 37 69 0 18 34 24 83 35 62 96 73 38 66 98 6 86 62 86 72 19 42 40 62 52 100 4 74 99 82 50 47 66 52 7 50 82 13 70 79 11 99
6 18 30 23 47 2 48 92 78 83 10 91 99 5 19 75 66 3 58 44 49 32 79 28 72 72 25 18 0 71 55 81 77 9 87 72 51 58 22 94 28 78 66 48 81 37 26 65 44 5 55 28 10 37 58 84 34 36 1 0 25 97 70 15 3 87
27 45 38 23 57 48 29 83 17 65 60 16 86 0 95 66 39 94 13 80 50 43 85 82 46 54 84 34 71 0 55 77 57 98 18 19 38 10 74 85 12 26 87 42 72 7 29 12 84 99 15 65 22 77 41 70 69 0 54 39 35 14 74 60 31 68
80 83 82 39 96 45 1 46 98 26 23 42 95 80 47 40 91 16 74 16 20 48 26 6 59 84 35 24 55 55 0 97 87 66 17 82 40 24 16 84 18 8 36 93 75 94 58 92 69 99 5 76 13 70 57 34 33 96 35 26 51 60 100 53 43 15
76 57 61 64 8 95 60 39 79 79 83 77 92 6 45 92 71 6 100 69 55 57 20 24 41 3 32 83 81 77 97 0 85 11 68 31 10 24 94 59 66 20 43 60 27 77 2 49 98 70 85 21 58 42 64 58 30 27 32 19 92 79 10 83 2 48
52 38 29 59 46 53 19 93 97 49 76 16 25 50 89 11 89 77 71 37 36 69 13 89 36 13 48 35 77 57 87 85 0 45 67 69 20 69 7 23 95 55 13 90 22 23 94 68 4 61 58 3 79 89 7 55 26 14 44 79 97 98 61 94 9 66
68 69 22 84 99 92 73 90 25 19 2 97 12 89 60 66 90 42 93 79 97 4 96 84 15 4 20 62 9 98 66 11 45 0 25 80 68 72 4 10 19 91 23 29 4 94 13 66 53 27 10 21 19 50 26 62 88 24 91 51 38 76 91 50 92 81
92 51 52 1 13 55 69 96 32 14 83 8 82 31 65 30 24 98 13 8 65 42 22 16 23 53 96 96 87 18 17 68 67 25 0 62 22 80 6 95 20 39 66 5 97 19 73 84 44 87 13 32 11 7 52 61 43 70 49 65 69 81 63 63 35 22
79 51 91 72 12 57 17 75 82 68 1 39 62 39 0 70 77 17 45 37 11 67 55 9 55 42 43 73 72 19 82 31 69 80 62 0 60 56 87 82 62 53 88 77 42 1 80 22 96 17 79 15 11 9 14 50 24 39 98 41 18 19 100 37 57 8
20 39 31 4 17 67 1 17 64 26 69 59 12 16 57 43 11 50 97 93 51 36 3 4 19 54 23 38 51 38 40 10 20 68 22 60 0 9 81 74 7 51 27 48 21 38 31 14 31 74 3 46 8 70 48 63 72 37 35 44 73 6 31 67 37 66
40 70 14 61 29 37 64 42 95 61 55 36 1 30 12 50 68 73 78 5 48 6 50 31 93 14 42 66 58 10 24 24 69 72 80 56 9 0 27 14 10 36 53 56 76 56 90 51 66 12 27 49 29 68 39 35 8 14 25 71 100 91 95 5 20 86
59 99 50 87 44 18 70 32 70 1 87 90 13 5 98 0 4 84 65 12 56 54 20 78 64 76 55 98 22 74 16 94 7 4 6 87 81 27 0 44 32 92 38 56 3 59 90 28 68 62 26 57 84 62 53 24 27 87 46 59 34 16 93 76 83 38
3 75 8 56 79 83 90 90 71 85 74 15 36 78 65 18 70 42 50 19 59 46 77 11 7 29 46 6 94 85 84 59 23 10 95 82 74 14 44 0 86 12 37 73 24 96 20 46 25 90 77 67 14 3 33 64 32 84 68 22 73 30 49 100 59 27
24 24 32 100 26 0 72 42 39 14 44 91 46 2 78 19 28 58 57 24 93 74 86 79 13 49 40 86 28 12 18 66 95 19 20 62 7 10 32 86 0 95 15 37 81 84 29 67 15 79 11 67 0 6 28 33 68 26 3 30 75 11 84 41 47 79
86 45 88 85 51 12 60 57 3 26 94 1 68 44 73 23 28 41 3 0 68 62 59 6 59 48 65 62 78 26 8 20 55 91 39 53 51 36 92 12 95 0 15 58 30 41 0 100 63 14 39 69 32 22 75 52 86 13 45 64 99 64 81 63 36 27
85 93 35 9 79 61 80 22 8 12 60 65 54 63 92 22 79 83 7 99 48 42 56 50 7 42 74 86 66 87 36 43 13 23 66 88 27 53 38 37 15 15 0 40 32 27 78 82 67 53 93 20 54 34 12 75 76 3 33 48 61 94 22 14 89 85
19 81 61 43 43 23 27 95 5 81 90 65 73 16 67 8 79 25 69 79 0 89 78 41 75 83 18 72 48 42 93 60 90 29 5 77 48 56 56 73 37 58 40 0 86 47 85 8 97 68 86 25 14 15 37 92 16 53 31 80 88 81 59 79 13 26
24 24 61 29 16 68 85 8 7 94 23 3 1 64 25 96 18 85 52 29 31 56 84 37 63 36 30 19 81 72 75 27 22 4 97 42 21 76 3 24 81 30 32 86 0 14 35 9 56 70 61 31 22 31 73 83 27 28 80 62 73 57 7 80 100 15
55 28 69 13 62 41 78 75 62 50 10 30 19 86 99 29 56 37 61 63 34 72 86 36 67 29 54 42 37 7 94 77 23 94 19 1 38 56 59 96 84 41 27 47 14 0 72 5 2 32 57 24 10 78 4 62 53 36 32 68 86 62 98 49 87 90
97 54 88 77 14 100 24 38 59 77 71 10 41 21 62 61 58 51 64 12 0 30 24 3 39 88 56 40 26 29 58 2 94 13 73 80 31 90 90 20 29 0 78 85 35 72 0 79 99 9 22 94 44 94 19 8 83 55 74 97 37 69 51 94 83 76
29 11 32 96 72 95 4 79 93 14 7 57 39 12 47 28 91 74 9 14 53 15 33 18 85 58 76 62 65 12 92 49 68 66 84 22 14 51 28 46 67 100 82 8 9 5 79 0 66 94 67 48 97 54 77 77 75 17 0 64 32 25 58 83 88 96
83 37 70 11 67 88 100 59 54 64 72 11 30 96 3 22 9 11 74 82 23 45 54 2 18 36 75 52 44 84 69 98 4 53 44 96 31 66 68 25 15 63 67 97 56 2 99 66 0 50 80 84 76 73 61 35 11 95 39 77 18 42 65 76 38 95
99 89 64 54 35 73 25 49 51 87 19 87 6 65 18 45 88 65 31 38 75 4 48 21 18 2 69 100 5 99 99 70 61 27 87 17 74 12 62 90 79 14 53 68 70 32 9 94 50 0 63 80 35 84 46 74 100 84 21 33 52 20 44 43 37 70
17 18 60 24 52 28 77 49 72 100 20 57 64 82 10 35 94 86 50 57 98 70 32 15 79 85 80 4 55 15 5 85 58 10 13 79 3 27 26 77 11 39 93 86 61 57 22 67 80 63 0 42 91 48 41 52 97 100 12 29 89 100 54 20 32 19
87 13 24 47 90 4 39 92 10 34 1 55 65 5 26 84 52 1 50 19 41 80 15 26 98 70 4 74 28 65 76 21 3 21 32 15 46 49 57 67 67 69 20 25 31 24 94 48 84 80 42 0 96 6 74 69 43 81 34 95 11 62 0 89 79 28
17 17 91 23 72 56 85 20 9 11 74 86 70 37 16 34 95 17 66 79 22 91 98 91 40 65 69 99 10 22 13 58 79 19 11 11 8 29 84 14 0 32 54 14 22 10 44 97 76 35 91 96 0 0 99 61 95 17 22 7 6 100 31 6 93 65
94 21 21 62 12 81 70 93 11 55 54 20 0 23 33 56 40 67 50 16 6 36 2 59 10 29 36 82 37 77 70 42 89 50 7 9 70 68 62 3 6 22 34 15 31 78 94 54 73 84 48 6 0 0 47 88 52 95 83 58 55 11 19 10 98 77
97 44 77 92 64 13 76 86 17 64 61 54 72 52 14 46 23 29 47 4 10 19 32 7 16 41 8 50 58 41 57 64 7 26 52 14 48 39 53 33 28 75 12 37 73 4 19 77 61 46 41 74 99 47 0 35 42 96 80 90 53 35 64 1 81 39
70 100 71 3 18 52 92 17 32 5 6 60 4 2 100 23 39 97 74 2 60 1 12 86 3 71 29 47 84 70 34 58 55 62 61 50 63 35 24 64 33 52 75 92 83 62 8 77 35 74 52 69 61 88 35 0 13 64 32 16 11 93 88 75 63 54
93 34 31 35 87 24 49 26 24 23 68 61 52 73 56 33 42 56 27 0 24 82 63 58 72 39 57 66 34 69 33 30 26 88 43 24 72 8 27 32 68 86 76 16 27 53 83 75 11 100 97 43 95 52 42 13 0 77 15 70 37 38 30 54 52 92
83 5 24 52 9 32 48 3 6 88 93 73 75 76 60 74 35 74 40 78 49 10 63 30 11 68 38 52 36 0 96 27 14 24 70 39 37 14 87 84 26 13 3 53 28 36 55 17 95 84 100 81 17 95 96 64 77 0 10 76 15 10 89 26 19 56
72 88 86 15 62 61 95 50 91 99 23 57 12 56 16 31 23 37 98 35 32 40 28 3 99 42 10 7 1 54 35 32 44 91 49 98 35 25 46 68 3 45 33 31 80 32 74 0 39 21 12 34 22 83 80 32 15 10 0 72 13 83 7 24 63 21
19 83 44 24 63 57 48 30 34 14 91 42 68 45 54 83 42 10 89 89 24 78 52 1 52 78 31 50 0 39 26 19 79 51 65 41 44 71 59 22 30 64 48 80 62 68 97 64 77 33 29 95 7 58 90 16 70 76 72 0 44 11 69 81 99 57
18 83 60 64 47 58 82 15 66 73 12 72 72 26 97 53 66 8 29 93 1 18 78 36 26 97 100 82 25 35 51 92 97 38 69 18 73 100 34 73 75 99 61 88 73 86 37 32 18 52 89 11 6 55 53 11 37 15 13 44 0 16 71 50 0 88
39 37 44 45 27 94 32 35 80 9 30 61 12 36 66 26 38 63 61 18 60 82 77 58 79 48 78 13 97 14 60 79 98 76 81 19 6 91 16 30 11 64 94 81 57 62 69 25 42 20 100 62 100 11 35 93 38 10 83 11 16 0 60 64 2 98
38 57 18 50 10 94 55 67 95 85 62 6 47 47 53 19 86 32 18 9 40 29 25 26 86 0 8 70 70 74 100 10 61 91 63 100 31 95 93 49 84 81 22 59 7 98 51 58 65 44 54 0 31 19 64 88 30 89 7 69 71 60 0 34 88 21
81 59 7 17 87 35 90 17 83 22 44 32 88 83 50 25 27 86 52 71 42 88 28 48 54 77 81 79 15 60 53 83 94 50 63 37 67 5 76 100 41 63 14 79 80 49 94 83 76 43 20 89 6 10 1 75 54 26 24 81 50 64 34 0 51 95
48 29 69 60 65 57 50 78 23 90 68 25 5 8 64 52 99 86 55 32 95 47 6 16 61 16 83 11 3 31 43 2 9 92 35 57 37 20 83 59 47 36 89 13 100 87 83 88 38 37 32 79 93 98 81 63 52 19 63 99 0 2 88 51 0 98
32 15 23 36 53 34 34 32 12 67 19 10 57 92 73 57 42 43 26 92 8 6 87 16 78 79 23 99 87 68 15 48 66 81 22 8 66 86 38 27 79 27 85 26 15 90 76 96 95 70 19 28 65 77 39 54 92 56 21 57 88 98 21 95 98 0
