70 4
22 26 46 54 20 66 25 90 81 23 16 85 49 94 75 2 100 22 90 3 91 85 83 57 82 48 95 98 84 21 71 59 46 85 89 6 13 73 59 45 87 17 8 49 54 59 38 9 72 20 84 6 1 44 83 40 80 79 64 79 51 83 73 15 76 55 7 96 26 40
0 52 31 29 2 7 22 91 3 54 27 45 11 100 35 70 67 70 73 62 98 37 97 50 64 29 28 31 32 31 84 43 44 40 14 67 8 91 19 98 76 75 41 29 8 63 62 37 88 42 58 6 74 56 63 64 51 87 21 85 8 70 4 44 21 4 71 39 97 96 45
52 0 80 40 75 12 22 76 30 23 36 90 96 92 28 36 36 5 40 40 73 74 83 69 23 76 9 13 64 53 43 52 41 70 68 25 19 77 6 40 45 61 65 69 67 83 11 65 55 1 57 71 85 24 46 37 24 48 52 18 39 74 39 57 11 47 69 31 36 77 27
31 80 0 86 23 35 65 4 75 92 3 24 11 37 18 14 43 79 97 29 18 16 89 67 50 16 45 88 89 99 4 21 64 29 75 16 91 9 41 10 4 91 37 25 45 80 41 61 78 93 59 83 54 42 5 32 71 55 0 71 51 1 98 91 80 2 88 18 92 51 0
29 40 86 0 60 11 16 94 23 33 64 34 31 5 30 27 19 33 96 54 2 15 73 30 63 94 62 18 69 31 75 45 85 65 64 30 57 24 13 57 42 78 68 77 85 88 49 99 89 28 39 38 45 39 26 47 37 46 71 22 56 44 84 87 13 54 78 71 99 32 29
2 75 23 60 0 28 8 94 63 40 26 9 86 72 12 83 99 3 75 94 69 22 13 85 87 5 88 4 68 18 5 25 59 87 61 71 45 49 81 54 81 96 57 99 53 83 23 100 5 47 49 72 56 34 0 23 64 59 3 28 15 62 72 0 11 74 14 33 59 20 58
7 12 35 11 28 0 4 58 29 94 56 49 53 12 25 24 96 55 1 63 68 29 46 75 26 59 23 85 57 72 98 43 67 53 82 41 38 7 37 48 98 78 77 56 83 49 99 92 60 79 46 78 10 75 0 5 40 71 59 4 34 39 15 45 26 79 60 17 28 4 75
22 22 65 16 8 4 0 47 75 54 100 67 7 44 44 93 3 50 48 91 15 64 9 7 98 23 40 8 36 26 60 100 53 6 20 72 13 75 14 25 6 98 82 52 43 47 86 13 23 87 39 64 53 93 83 55 16 31 58 76 81 51 31 2 0 6 36 45 43 75 72
91 76 4 94 94 58 47 0 23 79 29 77 72 66 6 86 75 33 73 35 73 18 78 70 28 99 20 66 73 74 85 87 73 79 78 22 17 77 40 13 6 55 62 0 90 20 85 3 63 43 16 85 79 80 72 91 81 16 22 38 29 46 92 69 65 0 48 73 28 66 32
3 30 75 23 63 29 75 23 0 89 30 50 50 23 44 57 23 7 93 32 96 55 13 35 70 87 67 88 23 51 86 34 68 70 50 91 26 53 6 50 54 52 9 46 78 28 76 34 17 54 79 63 1 47 30 9 81 56 33 99 17 16 54 63 15 27 56 2 88 42 43
54 23 92 33 40 94 54 79 89 0 46 48 67 72 87 97 28 5 69 72 18 27 7 7 66 37 69 68 32 59 94 55 39 78 10 0 16 87 70 78 49 3 97 23 41 77 66 20 2 31 54 27 67 82 66 87 70 2 71 31 39 24 91 66 26 46 32 68 18 72 75
27 36 3 64 26 56 100 29 30 46 0 90 31 77 82 31 19 72 39 7 78 2 32 76 11 88 60 23 76 97 17 30 26 2 36 0 29 28 75 49 82 16 87 80 77 27 78 71 14 26 16 73 79 0 87 26 86 13 25 0 68 66 58 14 31 37 27 86 54 99 0
45 90 24 34 9 49 67 77 50 48 90 0 20 81 74 79 28 82 46 47 51 35 37 19 78 45 52 22 17 3 59 47 86 95 35 85 61 68 32 23 68 47 15 89 50 71 38 78 26 92 36 10 97 46 55 43 11 87 84 18 32 53 27 80 27 87 7 12 3 0 38
11 96 11 31 86 53 7 72 50 67 31 20 0 47 63 12 96 36 91 69 6 88 65 77 18 60 59 49 94 40 62 21 59 75 80 11 3 35 85 67 16 39 48 9 92 70 19 31 71 8 41 80 91 70 7 20 21 78 87 73 11 50 87 84 96 24 0 38 93 26 13
100 92 37 5 72 12 44 66 23 72 77 81 47 0 6 95 83 83 48 73 68 81 90 77 34 14 91 6 96 49 85 51 15 47 25 58 12 50 45 16 83 84 46 94 28 8 55 20 6 22 86 29 96 59 63 7 71 58 29 62 41 25 43 41 1 65 26 100 25 37 41
35 28 18 30 12 25 44 6 44 87 82 74 63 6 0 3 28 24 71 63 90 56 88 87 75 37 42 77 27 81 58 81 31 43 77 66 27 76 86 42 96 41 68 90 31 18 91 26 35 89 76 57 96 23 91 34 43 98 31 95 83 33 53 44 76 93 70 15 44 94 60
70 36 14 27 83 24 93 86 57 97 31 79 12 95 3 0 89 56 84 82 35 41 72 71 65 41 18 13 4 93 58 32 88 14 0 71 72 51 46 74 49 83 4 48 22 63 12 18 15 33 65 17 23 19 86 15 30 54 55 73 53 62 7 61 26 31 10 66 74 44 19
67 36 43 19 99 96 3 75 23 28 19 28 96 83 28 89 0 57 60 52 99 3 82 22 78 56 39 74 1 56 46 95 83 60 47 92 65 15 35 69 92 21 70 19 68 91 68 51 73 37 45 67 48 78 7 80 41 79 30 99 91 0 6 38 80 12 73 35 74 69 67
70 5 79 33 3 55 50 33 7 5 72 82 36 83 24 56 57 0 88 30 20 67 50 56 77 17 74 10 72 69 27 88 37 24 12 98 81 36 92 85 95 67 2 4 91 11 78 78 66 27 92 8 20 26 45 64 79 34 11 37 71 98 66 37 93 9 26 3 83 90 6
73 40 97 96 75 1 48 73 93 69 39 46 91 48 71 84 60 88 0 66 68 56 97 93 45 43 8 62 39 7 94 73 78 28 69 47 83 8 29 56 4 82 7 12 18 47 75 24 68 60 62 46 1 99 45 23 68 12 46 48 16 89 71 26 80 48 27 57 86 33 41
62 40 29 54 94 63 91 35 32 72 7 47 69 73 63 82 52 30 66 0 36 55 56 76 57 74 31 99 49 89 63 59 68 35 85 33 46 90 7 76 45 57 74 79 47 25 59 87 27 43 16 47 24 17 63 80 76 25 88 18 67 42 74 4 97 63 3 13 99 87 66
98 73 18 2 69 68 15 73 96 18 78 51 6 68 90 35 99 20 68 36 0 97 65 6 50 99 95 51 38 97 74 66 74 82 94 16 13 70 1 6 36 74 59 50 29 13 24 1 47 6 62 48 83 63 87 99 35 5 76 37 6 12 68 26 28 52 65 88 11 26 17
37 74 16 15 22 29 64 18 55 27 2 35 88 81 56 41 3 67 56 55 97 0 84 35 93 17 13 22 13 37 67 71 33 33 50 46 45 50 83 82 51 39 27 36 46 97 63 84 3 68 82 14 36 43 36 32 2 74 81 75 42 20 90 10 33 84 6 30 37 6 56
97 83 89 73 13 46 9 78 13 7 32 37 65 90 88 72 82 50 97 56 65 84 0 48 93 28 53 32 54 57 51 30 14 63 58 40 83 30 96 51 83 93 36 90 33 36 23 47 43 22 49 32 26 100 62 23 83 85 51 99 90 63 17 59 0 46 95 36 17 17 71
50 69 67 30 85 75 7 70 35 7 76 19 77 77 87 71 22 56 93 76 6 35 48 0 77 92 32 50 85 42 71 91 38 70 70 95 81 61 39 70 38 90 96 52 10 47 39 5 15 94 37 89 32 61 82 46 38 38 76 85 1 28 85 84 1 30 80 75 66 29 87
64 23 50 63 87 26 98 28 70 66 11 78 18 34 75 65 78 77 45 57 50 93 93 77 0 82 57 65 2 32 50 86 19 48 47 20 20 46 89 60 93 19 90 73 30 41 44 38 80 94 36 44 31 28 55 59 34 44 20 97 99 47 97 85 61 81 33 7 78 71 17
29 76 16 94 5 59 23 99 87 37 88 45 60 14 37 41 56 17 43 74 99 17 28 92 82 0 26 9 15 96 29 82 47 100 34 90 93 76 81 33 4 25 83 34 52 96 35 92 81 17 90 0 63 5 97 82 71 81 30 96 77 4 77 68 40 94 71 100 75 71 12
28 9 45 62 88 23 40 20 67 69 60 52 59 91 42 18 39 74 8 31 95 13 53 32 57 26 0 41 4 84 76 89 11 43 64 32 6 10 19 4 75 30 87 24 60 1 70 33 46 23 60 7 60 13 34 82 39 26 30 94 95 87 72 88 31 43 26 10 14 45 5
31 13 88 18 4 85 8 66 88 68 23 22 49 6 77 13 74 10 62 99 51 22 32 50 65 9 41 0 69 61 39 9 24 88 68 88 3 79 36 99 19 94 17 26 76 56 9 11 62 2 94 79 9 81 76 26 44 55 3 79 82 96 80 95 24 88 76 15 81 69 49
32 64 89 69 68 57 36 73 23 32 76 17 94 96 27 4 1 72 39 49 38 13 54 85 2 15 4 69 0 54 67 54 95 42 4 22 3 5 69 77 2 26 61 36 95 55 80 9 87 2 10 84 98 13 25 73 1 85 16 80 100 7 0 20 7 10 78 52 25 5 43
31 53 99 31 18 72 26 74 51 59 97 3 40 49 81 93 56 69 7 89 97 37 57 42 32 96 84 61 54 0 82 59 25 72 47 73 89 89 43 25 96 87 92 84 59 77 78 98 81 90 8 54 19 96 47 45 76 75 60 14 2 90 98 5 5 75 47 45 64 22 73
84 43 4 75 5 98 60 85 86 94 17 59 62 85 58 58 46 27 94 63 74 67 51 71 50 29 76 39 67 82 0 94 26 45 4 97 12 91 6 95 12 94 29 22 16 57 74 17 33 55 68 37 15 42 17 15 53 63 46 83 54 9 23 22 50 10 3 12 83 2 23
43 52 21 45 25 43 100 87 34 55 30 47 21 51 81 32 95 88 73 59 66 71 30 91 86 82 89 9 54 59 94 0 41 44 75 37 43 95 80 30 38 14 69 83 70 78 12 64 92 9 97 72 89 28 12 6 96 61 30 66 12 34 46 96 85 82 33 50 3 57 31
44 41 64 85 59 67 53 73 68 39 26 86 59 15 31 88 83 37 78 68 74 33 14 38 19 47 11 24 95 25 26 41 0 66 46 12 74 81 71 93 47 15 61 81 51 12 82 74 67 31 22 72 15 3 73 11 74 87 55 88 33 89 56 58 36 44 34 52 18 65 4
40 70 29 65 87 53 6 79 70 78 2 95 75 47 43 14 60 24 28 35 82 33 63 70 48 100 43 88 42 72 45 44 66 0 30 8 40 98 51 95 34 38 58 41 11 69 88 35 43 33 69 37 16 77 39 58 81 2 28 74 24 45 8 40 27 67 54 32 26 3 22
14 68 75 64 61 82 20 78 50 10 36 35 80 25 77 0 47 12 69 85 94 50 58 70 47 34 64 68 4 47 4 75 46 30 0 88 68 48 45 100 52 71 42 82 34 58 94 75 44 24 64 3 21 28 22 58 51 79 82 90 29 70 92 43 99 63 19 49 32 23 74
67 25 16 30 71 41 72 22 91 0 0 85 11 58 66 71 92 98 47 33 16 46 40 95 20 90 32 88 22 73 97 37 12 8 88 0 62 39 35 65 60 18 37 17 41 100 59 95 9 20 95 28 91 84 92 56 45 15 66 14 91 87 14 71 10 21 79 100 93 63 45
8 19 91 57 45 38 13 17 26 16 29 61 3 12 27 72 65 81 83 46 13 45 83 81 20 93 6 3 3 89 12 43 74 40 68 62 0 72 10 100 90 52 4 27 71 49 96 97 23 59 51 1 77 42 32 83 27 68 69 14 30 51 52 87 27 72 88 49 19 37 50
91 77 9 24 49 7 75 77 53 87 28 68 35 50 76 51 15 36 8 90 70 50 30 61 46 76 10 79 5 89 91 95 81 98 48 39 72 0 51 33 65 29 57 63 81 67 57 54 26 29 87 61 9 33 35 40 37 62 67 74 4 26 97 45 97 1 63 6 26 89 70
19 6 41 13 81 37 14 40 6 70 75 32 85 45 86 46 35 92 29 7 1 83 96 39 89 81 19 36 69 43 6 80 71 51 45 35 10 51 0 27 20 78 45 41 99 25 33 53 30 21 48 51 17 90 97 54 8 87 81 58 31 28 31 90 59 48 2 57 97 94 97
98 40 10 57 54 48 25 13 50 78 49 23 67 16 42 74 69 85 56 76 6 82 51 70 60 33 4 99 77 25 95 30 93 95 100 65 100 33 27 0 56 10 21 6 30 33 74 77 70 54 72 55 20 11 2 5 93 79 76 33 53 9 74 49 46 83 0 36 25 81 33
76 45 4 42 81 98 6 6 54 49 82 68 16 83 96 49 92 95 4 45 36 51 83 38 93 4 75 19 2 96 12 38 47 34 52 60 90 65 20 56 0 36 11 31 78 70 27 17 53 54 63 56 58 96 26 47 94 75 23 14 0 58 37 87 17 15 19 53 3 26 64
75 61 91 78 96 78 98 55 52 3 16 47 39 84 41 83 21 67 82 57 74 39 93 90 19 25 30 94 26 87 94 14 15 38 71 18 52 29 78 10 36 0 95 44 93 32 15 85 52 7 20 46 1 92 92 3 51 72 27 33 51 28 73 70 46 42 100 90 88 12 46
41 65 37 68 57 77 82 62 9 97 87 15 48 46 68 4 70 2 7 74 59 27 36 96 90 83 87 17 61 92 29 69 61 58 42 37 4 57 45 21 11 95 0 84 57 95 85 48 38 73 37 8 65 85 22 88 14 2 86 72 52 100 90 48 48 13 73 40 60 56 49
29 69 25 77 99 56 52 0 46 23 80 89 9 94 90 48 19 4 12 79 50 36 90 52 73 34 24 26 36 84 22 83 81 41 82 17 27 63 41 6 31 44 84 0 27 42 70 93 66 49 70 2 97 96 97 34 5 59 85 77 50 79 72 73 63 14 25 98 3 17 37
8 67 45 85 53 83 43 90 78 41 77 50 92 28 31 22 68 91 18 47 29 46 33 10 30 52 60 76 95 59 16 70 51 11 34 41 71 81 99 30 78 93 57 27 0 72 66 0 4 19 21 47 98 43 58 45 34 91 78 42 91 5 57 80 93 19 18 23 40 52 66
63 83 80 88 83 49 47 20 28 77 27 71 70 8 18 63 91 11 47 25 13 97 36 47 41 96 1 56 55 77 57 78 12 69 58 100 49 67 25 33 70 32 95 42 72 0 45 64 21 3 67 34 70 33 5 55 83 96 47 41 71 26 25 12 25 42 92 4 48 90 88
62 11 41 49 23 99 86 85 76 66 78 38 19 55 91 12 68 78 75 59 24 63 23 39 44 35 70 9 80 78 74 12 82 88 94 59 96 57 33 74 27 15 85 70 66 45 0 91 9 15 2 36 18 59 72 49 36 98 50 18 40 5 60 91 10 73 71 34 1 27 87
37 65 61 99 100 92 13 3 34 20 71 78 31 20 26 18 51 78 24 87 1 84 47 5 38 92 33 11 9 98 17 64 74 35 75 95 97 54 53 77 17 85 48 93 0 64 91 0 96 44 16 76 45 65 21 34 90 9 14 61 85 63 55 27 76 10 94 26 3 67 31
88 55 78 89 5 60 23 63 17 2 14 26 71 6 35 15 73 66 68 27 47 3 43 15 80 81 46 62 87 81 33 92 67 43 44 9 23 26 30 70 53 52 38 66 4 21 9 96 0 6 67 38 27 53 97 48 14 98 64 77 86 67 95 53 89 97 46 29 26 36 89
42 1 93 28 47 79 87 43 54 31 26 92 8 22 89 33 37 27 60 43 6 68 22 94 94 17 23 2 2 90 55 9 31 33 24 20 59 29 21 54 54 7 73 49 19 3 15 44 6 0 34 80 65 71 72 44 88 17 75 34 34 14 98 13 17 40 26 36 81 47 0
58 57 59 39 49 46 39 16 79 54 16 36 41 86 76 65 45 92 62 16 62 82 49 37 36 90 60 94 10 8 68 97 22 69 64 95 51 87 48 72 63 20 37 70 21 67 2 16 67 34 0 91 28 80 60 24 58 82 29 4 45 72 51 17 88 56 18 7 58 45 51
6 71 83 38 72 78 64 85 63 27 73 10 80 29 57 17 67 8 46 47 48 14 32 89 44 0 7 79 84 54 37 72 72 37 3 28 1 61 51 55 56 46 8 2 47 34 36 76 38 80 91 0 84 86 18 24 8 66 84 8 23 98 3 52 90 21 13 23 33 51 41
74 85 54 45 56 10 53 79 1 67 79 97 91 96 96 23 48 20 1 24 83 36 26 32 31 63 60 9 98 19 15 89 15 16 21 91 77 9 17 20 58 1 65 97 98 70 18 45 27 65 28 84 0 36 95 42 48 50 31 44 74 75 1 45 74 61 42 98 81 13 55
56 24 42 39 34 75 93 80 47 82 0 46 70 59 23 19 78 26 99 17 63 43 100 61 28 5 13 81 13 96 42 28 3 77 28 84 42 33 90 11 96 92 85 96 43 33 59 65 53 71 80 86 36 0 80 80 30 44 90 41 9 67 95 51 23 93 40 10 15 37 66
63 46 5 26 0 0 83 72 30 66 87 55 7 63 91 86 7 45 45 63 87 36 62 82 55 97 34 76 25 47 17 12 73 39 22 92 32 35 97 2 26 92 22 97 58 5 72 21 97 72 60 18 95 80 0 23 86 45 66 79 56 12 14 48 69 22 0 97 94 96 70
64 37 32 47 23 5 55 91 9 87 26 43 20 7 34 15 80 64 23 80 99 32 23 46 59 82 82 26 73 45 15 6 11 58 58 56 83 40 54 5 47 3 88 34 45 55 49 34 48 44 24 24 42 80 23 0 3 95 88 84 35 80 89 59 2 73 22 45 14 51 50
51 24 71 37 64 40 16 81 81 70 86 11 21 71 43 30 41 79 68 76 35 2 83 38 34 71 39 44 1 76 53 96 74 81 51 45 27 37 8 93 94 51 14 5 34 83 36 90 14 88 58 8 48 30 86 3 0 47 59 60 83 64 85 26 62 44 37 26 12 35 31
87 48 55 46 59 71 31 16 56 2 13 87 78 58 98 54 79 34 12 25 5 74 85 38 44 81 26 55 85 75 63 61 87 2 79 15 68 62 87 79 75 72 2 59 91 96 98 9 98 17 82 66 50 44 45 95 47 0 38 71 84 31 52 96 56 0 24 35 93 44 85
21 52 0 71 3 59 58 22 33 71 25 84 87 29 31 55 30 11 46 88 76 81 51 76 20 30 30 3 16 60 46 30 55 28 82 66 69 67 81 76 23 27 86 85 78 47 50 14 64 75 29 84 31 90 66 88 59 38 0 77 84 38 79 71 96 1 80 21 15 11 9
85 18 71 22 28 4 76 38 99 31 0 18 73 62 95 73 99 37 48 18 37 75 99 85 97 96 94 79 80 14 83 66 88 74 90 14 14 74 58 33 14 33 72 77 42 41 18 61 77 34 4 8 44 41 79 84 60 71 77 0 3 74 79 77 59 99 11 99 54 7 30
8 39 51 56 15 34 81 29 17 39 68 32 11 41 83 53 91 71 16 67 6 42 90 1 99 77 95 82 100 2 54 12 33 24 29 91 30 4 31 53 0 51 52 50 91 71 40 85 86 34 45 23 74 9 56 35 83 84 84 3 0 26 41 35 1 4 19 68 95 5 82
70 74 1 44 62 39 51 46 16 24 66 53 50 25 33 62 0 98 89 42 12 20 63 28 47 4 87 96 7 90 9 34 89 45 70 87 51 26 28 9 58 28 100 79 5 26 5 63 67 14 72 98 75 67 12 80 64 31 38 74 26 0 4 25 58 75 12 46 77 97 74
4 39 98 84 72 15 31 92 54 91 58 27 87 43 53 7 6 66 71 74 68 90 17 85 97 77 72 80 0 98 23 46 56 8 92 14 52 97 31 74 37 73 90 72 57 25 60 55 95 98 51 3 1 95 14 89 85 52 79 79 41 4 0 62 58 96 86 9 12 46 28
44 57 91 87 0 45 2 69 63 66 14 80 84 41 44 61 38 37 26 4 26 10 59 84 85 68 88 95 20 5 22 96 58 40 43 71 87 45 90 49 87 70 48 73 80 12 91 27 53 13 17 52 45 51 48 59 26 96 71 77 35 25 62 0 78 97 0 14 45 17 79
21 11 80 13 11 26 0 65 15 26 31 27 96 1 76 26 80 93 80 97 28 33 0 1 61 40 31 24 7 5 50 85 36 27 99 10 27 97 59 46 17 46 48 63 93 25 10 76 89 17 88 90 74 23 69 2 62 56 96 59 1 58 58 78 0 76 21 80 17 41 11
4 47 2 54 74 79 6 0 27 46 37 87 24 65 93 31 12 9 48 63 52 84 46 30 81 94 43 88 10 75 10 82 44 67 63 21 72 1 48 83 15 42 13 14 19 42 73 10 97 40 56 21 61 93 22 73 44 0 1 99 4 75 96 97 76 0 2 27 87 89 25
71 69 88 78 14 60 36 48 56 32 27 7 0 26 70 10 73 26 27 3 65 6 95 80 33 71 26 76 78 47 3 33 34 54 19 79 88 63 2 0 19 100 73 25 18 92 71 94 46 26 18 13 42 40 0 22 37 24 80 11 19 12 86 0 21 2 0 61 6 10 65
39 31 18 71 33 17 45 73 2 68 86 12 38 100 15 66 35 3 57 13 88 30 36 75 7 100 10 15 52 45 12 50 52 32 49 100 49 6 57 36 53 90 40 98 23 4 34 26 29 36 7 23 98 10 97 45 26 35 21 99 68 46 9 14 80 27 61 0 94 49 73
97 36 92 99 59 28 43 28 88 18 54 3 93 25 44 74 74 83 86 99 11 37 17 66 78 75 14 81 25 64 83 3 18 26 32 93 19 26 97 25 3 88 60 3 40 48 1 3 26 81 58 33 81 15 94 14 12 93 15 54 95 77 12 45 17 87 6 94 0 9 32
96 77 51 32 20 4 75 66 42 72 99 0 26 37 94 44 69 90 33 87 26 6 17 29 71 71 45 69 5 22 2 57 65 3 23 63 37 89 94 81 26 12 56 17 52 90 27 67 36 47 45 51 13 37 96 51 35 44 11 7 5 97 46 17 41 89 10 49 9 0 69
45 27 0 29 58 75 72 32 43 75 0 38 13 41 60 19 67 6 41 66 17 56 71 87 17 12 5 49 43 73 23 31 4 22 74 45 50 70 97 33 64 46 49 37 66 88 87 31 89 0 51 41 55 66 70 50 31 85 9 30 82 74 28 79 11 25 65 73 32 69 0
