75 4
67 95 56 49 20 51 7 43 77 31 32 95 1 18 8 15 32 46 73 38 7 73 13 81 85 43 30 85 8 4 34 81 74 78 83 60 63 17 36 29 32 9 91 60 1 28 70 79 80 76 93 47 46 21 88 31 82 77 16 44 5 97 81 63 12 9 48 57 93 38 40 65 31 84 95
0 1 54 47 25 58 59 63 75 79 37 92 62 72 77 94 82 52 32 52 55 91 16 37 73 34 54 92 81 38 72 2 70 99 60 96 1 2 26 76 60 60 18 92 16 32 91 35 51 93 13 52 96 91 24 35 25 97 6 83 76 68 40 49 37 98 36 43 18 43 13 44 48 40 95 76
1 0 89 4 60 50 99 84 79 23 20 6 44 62 31 28 91 49 12 66 47 73 35 50 3 31 10 30 75 60 13 84 99 88 16 12 64 52 38 79 51 90 39 87 98 69 52 70 90 72 13 20 46 35 75 56 36 52 28 29 87 13 10 89 7 59 50 22 23 48 41 0 98 8 55 1
54 89 0 91 93 76 27 86 18 92 53 58 61 47 17 12 0 21 77 14 47 39 63 75 53 29 19 100 92 79 57 65 40 86 32 54 59 25 54 4 27 43 98 100 2 17 10 95 79 51 29 80 7 18 12 43 37 30 43 44 21 29 31 74 84 80 99 48 54 29 89 69 62 78 87 14
47 4 91 0 88 4 30 49 47 95 71 14 9 42 20 99 2 8 6 61 41 88 79 33 35 7 29 74 83 83 86 63 97 60 38 42 41 2 21 76 36 33 100 18 83 8 24 7 3 15 91 55 86 24 17 51 13 51 55 36 83 30 92 31 81 23 95 75 6 37 19 79 32 75 9 7
25 60 93 88 0 69 100 67 19 4 13 25 19 47 64 92 74 79 22 73 19 50 31 37 49 25 19 49 79 97 40 80 98 84 73 8 2 38 0 50 86 87 44 77 24 32 31 45 41 53 48 42 47 8 99 71 23 32 81 22 80 8 34 10 88 10 72 15 31 74 58 32 62 8 44 68
58 50 76 4 69 0 92 59 95 39 30 42 64 34 96 83 40 99 36 43 91 95 8 96 16 33 99 56 97 84 33 82 89 76 13 2 86 46 38 76 60 77 31 95 30 61 31 65 73 28 91 98 6 68 23 58 16 27 37 83 51 97 54 43 8 60 29 21 29 98 39 81 58 95 87 59
59 99 27 30 100 92 0 100 76 59 78 99 42 59 60 96 89 58 95 70 28 47 8 83 95 0 90 93 28 56 61 21 5 11 66 93 60 38 81 79 51 30 55 28 9 54 60 98 38 80 44 54 78 21 55 53 57 89 18 80 26 93 70 98 47 72 62 57 60 84 42 26 68 58 52 68
63 84 86 49 67 59 100 0 28 75 72 63 35 36 26 47 11 95 10 92 71 94 5 7 75 65 37 85 38 49 30 93 12 0 32 96 42 31 92 19 92 79 58 10 9 74 8 19 48 23 56 64 84 64 22 18 8 25 54 95 77 1 85 20 79 37 56 43 27 0 83 53 37 96 21 98
75 79 18 47 19 95 76 28 0 1 68 69 91 77 43 8 56 14 87 42 22 24 56 63 55 75 0 97 96 50 54 80 72 9 15 62 67 1 83 52 54 59 32 14 54 83 82 16 31 97 94 64 63 65 55 32 52 10 21 71 9 4 51 98 33 98 7 81 26 69 66 59 56 11 74 68
79 23 92 95 4 39 59 75 1 0 18 82 62 53 67 7 65 94 49 30 78 67 59 12 54 25 25 55 68 57 89 27 4 35 60 44 23 64 89 95 75 67 87 27 83 31 7 72 57 69 72 71 95 93 98 64 36 12 64 17 10 73 67 73 87 97 14 31 30 53 78 71 72 25 47 52
37 20 53 71 13 30 78 72 68 18 0 39 19 55 6 14 84 32 31 47 67 26 59 43 35 69 27 65 10 32 28 26 24 80 85 62 89 100 41 86 36 44 91 95 8 58 91 62 13 9 89 1 10 40 75 75 47 62 2 56 23 33 88 49 60 77 49 74 49 65 70 50 15 23 90 34
92 6 58 14 25 42 99 63 69 82 39 0 41 54 82 13 43 22 19 43 48 86 62 8 16 86 87 63 96 8 69 42 78 32 84 91 66 14 64 42 47 78 89 7 53 68 36 41 70 19 78 92 31 53 19 20 63 29 62 5 56 85 42 38 39 45 2 64 31 62 82 2 98 45 22 71
62 44 61 9 19 64 42 35 91 62 19 41 0 61 46 8 64 87 24 56 18 49 81 84 52 73 42 17 22 75 20 82 95 5 11 51 92 92 35 64 29 46 79 48 55 57 46 35 74 83 67 82 70 10 58 73 38 61 61 78 62 83 21 18 40 85 98 97 53 10 47 25 80 20 86 52
72 62 47 42 47 34 59 36 77 53 55 54 61 0 9 79 58 73 37 40 97 63 94 64 68 76 24 48 82 53 94 93 73 66 95 91 70 94 24 2 26 31 51 35 40 57 6 88 90 82 37 75 74 36 11 26 6 48 72 3 1 59 89 76 42 61 36 6 76 99 87 84 28 12 27 23
77 31 17 20 64 96 60 26 43 67 6 82 46 9 0 87 89 51 92 83 10 61 1 74 79 33 14 32 46 87 88 38 34 16 54 21 91 85 66 76 95 16 93 50 51 96 33 60 45 56 68 77 78 2 52 71 81 6 43 37 71 24 96 82 3 55 14 91 66 12 78 30 97 26 20 47
94 28 12 99 92 83 96 47 8 7 14 13 8 79 87 0 62 46 17 3 5 34 100 12 15 54 23 6 20 14 45 35 28 8 28 39 2 66 68 32 78 83 68 69 80 19 1 85 46 61 15 73 76 92 81 86 4 34 52 69 62 65 100 39 53 60 64 79 30 79 49 97 47 1 88 46
82 91 0 2 74 40 89 11 56 65 84 43 64 58 89 62 0 39 9 0 5 87 50 21 85 96 81 87 4 51 51 66 99 23 62 56 19 42 45 80 77 5 7 19 15 1 12 35 56 60 99 4 18 15 18 6 87 7 18 81 39 41 43 17 10 18 70 60 61 95 31 18 39 87 25 2
52 49 21 8 79 99 58 95 14 94 32 22 87 73 51 46 39 0 42 77 63 66 80 4 94 79 22 77 21 27 16 72 19 92 21 85 82 39 31 43 96 36 4 56 65 5 17 61 43 3 12 47 32 91 24 32 80 5 4 94 31 83 88 71 25 65 69 32 8 73 86 55 35 27 98 11
32 12 77 6 22 36 95 10 87 49 31 19 24 37 92 17 9 42 0 55 81 71 64 28 16 20 86 68 79 79 66 18 76 98 73 77 53 90 54 50 9 55 83 46 4 26 47 99 88 26 24 10 97 95 39 77 71 57 90 68 44 20 81 32 22 80 69 81 16 25 16 25 79 46 68 39
52 66 14 61 73 43 70 92 42 30 47 43 56 40 83 3 0 77 55 0 55 0 50 91 90 92 44 45 46 64 1 91 31 72 80 58 88 52 88 79 21 81 86 38 30 73 15 51 48 100 17 17 19 57 50 60 40 29 59 99 31 0 66 89 48 80 99 59 28 30 95 76 81 60 38 11
55 47 47 41 19 91 28 71 22 78 67 48 18 97 10 5 5 63 81 55 0 17 77 81 31 21 13 44 41 80 56 61 63 67 46 54 72 84 70 62 97 74 80 75 0 73 45 45 29 87 55 29 66 27 4 32 5 23 76 37 28 11 45 74 97 89 20 53 94 67 39 30 63 85 28 54
91 73 39 88 50 95 47 94 24 67 26 86 49 63 61 34 87 66 71 0 17 0 56 92 36 23 68 4 38 4 38 52 36 28 71 82 76 58 6 96 20 98 90 15 25 61 89 18 44 33 55 10 59 96 98 38 66 28 47 94 53 23 24 89 68 68 77 3 19 48 16 79 84 17 53 75
16 35 63 79 31 8 8 5 56 59 59 62 81 94 1 100 50 80 64 50 77 56 0 92 6 17 10 88 12 54 5 8 72 40 81 50 43 100 43 75 92 24 50 53 16 3 64 73 90 18 23 69 40 66 15 83 44 24 40 4 55 50 67 55 0 40 63 25 98 95 59 77 76 37 87 98
37 50 75 33 37 96 83 7 63 12 43 8 84 64 74 12 21 4 28 91 81 92 92 0 49 81 72 60 36 99 20 57 73 19 68 16 94 43 63 71 2 54 73 22 10 36 29 2 100 16 22 91 20 14 25 33 77 47 50 66 83 8 57 84 87 47 63 1 96 82 23 45 18 31 10 77
73 3 53 35 49 16 95 75 55 54 35 16 52 68 79 15 85 94 16 90 31 36 6 49 0 40 37 29 31 46 90 93 8 48 22 60 71 27 10 76 39 50 56 29 78 19 53 17 51 14 21 59 96 74 42 16 79 55 92 30 59 37 41 2 21 91 3 55 26 15 41 87 59 53 7 93
34 31 29 7 25 33 0 65 75 25 69 86 73 76 33 54 96 79 20 92 21 23 17 81 40 0 79 98 76 7 55 14 19 25 99 12 35 27 78 93 52 15 98 57 61 57 56 50 56 4 6 56 66 25 21 94 7 28 62 34 93 10 62 13 69 89 31 14 74 11 18 25 93 13 34 46
54 10 19 29 19 99 90 37 0 25 27 87 42 24 14 23 81 22 86 44 13 68 10 72 37 79 0 6 11 71 59 2 13 6 22 60 37 22 21 15 55 29 51 34 11 5 48 35 42 8 56 42 39 22 95 74 32 96 13 60 5 5 74 74 25 13 41 71 45 6 59 77 6 54 7 31
92 30 100 74 49 56 93 85 97 55 65 63 17 48 32 6 87 77 68 45 44 4 88 60 29 98 6 0 42 61 41 38 81 23 40 14 3 56 53 70 65 71 74 74 55 84 61 76 36 70 25 78 53 17 57 34 80 46 80 29 86 7 7 48 28 48 77 44 34 0 35 34 69 1 32 26
81 75 92 83 79 97 28 38 96 68 10 96 22 82 46 20 4 21 79 46 41 38 12 36 31 76 11 42 0 78 65 72 56 80 69 66 6 89 78 47 23 17 27 52 34 78 5 79 88 88 34 58 27 92 49 54 4 83 28 69 90 67 59 21 76 16 59 53 29 7 0 18 94 42 2 63
38 60 79 83 97 84 56 49 50 57 32 8 75 53 87 14 51 27 79 64 80 4 54 99 46 7 71 61 78 0 83 80 51 97 94 68 79 2 30 78 35 64 78 72 95 68 25 6 23 61 92 100 24 28 46 61 89 83 38 55 7 63 9 71 9 13 56 1 25 59 49 49 57 71 100 17
72 13 57 86 40 33 61 30 54 89 28 69 20 94 88 45 51 16 66 1 56 38 5 20 90 55 59 41 65 83 0 77 80 53 14 19 8 40 19 38 35 35 40 12 90 66 62 32 27 46 10 98 20 32 97 82 6 70 31 33 66 19 12 33 20 63 63 42 51 10 48 22 98 98 63 48
2 84 65 63 80 82 21 93 80 27 26 42 82 93 38 35 66 72 18 91 61 52 8 57 93 14 2 38 72 80 77 0 69 70 92 33 74 4 48 76 29 83 26 37 46 22 33 36 33 58 94 65 82 1 76 54 13 68 27 30 17 62 84 84 78 90 79 83 92 65 63 50 24 91 75 72
70 99 40 97 98 89 5 12 72 4 24 78 95 73 34 28 99 19 76 31 63 36 72 73 8 19 13 81 56 51 80 69 0 40 14 16 44 13 20 5 3 79 17 1 4 92 74 34 55 56 62 98 57 43 6 88 77 28 6 21 27 22 82 100 10 52 81 63 55 63 8 23 52 13 24 20
99 88 86 60 84 76 11 0 9 35 80 32 5 66 16 8 23 92 98 72 67 28 40 19 48 25 6 23 80 97 53 70 40 0 49 65 37 83 92 54 8 5 73 18 56 3 74 74 72 24 61 19 11 37 68 77 55 92 79 49 74 17 5 31 97 14 8 67 43 92 22 22 93 7 61 90
60 16 32 38 73 13 66 32 15 60 85 84 11 95 54 28 62 21 73 80 46 71 81 68 22 99 22 40 69 94 14 92 14 49 0 70 24 42 18 61 48 77 93 5 97 39 95 67 22 12 65 89 54 17 12 89 79 50 61 68 91 78 60 47 66 83 57 97 84 72 92 61 40 19 31 57
96 12 54 42 8 2 93 96 62 44 62 91 51 91 21 39 56 85 77 58 54 82 50 16 60 12 60 14 66 68 19 33 16 65 70 0 76 83 23 57 77 35 71 35 26 43 23 61 83 89 83 14 33 99 55 37 79 50 81 83 85 88 6 94 52 16 49 37 78 6 35 65 74 22 64 99
1 64 59 41 2 86 60 42 67 23 89 66 92 70 91 2 19 82 53 88 72 76 43 94 71 35 37 3 6 79 8 74 44 37 24 76 0 96 4 98 60 25 2 32 16 61 70 17 58 24 79 94 1 41 50 50 51 40 64 92 44 54 63 16 17 47 39 32 50 17 78 49 83 47 57 28
2 52 25 2 38 46 38 31 1 64 100 14 92 94 85 66 42 39 90 52 84 58 100 43 27 27 22 56 89 2 40 4 13 83 42 83 96 0 100 60 74 2 93 86 70 77 20 21 14 94 14 34 52 18 16 83 71 46 86 2 36 31 85 47 57 23 91 92 10 30 66 57 81 38 74 82
26 38 54 21 0 38 81 92 83 89 41 64 35 24 66 68 45 31 54 88 70 6 43 63 10 78 21 53 78 30 19 48 20 92 18 23 4 100 0 73 28 53 38 23 100 54 23 35 26 90 57 99 78 37 83 87 68 100 55 50 20 78 12 29 20 0 33 22 69 63 11 88 91 95 16 44
76 79 4 76 50 76 79 19 52 95 86 42 64 2 76 32 80 43 50 79 62 96 75 71 76 93 15 70 47 78 38 76 5 54 61 57 98 60 73 0 98 37 0 80 87 62 20 65 89 3 7 55 92 57 29 57 15 1 98 92 89 54 41 52 75 89 34 30 26 78 58 42 48 76 92 35
60 51 27 36 86 60 51 92 54 75 36 47 29 26 95 78 77 96 9 21 97 20 92 2 39 52 55 65 23 35 35 29 3 8 48 77 60 74 28 98 0 46 43 60 51 4 86 19 81 84 6 85 36 40 94 27 15 78 30 72 23 75 8 57 45 79 82 3 62 20 13 28 92 99 0 30
60 90 43 33 87 77 30 79 59 67 44 78 46 31 16 83 5 36 55 81 74 98 24 54 50 15 29 71 17 64 35 83 79 5 77 35 25 2 53 37 46 0 99 39 81 83 19 41 86 85 100 82 28 95 42 25 9 75 90 75 56 66 97 9 26 45 53 61 63 66 95 39 78 41 63 87
18 39 98 100 44 31 55 58 32 87 91 89 79 51 93 68 7 4 83 86 80 90 50 73 56 98 51 74 27 78 40 26 17 73 93 71 2 93 38 0 43 99 0 16 7 91 40 9 50 22 16 92 24 76 95 49 15 6 47 51 94 20 96 74 55 8 64 3 22 11 62 35 51 35 98 46
92 87 100 18 77 95 28 10 14 27 95 7 48 35 50 69 19 56 46 38 75 15 53 22 29 57 34 74 52 72 12 37 1 18 5 35 32 86 23 80 60 39 16 0 74 53 63 93 28 40 42 88 36 21 46 40 12 70 73 15 38 73 11 92 8 54 67 67 7 72 33 37 12 65 7 62
16 98 2 83 24 30 9 9 54 83 8 53 55 40 51 80 15 65 4 30 0 25 16 10 78 61 11 55 34 95 90 46 4 56 97 26 16 70 100 87 51 81 7 74 0 25 1 63 16 17 58 29 97 39 78 12 35 90 23 13 20 64 76 51 85 19 86 58 91 64 83 28 36 68 43 79
32 69 17 8 32 61 54 74 83 31 58 68 57 57 96 19 1 5 26 73 73 61 3 36 19 57 5 84 78 68 66 22 92 3 39 43 61 77 54 62 4 83 91 53 25 0 23 66 87 83 11 70 100 69 79 65 82 57 84 31 94 65 40 2 66 69 91 76 76 99 18 11 35 95 72 4
91 52 10 24 31 31 60 8 82 7 91 36 46 6 33 1 12 17 47 15 45 89 64 29 53 56 48 61 5 25 62 33 74 74 95 23 70 20 23 20 86 19 40 63 1 23 0 98 94 13 70 17 71 35 76 3 42 41 95 51 14 23 76 68 41 81 24 36 63 55 20 67 81 30 46 30
35 70 95 7 45 65 98 19 16 72 62 41 35 88 60 85 35 61 99 51 45 18 73 2 17 50 35 76 79 6 32 36 34 74 67 61 17 21 35 65 19 41 9 93 63 66 98 0 29 55 20 49 88 58 40 72 85 76 71 0 65 22 51 90 35 29 13 15 50 65 90 83 71 14 94 7
51 90 79 3 41 73 38 48 31 57 13 70 74 90 45 46 56 43 88 48 29 44 90 100 51 56 42 36 88 23 27 33 55 72 22 83 58 14 26 89 81 86 50 28 16 87 94 29 0 48 11 82 16 5 39 41 28 65 45 75 95 52 7 49 100 18 52 22 14 12 11 45 81 58 64 8
93 72 51 15 53 28 80 23 97 69 9 19 83 82 56 61 60 3 26 100 87 33 18 16 14 4 8 70 88 61 46 58 56 24 12 89 24 94 90 3 84 85 22 40 17 83 13 55 48 0 49 82 13 70 76 26 34 63 29 80 3 17 12 62 5 65 99 98 64 8 78 75 35 65 29 8
13 13 29 91 48 91 44 56 94 72 89 78 67 37 68 15 99 12 24 17 55 55 23 22 21 6 56 25 34 92 10 94 62 61 65 83 79 14 57 7 6 100 16 42 58 11 70 20 11 49 0 41 10 27 36 100 58 47 26 42 36 51 43 20 0 57 47 54 7 90 0 49 83 3 33 99
52 20 80 55 42 98 54 64 64 71 1 92 82 75 77 73 4 47 10 17 29 10 69 91 59 56 42 78 58 100 98 65 98 19 89 14 94 34 99 55 85 82 92 88 29 70 17 49 82 82 41 0 60 45 11 30 85 21 3 15 28 93 2 52 22 68 91 27 80 96 16 76 59 99 8 85
96 46 7 86 47 6 78 84 63 95 10 31 70 74 78 76 18 32 97 19 66 59 40 20 96 66 39 53 27 24 20 82 57 11 54 33 1 52 78 92 36 28 24 36 97 100 71 88 16 13 10 60 0 86 5 29 5 69 48 96 32 59 25 68 19 54 67 2 21 79 16 20 69 58 70 71
91 35 18 24 8 68 21 64 65 93 40 53 10 36 2 92 15 91 95 57 27 96 66 14 74 25 22 17 92 28 32 1 43 37 17 99 41 18 37 57 40 95 76 21 39 69 35 58 5 70 27 45 86 0 62 42 0 89 93 55 37 46 9 51 76 61 65 48 89 57 89 15 96 50 53 43
24 75 12 17 99 23 55 22 55 98 75 19 58 11 52 81 18 24 39 50 4 98 15 25 42 21 95 57 49 46 97 76 6 68 12 55 50 16 83 29 94 42 95 46 78 79 76 40 39 76 36 11 5 62 0 48 61 64 5 69 29 69 32 37 35 61 84 36 93 15 87 16 61 70 96 74
35 56 43 51 71 58 53 18 32 64 75 20 73 26 71 86 6 32 77 60 32 38 83 33 16 94 74 34 54 61 82 54 88 77 89 37 50 83 87 57 27 25 49 40 12 65 3 72 41 26 100 30 29 42 48 0 63 11 47 69 25 81 40 66 77 97 72 64 27 42 88 79 20 7 47 96
25 36 37 13 23 16 57 8 52 36 47 63 38 6 81 4 87 80 71 40 5 66 44 77 79 7 32 80 4 89 6 13 77 55 79 79 51 71 68 15 15 9 15 12 35 82 42 85 28 34 58 85 5 0 61 63 0 8 66 72 39 79 94 100 80 50 70 10 77 33 29 5 96 15 83 61
97 52 30 51 32 27 89 25 10 12 62 29 61 48 6 34 7 5 57 29 23 28 24 47 55 28 96 46 83 83 70 68 28 92 50 50 40 46 100 1 78 75 6 70 90 57 41 76 65 63 47 21 69 89 64 11 8 0 4 15 33 30 42 59 59 41 54 0 14 25 17 22 61 34 74 8
6 28 43 55 81 37 18 54 21 64 2 62 61 72 43 52 18 4 90 59 76 47 40 50 92 62 13 80 28 38 31 27 6 79 61 81 64 86 55 98 30 90 47 73 23 84 95 71 45 29 26 3 48 93 5 47 66 4 0 29 47 3 100 77 43 29 15 75 57 93 91 91 54 9 45 15
83 29 44 36 22 83 80 95 71 17 56 5 78 3 37 69 81 94 68 99 37 94 4 66 30 34 60 29 69 55 33 30 21 49 68 83 92 2 50 92 72 75 51 15 13 31 51 0 75 80 42 15 96 55 69 69 72 15 29 0 47 17 46 98 53 33 33 49 98 42 55 58 42 73 81 32
76 87 21 83 80 51 26 77 9 10 23 56 62 1 71 62 39 31 44 31 28 53 55 83 59 93 5 86 90 7 66 17 27 74 91 85 44 36 20 89 23 56 94 38 20 94 14 65 95 3 36 28 32 37 29 25 39 33 47 47 0 68 21 0 71 100 60 89 31 90 58 85 31 56 78 33
68 13 29 30 8 97 93 1 4 73 33 85 83 59 24 65 41 83 20 0 11 23 50 8 37 10 5 7 67 63 19 62 22 17 78 88 54 31 78 54 75 66 20 73 64 65 23 22 52 17 51 93 59 46 69 81 79 30 3 17 68 0 78 2 18 41 18 82 9 62 6 44 59 49 30 24
40 10 31 92 34 54 70 85 51 67 88 42 21 89 96 100 43 88 81 66 45 24 67 57 41 62 74 7 59 9 12 84 82 5 60 6 63 85 12 41 8 97 96 11 76 40 76 51 7 12 43 2 25 9 32 40 94 42 100 46 21 78 0 93 64 71 14 70 53 85 88 24 21 51 21 89
49 89 74 31 10 43 98 20 98 73 49 38 18 76 82 39 17 71 32 89 74 89 55 84 2 13 74 48 21 71 33 84 100 31 47 94 16 47 29 52 57 9 74 92 51 2 68 90 49 62 20 52 68 51 37 66 100 59 77 98 0 2 93 0 51 12 45 17 37 0 36 57 79 78 44 20
37 7 84 81 88 8 47 79 33 87 60 39 40 42 3 53 10 25 22 48 97 68 0 87 21 69 25 28 76 9 20 78 10 97 66 52 17 57 20 75 45 26 55 8 85 66 41 35 100 5 0 22 19 76 35 77 80 59 43 53 71 18 64 51 0 46 79 3 62 98 13 53 94 99 48 88
98 59 80 23 10 60 72 37 98 97 77 45 85 61 55 60 18 65 80 80 89 68 40 47 91 89 13 48 16 13 63 90 52 14 83 16 47 23 0 89 79 45 8 54 19 69 81 29 18 65 57 68 54 61 61 97 50 41 29 33 100 41 71 12 46 0 93 62 43 38 14 5 87 84 16 14
36 50 99 95 72 29 62 56 7 14 49 2 98 36 14 64 70 69 69 99 20 77 63 63 3 31 41 77 59 56 63 79 81 8 57 49 39 91 33 34 82 53 64 67 86 91 24 13 52 99 47 91 67 65 84 72 70 54 15 33 60 18 14 45 79 93 0 52 49 69 96 84 60 20 86 63
43 22 48 75 15 21 57 43 81 31 74 64 97 6 91 79 60 32 81 59 53 3 25 1 55 14 71 44 53 1 42 83 63 67 97 37 32 92 22 30 3 61 3 67 58 76 36 15 22 98 54 27 2 48 36 64 10 0 75 49 89 82 70 17 3 62 52 0 63 14 10 24 87 63 23 87
18 23 54 6 31 29 60 27 26 30 49 31 53 76 66 30 61 8 16 28 94 19 98 96 26 74 45 34 29 25 51 92 55 43 84 78 50 10 69 26 62 63 22 7 91 76 63 50 14 64 7 80 21 89 93 27 77 14 57 98 31 9 53 37 62 43 49 63 0 22 44 74 93 27 17 79
43 48 29 37 74 98 84 0 69 53 65 62 10 99 12 79 95 73 25 30 67 48 95 82 15 11 6 0 7 59 10 65 63 92 72 6 17 30 63 78 20 66 11 72 64 99 55 65 12 8 90 96 79 57 15 42 33 25 93 42 90 62 85 0 98 38 69 14 22 0 24 57 26 89 95 85
13 41 89 19 58 39 42 83 66 78 70 82 47 87 78 49 31 86 16 95 39 16 59 23 41 18 59 35 0 49 48 63 8 22 92 35 78 66 11 58 13 95 62 33 83 18 20 90 11 78 0 16 16 89 87 88 29 17 91 55 58 6 88 36 13 14 96 10 44 24 0 82 5 90 13 28
44 0 69 79 32 81 26 53 59 71 50 2 25 84 30 97 18 55 25 76 30 79 77 45 87 25 77 34 18 49 22 50 23 22 61 65 49 57 88 42 28 39 35 37 28 11 67 83 45 75 49 76 20 15 16 79 5 22 91 58 85 44 24 57 53 5 84 24 74 57 82 0 27 20 95 44
48 98 62 32 62 58 68 37 56 72 15 98 80 28 97 47 39 35 79 81 63 84 76 18 59 93 6 69 94 57 98 24 52 93 40 74 83 81 91 48 92 78 51 12 36 35 81 71 81 35 83 59 69 96 61 20 96 61 54 42 31 59 21 79 94 87 60 87 93 26 5 27 0 8 34 37
40 8 78 75 8 95 58 96 11 25 23 45 20 12 26 1 87 27 46 60 85 17 37 31 53 13 54 1 42 71 98 91 13 7 19 22 47 38 95 76 99 41 35 65 68 95 30 14 58 65 3 99 58 50 70 7 15 34 9 73 56 49 51 78 99 84 20 63 27 89 90 20 8 0 20 65
95 55 87 9 44 87 52 21 74 47 90 22 86 27 20 88 25 98 68 38 28 53 87 10 7 34 7 32 2 100 63 75 24 61 31 64 57 74 16 92 0 63 98 7 43 72 46 94 64 29 33 8 70 53 96 47 83 74 45 81 78 30 21 44 48 16 86 23 17 95 13 95 34 20 0 74
76 1 14 7 68 59 68 98 68 52 34 71 52 23 47 46 2 11 39 11 54 75 98 77 93 46 31 26 63 17 48 72 20 90 57 99 28 82 44 35 30 87 46 62 79 4 30 7 8 8 99 85 71 43 74 96 61 8 15 32 33 24 89 20 88 14 63 87 79 85 28 44 37 65 74 0
