80 5
52 48 32 88 55 45 57 15 98 0 96 62 65 52 95 23 9 22 15 37 44 42 77 91 88 65 83 15 8 45 43 72 63 62 64 44 74 16 99 13 37 11 41 47 63 81 99 88 44 81 50 24 28 79 10 14 12 39 50 38 70 30 50 21 95 2 16 77 65 57 55 96 68 60 18 77 67 19 82 100
0 84 72 18 76 12 91 80 44 18 34 26 8 41 55 90 84 79 8 97 31 40 50 4 59 41 41 73 20 61 27 34 68 38 17 47 4 50 68 33 59 5 16 5 19 51 100 92 15 49 35 30 23 90 13 26 35 85 5 82 50 9 96 5 26 8 90 53 1 78 97 82 38 69 37 74 2 40 94 19 89
84 0 35 48 100 3 18 4 83 6 52 63 39 97 95 10 85 43 83 47 2 86 99 16 66 97 74 57 52 9 25 94 13 18 39 72 67 44 78 38 13 80 74 95 14 70 57 19 7 37 51 61 43 38 97 53 100 1 7 86 34 11 32 0 6 68 20 34 29 88 39 70 42 33 19 82 83 11 92 41 61
72 35 0 59 91 25 18 46 57 26 46 6 71 61 55 63 85 8 84 20 31 78 38 97 2 34 87 79 19 96 80 97 68 46 99 90 49 55 93 87 42 100 54 14 86 8 63 52 35 38 50 61 60 12 82 42 4 7 85 98 66 11 12 29 53 79 45 99 4 76 48 71 41 73 82 16 85 93 52 33 51
18 48 59 0 91 78 2 15 44 55 39 89 42 9 36 18 63 17 6 45 93 47 15 36 67 74 99 79 80 88 57 37 90 49 28 42 95 86 37 14 54 45 81 57 6 84 69 82 99 44 21 37 8 70 49 44 53 81 52 22 22 14 31 64 81 8 24 60 54 30 56 58 59 77 68 89 58 54 60 85 3
76 100 91 91 0 87 11 83 32 97 2 67 30 88 6 48 55 43 9 91 92 34 83 78 29 45 49 58 2 84 34 12 73 62 36 50 65 32 27 15 27 21 70 5 64 65 17 19 21 64 58 43 88 90 33 86 5 89 24 51 98 68 55 10 37 29 22 38 92 26 12 58 91 94 35 49 31 62 86 18 20
12 3 25 78 87 0 73 10 70 32 71 98 72 52 43 79 65 10 28 60 15 66 46 57 42 86 83 9 52 65 63 0 49 34 71 6 34 3 74 8 45 4 53 76 85 73 3 49 30 42 80 53 80 9 6 61 11 55 38 63 37 100 92 4 16 83 42 94 94 72 61 52 4 57 86 55 32 17 76 87 18
91 18 18 2 11 73 0 74 91 92 82 21 87 73 48 1 18 76 97 13 53 83 89 1 35 70 69 26 24 58 99 0 1 20 70 89 94 52 91 97 72 59 15 60 18 38 42 72 72 54 20 2 78 49 16 45 62 26 41 70 83 37 8 49 99 73 84 23 69 21 88 51 99 10 50 85 63 9 15 61 63
80 4 46 15 83 10 74 0 27 100 84 34 78 69 62 76 86 75 43 7 100 20 81 5 75 12 43 60 37 48 12 34 70 67 3 67 8 24 43 30 36 78 78 78 38 12 13 11 67 38 79 54 91 92 42 2 85 14 75 3 16 100 0 36 32 26 74 22 81 62 95 69 20 79 61 40 13 32 39 46 99
44 83 57 44 32 70 91 27 0 3 0 17 12 80 14 22 99 49 49 77 9 87 61 83 71 40 74 18 78 51 52 99 22 68 80 93 92 54 11 93 9 13 87 86 37 52 35 81 22 61 26 54 83 11 46 6 65 48 87 42 18 76 89 75 11 66 52 0 43 81 27 14 38 73 77 57 4 64 69 56 4
18 6 26 55 97 32 92 100 3 0 20 92 8 8 4 52 72 22 16 12 5 91 70 66 52 68 47 73 17 56 80 94 49 94 29 81 46 34 71 73 21 34 70 40 22 27 73 64 51 91 24 30 97 80 100 44 6 37 37 43 39 60 100 69 11 40 42 83 38 1 57 71 93 55 70 94 98 45 39 10 16
34 52 46 39 2 71 82 84 0 20 0 45 54 28 17 23 30 55 39 99 65 95 5 49 88 0 12 52 82 84 1 73 61 88 37 58 90 94 50 58 78 41 14 24 62 62 37 73 52 70 1 75 97 28 96 66 31 74 87 25 78 39 0 37 38 50 72 6 93 80 76 38 70 34 46 60 81 59 57 67 36
26 63 6 89 67 98 21 34 17 92 45 0 70 74 14 40 7 49 49 36 13 10 31 82 10 73 49 8 55 56 27 93 7 18 25 19 7 57 16 64 78 66 88 97 21 71 14 12 2 30 22 60 70 42 48 12 32 66 10 60 19 72 69 11 24 61 12 83 24 43 36 70 62 56 56 95 65 25 38 18 18
8 39 71 42 30 72 87 78 12 8 54 70 0 100 46 41 25 89 41 56 66 84 16 78 61 17 90 17 56 96 35 29 31 1 33 17 63 73 40 3 54 33 5 49 94 85 44 73 6 30 10 95 55 48 79 64 45 72 41 54 15 48 28 32 15 82 72 54 60 71 93 76 38 54 71 29 4 4 42 10 43
41 97 61 9 88 52 73 69 80 8 28 74 100 0 99 11 44 32 9 0 57 68 43 39 33 66 67 39 72 58 18 49 89 89 3 78 1 83 91 10 54 36 68 18 54 5 83 54 7 21 48 18 56 83 94 47 94 60 72 40 51 54 33 34 93 57 49 97 70 100 88 9 23 59 8 2 16 77 1 52 5
55 95 55 36 6 43 48 62 14 4 17 14 46 99 0 4 99 89 19 37 82 54 27 25 65 34 56 8 57 92 11 97 7 95 10 34 82 39 30 48 13 27 70 44 5 15 52 74 31 3 20 16 3 21 25 2 24 18 44 59 2 84 32 17 14 11 92 30 57 25 98 48 72 96 38 72 93 85 84 16 92
90 10 63 18 48 79 1 76 22 52 23 40 41 11 4 0 25 19 34 19 38 22 37 60 89 10 94 17 79 84 17 32 47 80 19 46 42 57 80 49 24 14 55 60 80 60 25 51 28 28 58 87 92 48 22 35 1 41 17 90 33 49 40 52 74 79 21 6 74 51 67 24 8 54 24 30 56 31 30 83 53
84 85 85 63 55 65 18 86 99 72 30 7 25 44 99 25 0 11 82 23 83 46 77 22 83 53 27 90 78 4 37 34 44 6 58 73 72 5 9 45 6 71 35 3 71 55 19 99 24 46 67 97 64 55 13 92 87 55 21 0 49 63 91 56 45 51 24 58 40 65 36 8 4 100 45 36 42 77 82 90 80
79 43 8 17 43 10 76 75 49 22 55 49 89 32 89 19 11 0 30 61 98 99 78 24 1 75 98 33 12 10 8 71 76 100 31 15 94 2 14 68 92 23 73 16 75 58 61 76 95 49 44 19 68 81 94 0 10 2 57 95 22 81 49 8 8 43 48 30 52 68 63 92 76 62 48 10 11 13 34 83 96
8 83 84 6 9 28 97 43 49 16 39 49 41 9 19 34 82 30 0 19 29 25 31 94 84 48 48 85 16 54 64 24 93 92 38 33 47 45 82 55 28 52 78 36 86 51 92 73 11 92 10 100 46 80 63 75 72 31 90 65 33 26 5 88 92 44 87 36 74 99 61 25 53 95 100 38 46 13 17 64 56
97 47 20 45 91 60 13 7 77 12 99 36 56 0 37 19 23 61 19 0 2 52 49 50 0 73 19 7 36 1 61 83 0 94 68 30 83 72 30 14 37 51 59 36 33 49 80 87 30 93 17 66 91 72 44 53 76 23 89 54 45 86 37 78 33 9 58 29 67 19 68 29 66 62 14 41 27 62 23 90 70
31 2 31 93 92 15 53 100 9 5 65 13 66 57 82 38 83 98 29 2 0 18 42 71 75 95 51 63 49 96 54 28 6 70 50 29 52 22 68 46 45 13 25 20 90 89 22 78 39 99 78 39 34 4 93 34 32 34 16 51 76 41 49 100 94 64 96 78 50 42 30 48 6 39 60 94 26 69 46 73 6
40 86 78 47 34 66 83 20 87 91 95 10 84 68 54 22 46 99 25 52 18 0 82 21 95 46 38 68 98 95 56 88 48 12 85 89 40 44 23 78 50 35 34 9 40 68 12 68 94 98 35 62 85 20 94 44 57 80 10 82 83 100 13 22 13 63 64 71 0 88 77 68 15 26 51 22 64 49 71 61 53
50 99 38 15 83 46 89 81 61 70 5 31 16 43 27 37 77 78 31 49 42 82 0 43 16 39 54 87 83 45 35 71 14 45 48 73 34 3 24 81 65 49 77 57 59 57 32 33 10 25 18 46 40 22 39 22 97 45 37 78 98 68 89 39 70 77 33 95 47 36 97 7 73 80 72 26 46 53 96 68 24
4 16 97 36 78 57 1 5 83 66 49 82 78 39 25 60 22 24 94 50 71 21 43 0 82 92 68 54 53 63 0 37 36 83 65 50 34 31 81 46 29 97 16 36 39 45 14 79 27 86 34 78 57 9 44 42 93 21 51 99 80 86 22 46 87 27 76 64 91 50 49 52 35 74 80 73 32 74 80 52 30
59 66 2 67 29 42 35 75 71 52 88 10 61 33 65 89 83 1 84 0 75 95 16 82 0 11 86 82 84 73 94 78 64 50 40 3 32 45 56 44 88 14 64 74 63 32 18 72 72 69 25 27 84 31 40 60 82 54 1 16 80 83 42 96 37 40 12 13 0 4 17 39 58 82 69 99 47 50 51 97 75
41 97 34 74 45 86 70 12 40 68 0 73 17 66 34 10 53 75 48 73 95 46 39 92 11 0 40 29 30 7 74 49 85 29 45 46 39 38 28 88 97 78 12 22 64 17 69 64 0 98 84 29 19 36 11 27 54 49 35 92 99 77 21 100 78 43 92 12 51 73 3 76 57 52 26 12 1 35 3 34 60
41 74 87 99 49 83 69 43 74 47 12 49 90 67 56 94 27 98 48 19 51 38 54 68 86 40 0 31 57 34 11 67 16 38 32 14 58 41 79 45 72 70 7 18 19 56 2 48 16 87 66 81 24 51 1 61 8 38 35 90 84 12 68 51 13 2 79 50 2 66 93 57 33 77 12 17 3 23 59 46 7
73 57 79 79 58 9 26 60 18 73 52 8 17 39 8 17 90 33 85 7 63 68 87 54 82 29 31 0 63 9 82 76 65 52 53 0 59 90 81 71 13 60 34 32 64 10 43 10 5 30 88 98 98 9 16 44 78 7 97 1 95 58 26 50 57 84 78 47 52 58 18 2 63 15 13 97 24 84 3 46 75
20 52 19 80 2 52 24 37 78 17 82 55 56 72 57 79 78 12 16 36 49 98 83 53 84 30 57 63 0 75 70 32 58 36 65 79 83 79 35 32 90 85 44 44 19 17 0 93 61 18 0 72 18 44 90 22 28 71 5 95 65 0 31 16 3 46 28 56 30 45 9 18 2 73 65 32 60 12 11 68 8
61 9 96 88 84 65 58 48 51 56 84 56 96 58 92 84 4 10 54 1 96 95 45 63 73 7 34 9 75 0 23 47 72 7 35 99 34 40 32 83 8 36 60 37 36 56 43 15 12 63 59 71 21 35 30 18 14 77 31 55 95 85 6 56 64 43 42 19 50 84 91 67 98 11 35 25 66 47 40 2 86
27 25 80 57 34 63 99 12 52 80 1 27 35 18 11 17 37 8 64 61 54 56 35 0 94 74 11 82 70 23 0 37 14 1 85 59 51 3 76 34 66 31 89 69 88 44 79 63 16 91 85 79 33 6 11 82 60 11 84 56 81 41 48 18 24 2 17 6 43 19 2 39 45 77 79 23 49 34 88 2 68
34 94 97 37 12 0 0 34 99 94 73 93 29 49 97 32 34 71 24 83 28 88 71 37 78 49 67 76 32 47 37 0 34 78 76 22 93 39 100 85 93 62 33 14 36 61 60 59 15 37 91 77 89 53 18 37 55 67 84 29 4 98 19 47 38 43 78 11 37 38 31 85 51 23 71 42 4 76 12 50 96
68 13 68 90 73 49 1 70 22 49 61 7 31 89 7 47 44 76 93 0 6 48 14 36 64 85 16 65 58 72 14 34 0 94 10 21 35 62 9 29 99 83 48 81 4 69 62 67 46 22 26 6 16 55 50 51 41 94 29 44 1 97 5 31 35 9 61 27 2 53 97 47 92 17 52 20 85 11 95 19 46
38 18 46 49 62 34 20 67 68 94 88 18 1 89 95 80 6 100 92 94 70 12 45 83 50 29 38 52 36 7 1 78 94 0 28 83 61 42 64 12 48 94 59 77 39 70 44 78 19 37 6 94 51 31 70 53 34 26 62 38 44 77 40 3 77 7 82 1 90 100 73 74 2 71 90 36 63 84 90 55 38
17 39 99 28 36 71 70 3 80 29 37 25 33 3 10 19 58 31 38 68 50 85 48 65 40 45 32 53 65 35 85 76 10 28 0 81 22 16 21 96 33 9 38 70 40 69 77 46 20 73 39 2 56 31 64 70 64 44 71 75 94 73 85 95 86 12 24 59 75 97 88 51 85 54 29 74 23 10 23 58 48
47 72 90 42 50 6 89 67 93 81 58 19 17 78 34 46 73 15 33 30 29 89 73 50 3 46 14 0 79 99 59 22 21 83 81 0 33 75 34 44 23 73 7 56 87 55 21 55 63 5 49 1 26 73 72 37 40 60 72 30 50 63 52 83 59 3 22 47 68 90 1 4 49 93 7 67 59 18 67 51 17
4 67 49 95 65 34 94 8 92 46 90 7 63 1 82 42 72 94 47 83 52 40 34 34 32 39 58 59 83 34 51 93 35 61 22 33 0 65 29 3 23 62 80 56 35 80 16 7 18 34 62 0 60 68 21 25 21 39 73 20 13 8 52 2 30 12 69 80 6 3 24 42 45 66 45 52 86 58 94 11 19
50 44 55 86 32 3 52 24 54 34 94 57 73 83 39 57 5 2 45 72 22 44 3 31 45 38 41 90 79 40 3 39 62 42 16 75 65 0 4 90 91 36 32 90 91 69 43 30 93 38 24 32 86 66 79 85 85 62 1 40 39 22 91 50 28 9 56 74 48 64 50 77 68 4 10 67 2 13 100 89 61
68 78 93 37 27 74 91 43 11 71 50 16 40 91 30 80 9 14 82 30 68 23 24 81 56 28 79 81 35 32 76 100 9 64 21 34 29 4 0 85 82 63 23 16 18 65 10 20 12 76 66 54 94 7 73 55 4 74 65 3 52 58 57 56 79 52 6 52 8 9 9 37 93 5 60 56 71 12 29 5 61
33 38 87 14 15 8 97 30 93 73 58 64 3 10 48 49 45 68 55 14 46 78 81 46 44 88 45 71 32 83 34 85 29 12 96 44 3 90 85 0 52 55 17 80 46 7 43 94 92 61 57 25 29 29 0 21 75 59 36 94 72 33 17 16 0 66 50 24 66 44 19 89 31 90 45 87 21 4 26 35 38
59 13 42 54 27 45 72 36 9 21 78 78 54 54 13 24 6 92 28 37 45 50 65 29 88 97 72 13 90 8 66 93 99 48 33 23 23 91 82 52 0 8 59 97 19 44 89 58 30 51 92 47 67 3 79 85 39 95 17 2 21 60 58 22 49 76 31 29 32 25 36 91 44 19 15 29 42 95 59 75 13
5 80 100 45 21 4 59 78 13 34 41 66 33 36 27 14 71 23 52 51 13 35 49 97 14 78 70 60 85 36 31 62 83 94 9 73 62 36 63 55 8 0 50 65 4 20 99 100 11 90 33 52 44 32 64 40 41 46 37 97 35 31 68 20 88 0 57 43 72 60 33 84 66 59 36 87 38 94 11 62 86
16 74 54 81 70 53 15 78 87 70 14 88 5 68 70 55 35 73 78 59 25 34 77 16 64 12 7 34 44 60 89 33 48 59 38 7 80 32 23 17 59 50 0 22 57 97 82 50 53 85 37 12 43 41 55 94 47 17 22 100 38 29 8 45 81 97 32 12 79 92 79 68 26 68 95 74 14 27 16 75 47
5 95 14 57 5 76 60 78 86 40 24 97 49 18 44 60 3 16 36 36 20 9 57 36 74 22 18 32 44 37 69 14 81 77 70 56 56 90 16 80 97 65 22 0 39 2 14 75 23 56 77 19 33 2 49 12 59 92 24 78 37 92 10 98 74 4 12 76 22 27 99 77 97 67 74 1 17 59 100 21 73
19 14 86 6 64 85 18 38 37 22 62 21 94 54 5 80 71 75 86 33 90 40 59 39 63 64 19 64 19 36 88 36 4 39 40 87 35 91 18 46 19 4 57 39 0 34 43 8 76 64 48 13 39 93 72 4 8 36 12 12 93 0 57 2 36 66 88 78 22 26 59 40 7 98 61 89 83 53 11 30 39
51 70 8 84 65 73 38 12 52 27 62 71 85 5 15 60 55 58 51 49 89 68 57 45 32 17 56 10 17 56 44 61 69 70 69 55 80 69 65 7 44 20 97 2 34 0 92 42 73 5 91 84 48 1 71 20 89 8 45 71 7 51 16 72 91 42 23 73 92 11 51 32 23 41 99 58 40 73 52 77 52
100 57 63 69 17 3 42 13 35 73 37 14 44 83 52 25 19 61 92 80 22 12 32 14 18 69 2 43 0 43 79 60 62 44 77 21 16 43 10 43 89 99 82 14 43 92 0 73 0 54 13 9 69 17 86 23 12 45 27 56 72 7 12 23 68 48 98 28 48 3 22 7 84 44 29 36 68 78 43 25 92
92 19 52 82 19 49 72 11 81 64 73 12 73 54 74 51 99 76 73 87 78 68 33 79 72 64 48 10 93 15 63 59 67 78 46 55 7 30 20 94 58 100 50 75 8 42 73 0 11 96 49 47 38 8 59 45 27 59 57 72 30 57 87 51 33 83 93 83 75 15 93 55 76 41 62 61 43 58 99 65 99
15 7 35 99 21 30 72 67 22 51 52 2 6 7 31 28 24 95 11 30 39 94 10 27 72 0 16 5 61 12 16 15 46 19 20 63 18 93 12 92 30 11 53 23 76 73 0 11 0 45 40 85 17 88 89 57 84 15 25 56 4 96 74 13 30 82 35 91 33 29 57 68 24 39 26 61 65 83 3 53 49
49 37 38 44 64 42 54 38 61 91 70 30 30 21 3 28 46 49 92 93 99 98 25 86 69 98 87 30 18 63 91 37 22 37 73 5 34 38 76 61 51 90 85 56 64 5 54 96 45 0 18 96 22 56 15 22 49 5 62 53 0 8 39 36 30 56 78 83 16 54 50 50 78 73 17 83 39 37 18 11 53
35 51 50 21 58 80 20 79 26 24 1 22 10 48 20 58 67 44 10 17 78 35 18 34 25 84 66 88 0 59 85 91 26 6 39 49 62 24 66 57 92 33 37 77 48 91 13 49 40 18 0 45 92 62 98 30 23 66 9 88 33 79 40 9 5 63 15 47 90 67 44 37 57 34 93 86 77 15 40 28 83
30 61 61 37 43 53 2 54 54 30 75 60 95 18 16 87 97 19 100 66 39 62 46 78 27 29 81 98 72 71 79 77 6 94 2 1 0 32 54 25 47 52 12 19 13 84 9 47 85 96 45 0 69 41 63 71 4 85 40 100 76 19 31 14 10 83 28 96 7 72 89 45 37 63 9 77 95 41 63 16 59
23 43 60 8 88 80 78 91 83 97 97 70 55 56 3 92 64 68 46 91 34 85 40 57 84 19 24 98 18 21 33 89 16 51 56 26 60 86 94 29 67 44 43 33 39 48 69 38 17 22 92 69 0 84 97 97 28 15 17 72 33 25 51 73 37 74 2 10 74 47 29 54 81 30 40 19 27 10 68 40 90
90 38 12 70 90 9 49 92 11 80 28 42 48 83 21 48 55 81 80 72 4 20 22 9 31 36 51 9 44 35 6 53 55 31 31 73 68 66 7 29 3 32 41 2 93 1 17 8 88 56 62 41 84 0 58 40 85 83 100 43 16 68 24 85 48 54 26 66 8 18 54 7 68 73 86 14 89 12 35 68 25
13 97 82 49 33 6 16 42 46 100 96 48 79 94 25 22 13 94 63 44 93 94 39 44 40 11 1 16 90 30 11 18 50 70 64 72 21 79 73 0 79 64 55 49 72 71 86 59 89 15 98 63 97 58 0 94 83 72 63 87 43 23 36 92 27 48 26 12 23 47 84 22 31 48 14 51 44 58 46 18 25
26 53 42 44 86 61 45 2 6 44 66 12 64 47 2 35 92 0 75 53 34 44 22 42 60 27 61 44 22 18 82 37 51 53 70 37 25 85 55 21 85 40 94 12 4 20 23 45 57 22 30 71 97 40 94 0 98 23 47 60 74 86 42 80 98 37 93 40 48 47 71 72 100 25 34 76 9 69 8 18 80
35 100 4 53 5 11 62 85 65 6 31 32 45 94 24 1 87 10 72 76 32 57 97 93 82 54 8 78 28 14 60 55 41 34 64 40 21 85 4 75 39 41 47 59 8 89 12 27 84 49 23 4 28 85 83 98 0 83 56 52 62 6 9 86 64 6 86 20 67 14 60 60 5 27 18 88 18 57 39 87 38
85 1 7 81 89 55 26 14 48 37 74 66 72 60 18 41 55 2 31 23 34 80 45 21 54 49 38 7 71 77 11 67 94 26 44 60 39 62 74 59 95 46 17 92 36 8 45 59 15 5 66 85 15 83 72 23 83 0 18 25 59 41 37 36 4 24 23 33 78 30 38 32 68 71 56 78 14 30 49 78 43
5 7 85 52 24 38 41 75 87 37 87 10 41 72 44 17 21 57 90 89 16 10 37 51 1 35 35 97 5 31 84 84 29 62 71 72 73 1 65 36 17 37 22 24 12 45 27 57 25 62 9 40 17 100 63 47 56 18 0 87 78 23 89 41 17 56 2 70 46 40 26 3 32 59 77 30 81 8 87 36 3
82 86 98 22 51 63 70 3 42 43 25 60 54 40 59 90 0 95 65 54 51 82 78 99 16 92 90 1 95 55 56 29 44 38 75 30 20 40 3 94 2 97 100 78 12 71 56 72 56 53 88 100 72 43 87 60 52 25 87 0 74 9 62 84 78 34 24 68 76 79 74 58 26 83 52 22 39 35 20 71 93
50 34 66 22 98 37 83 16 18 39 78 19 15 51 2 33 49 22 33 45 76 83 98 80 80 99 84 95 65 95 81 4 1 44 94 50 13 39 52 72 21 35 38 37 93 7 72 30 4 0 33 76 33 16 43 74 62 59 78 74 0 86 13 60 41 6 90 86 19 65 64 25 81 94 25 80 97 91 6 86 81
9 11 11 14 68 100 37 100 76 60 39 72 48 54 84 49 63 81 26 86 41 100 68 86 83 77 12 58 0 85 41 98 97 77 73 63 8 22 58 33 60 31 29 92 0 51 7 57 96 8 79 19 25 68 23 86 6 41 23 9 86 0 96 77 84 1 0 64 15 94 17 84 55 28 66 9 2 4 72 14 83
96 32 12 31 55 92 8 0 89 100 0 69 28 33 32 40 91 49 5 37 49 13 89 22 42 21 68 26 31 6 48 19 5 40 85 52 52 91 57 17 58 68 8 10 57 16 12 87 74 39 40 31 51 24 36 42 9 37 89 62 13 96 0 17 50 45 52 41 22 7 13 43 44 45 9 86 86 92 80 75 97
5 0 29 64 10 4 49 36 75 69 37 11 32 34 17 52 56 8 88 78 100 22 39 46 96 100 51 50 16 56 18 47 31 3 95 83 2 50 56 16 22 20 45 98 2 72 23 51 13 36 9 14 73 85 92 80 86 36 41 84 60 77 17 0 1 10 1 86 32 91 41 53 14 29 99 50 33 76 36 50 60
26 6 53 81 37 16 99 32 11 11 38 24 15 93 14 74 45 8 92 33 94 13 70 87 37 78 13 57 3 64 24 38 35 77 86 59 30 28 79 0 49 88 81 74 36 91 68 33 30 30 5 10 37 48 27 98 64 4 17 78 41 84 50 1 0 86 92 10 73 76 58 54 26 74 29 80 44 8 83 89 69
8 68 79 8 29 83 73 26 66 40 50 61 82 57 11 79 51 43 44 9 64 63 77 27 40 43 2 84 46 43 2 43 9 7 12 3 12 9 52 66 76 0 97 4 66 42 48 83 82 56 63 83 74 54 48 37 6 24 56 34 6 1 45 10 86 0 62 0 98 46 6 68 42 80 25 81 62 23 95 10 37
90 20 45 24 22 42 84 74 52 42 72 12 72 49 92 21 24 48 87 58 96 64 33 76 12 92 79 78 28 42 17 78 61 82 24 22 69 56 6 50 31 57 32 12 88 23 98 93 35 78 15 28 2 26 26 93 86 23 2 24 90 0 52 1 92 62 0 36 40 89 20 44 64 73 45 25 78 5 42 66 21
53 34 99 60 38 94 23 22 0 83 6 83 54 97 30 6 58 30 36 29 78 71 95 64 13 12 50 47 56 19 6 11 27 1 59 47 80 74 52 24 29 43 12 76 78 73 28 83 91 83 47 96 10 66 12 40 20 33 70 68 86 64 41 86 10 0 36 0 92 52 87 7 8 19 18 39 27 25 79 86 8
1 29 4 54 92 94 69 81 43 38 93 24 60 70 57 74 40 52 74 67 50 0 47 91 0 51 2 52 30 50 43 37 2 90 75 68 6 48 8 66 32 72 79 22 22 92 48 75 33 16 90 7 74 8 23 48 67 78 46 76 19 15 22 32 73 98 40 92 0 24 72 94 76 74 49 11 1 46 66 15 37
78 88 76 30 26 72 21 62 81 1 80 43 71 100 25 51 65 68 99 19 42 88 36 50 4 73 66 58 45 84 19 38 53 100 97 90 3 64 9 44 25 60 92 27 26 11 3 15 29 54 67 72 47 18 47 47 14 30 40 79 65 94 7 91 76 46 89 52 24 0 44 46 39 39 25 22 35 89 45 98 62
97 39 48 56 12 61 88 95 27 57 76 36 93 88 98 67 36 63 61 68 30 77 97 49 17 3 93 18 9 91 2 31 97 73 88 1 24 50 9 19 36 33 79 99 59 51 22 93 57 50 44 89 29 54 84 71 60 38 26 74 64 17 13 41 58 6 20 87 72 44 0 58 85 72 14 17 27 41 13 72 31
82 70 71 58 58 52 51 69 14 71 38 70 76 9 48 24 8 92 25 29 48 68 7 52 39 76 57 2 18 67 39 85 47 74 51 4 42 77 37 89 91 84 68 77 40 32 7 55 68 50 37 45 54 7 22 72 60 32 3 58 25 84 43 53 54 68 44 7 94 46 58 0 43 22 74 92 51 37 12 11 38
38 42 41 59 91 4 99 20 38 93 70 62 38 23 72 8 4 76 53 66 6 15 73 35 58 57 33 63 2 98 45 51 92 2 85 49 45 68 93 31 44 66 26 97 7 23 84 76 24 78 57 37 81 68 31 100 5 68 32 26 81 55 44 14 26 42 64 8 76 39 85 43 0 26 66 12 56 15 66 17 5
69 33 73 77 94 57 10 79 73 55 34 56 54 59 96 54 100 62 95 62 39 26 80 74 82 52 77 15 73 11 77 23 17 71 54 93 66 4 5 90 19 59 68 67 98 41 44 41 39 73 34 63 30 73 48 25 27 71 59 83 94 28 45 29 74 80 73 19 74 39 72 22 26 0 97 75 92 8 13 75 75
37 19 82 68 35 86 50 61 77 70 46 56 71 8 38 24 45 48 100 14 60 51 72 80 69 26 12 13 65 35 79 71 52 90 29 7 45 10 60 45 15 36 95 74 61 99 29 62 26 17 93 9 40 86 14 34 18 56 77 52 25 66 9 99 29 25 45 18 49 25 14 74 66 97 0 75 98 50 42 2 92
74 82 16 89 49 55 85 40 57 94 60 95 29 2 72 30 36 10 38 41 94 22 26 73 99 12 17 97 32 25 23 42 20 36 74 67 52 67 56 87 29 87 74 1 89 58 36 61 61 83 86 77 19 14 51 76 88 78 30 22 80 9 86 50 80 81 25 39 11 22 17 92 12 75 75 0 32 12 49 97 96
2 83 85 58 31 32 63 13 4 98 81 65 4 16 93 56 42 11 46 27 26 64 46 32 47 1 3 24 60 66 49 4 85 63 23 59 86 2 71 21 42 38 14 17 83 40 68 43 65 39 77 95 27 89 44 9 18 14 81 39 97 2 86 33 44 62 78 27 1 35 27 51 56 92 98 32 0 81 49 25 68
40 11 93 54 62 17 9 32 64 45 59 25 4 77 85 31 77 13 13 62 69 49 53 74 50 35 23 84 12 47 34 76 11 84 10 18 58 13 12 4 95 94 27 59 53 73 78 58 83 37 15 41 10 12 58 69 57 30 8 35 91 4 92 76 8 23 5 25 46 89 41 37 15 8 50 12 81 0 79 39 40
94 92 52 60 86 76 15 39 69 39 57 38 42 1 84 30 82 34 17 23 46 71 96 80 51 3 59 3 11 40 88 12 95 90 23 67 94 100 29 26 59 11 16 100 11 52 43 99 3 18 40 63 68 35 46 8 39 49 87 20 6 72 80 36 83 95 42 79 66 45 13 12 66 13 42 49 49 79 0 37 25
19 41 33 85 18 87 61 46 56 10 67 18 10 52 16 83 90 83 64 90 73 61 68 52 97 34 46 46 68 2 2 50 19 55 58 51 11 89 5 35 75 62 75 21 30 77 25 65 53 11 28 16 40 68 18 18 87 78 36 71 86 14 75 50 89 10 66 86 15 98 72 11 17 75 2 97 25 39 37 0 44
89 61 51 3 20 18 63 99 4 16 36 18 43 5 92 53 80 96 56 70 6 53 24 30 75 60 7 75 8 86 68 96 46 38 48 17 19 61 61 38 13 86 47 73 39 52 92 99 49 53 83 59 90 25 25 80 38 43 3 93 81 83 97 60 69 37 21 8 37 62 31 38 5 75 92 96 68 40 25 44 0
