85 5
72 76 53 91 45 15 29 25 30 1 50 91 3 71 63 61 23 29 54 22 31 7 77 29 34 7 84 72 31 35 9 91 85 33 19 71 42 51 24 23 78 78 100 14 42 60 79 28 45 76 72 39 53 85 41 76 7 100 51 11 73 93 83 13 75 78 71 58 83 52 19 72 68 95 12 96 64 73 11 21 67 54 80 55 9
0 55 70 20 11 2 1 70 20 62 14 36 43 15 91 35 87 4 31 10 48 97 9 3 19 20 78 91 50 51 4 100 67 0 43 74 18 62 91 78 59 5 52 61 0 22 11 86 13 46 70 0 24 27 10 78 27 17 76 51 9 57 80 19 37 85 64 79 61 54 96 16 3 84 81 4 6 49 80 47 78 31 40 50 12 21
55 0 80 56 43 0 18 71 41 30 41 77 27 71 37 100 75 58 17 7 91 42 5 75 0 57 14 84 11 9 85 51 75 11 22 55 90 36 80 42 60 93 6 78 46 62 68 79 25 81 68 40 67 30 94 67 46 93 5 86 47 25 4 58 21 7 28 9 16 35 72 31 57 41 99 18 64 17 32 20 97 87 92 46 44 63
70 80 0 14 67 75 63 56 88 62 100 50 80 63 80 33 74 49 95 43 97 33 28 9 98 7 25 74 67 55 36 83 84 30 48 91 71 92 3 29 100 96 100 53 48 24 50 62 63 51 94 86 94 42 17 36 11 7 97 82 57 57 9 80 33 32 78 92 86 77 4 4 9 50 8 50 1 3 44 33 83 42 11 88 33 58
20 56 14 0 98 14 86 45 62 49 43 2 64 21 43 87 32 50 5 58 74 81 64 69 23 84 39 63 48 32 50 36 0 23 54 36 29 33 44 40 34 52 62 49 81 26 28 21 81 47 42 72 100 69 31 74 29 10 53 61 12 73 14 84 72 92 25 83 24 43 60 99 32 25 89 59 38 84 53 62 28 35 79 65 60 66
11 43 67 98 0 46 59 3 50 77 31 21 94 9 79 30 62 42 76 26 31 49 86 45 96 65 79 34 54 86 28 2 78 49 1 46 3 98 25 3 76 62 94 5 19 47 67 51 25 42 92 50 60 42 0 2 18 58 92 58 46 5 44 9 54 42 46 20 55 66 78 28 20 22 83 30 58 94 73 39 48 6 90 64 88 14
2 0 75 14 46 0 15 80 10 25 29 0 27 16 86 56 32 95 6 85 50 8 78 48 61 75 12 47 40 3 14 97 79 14 82 84 45 45 20 92 7 85 41 63 42 41 44 62 89 9 95 5 72 44 61 12 47 75 21 11 59 77 12 34 48 77 49 15 9 26 71 57 50 55 91 49 0 50 25 4 95 62 77 67 77 24
1 18 63 86 59 15 0 43 34 9 88 5 23 0 19 58 16 44 11 34 22 44 46 36 63 47 21 80 41 21 24 90 13 23 7 10 59 71 35 51 88 3 43 2 35 27 52 16 72 39 36 96 56 18 82 23 62 97 18 92 26 34 52 25 11 3 88 69 84 53 46 15 72 53 71 69 47 11 100 56 29 27 12 13 28 67
70 71 56 45 3 80 43 0 30 67 21 36 14 2 9 68 40 85 8 17 86 91 92 40 66 21 55 90 32 91 22 80 99 51 85 2 52 67 35 31 58 87 74 29 91 55 17 85 10 59 82 26 67 47 86 84 76 87 25 87 54 71 65 32 83 91 49 25 79 52 48 45 81 67 59 1 22 21 87 88 23 62 70 3 62 63
20 41 88 62 50 10 34 30 0 12 3 23 20 54 73 96 49 93 28 1 6 30 73 62 81 3 46 71 84 96 45 63 79 0 9 17 7 53 73 6 23 28 53 92 53 93 81 9 63 9 54 89 13 88 13 43 51 10 67 61 5 92 10 75 41 38 19 3 48 31 43 81 58 84 63 98 42 43 98 49 23 41 16 7 31 60
62 30 62 49 77 25 9 67 12 0 71 14 29 73 76 100 38 31 93 24 67 75 0 6 77 90 78 5 16 96 26 62 4 40 16 49 79 38 84 0 16 7 19 60 14 44 0 41 79 3 11 1 70 63 92 21 86 6 15 48 45 35 89 49 42 23 39 66 1 89 65 9 19 92 7 36 30 66 77 32 55 38 5 30 86 11
14 41 100 43 31 29 88 21 3 71 0 90 63 18 63 65 13 64 83 1 1 48 46 1 60 6 47 20 42 15 6 34 86 33 100 60 52 84 49 94 47 68 5 54 3 40 20 33 72 19 27 55 47 47 99 53 70 26 70 11 75 41 9 45 63 75 35 35 99 48 48 48 53 28 6 82 78 47 72 73 38 98 58 36 5 27
36 77 50 2 21 0 5 36 23 14 90 0 77 9 84 43 53 8 32 61 8 22 63 22 13 70 99 71 9 53 51 17 23 4 43 0 53 13 67 60 50 26 55 25 83 75 87 58 20 2 45 35 6 74 31 45 64 30 38 50 79 54 0 57 8 22 48 35 79 43 52 44 42 65 24 49 12 5 63 21 58 8 5 53 92 2
43 27 80 64 94 27 23 14 20 29 63 77 0 26 87 6 7 59 6 69 8 68 21 73 59 31 54 15 63 25 85 43 45 87 39 26 8 94 22 37 69 34 59 41 47 45 78 9 77 93 47 7 37 84 55 58 60 98 96 100 0 93 11 46 88 46 7 42 27 62 40 37 74 23 0 71 98 30 20 89 32 82 64 79 68 89
15 71 63 21 9 16 0 2 54 73 18 9 26 0 52 96 88 34 78 97 67 13 94 62 77 33 42 31 27 20 43 82 34 91 47 79 20 48 47 71 96 24 82 70 83 24 13 15 74 44 82 8 37 37 9 33 62 99 69 60 42 32 35 21 45 9 63 26 13 97 78 16 44 63 46 62 9 26 79 89 41 98 47 27 36 67
91 37 80 43 79 86 19 9 73 76 63 84 87 52 0 74 35 82 75 51 61 30 52 41 65 71 18 47 5 92 42 5 7 35 8 17 50 72 83 65 48 28 71 19 46 33 37 4 75 0 25 73 32 53 44 56 98 88 75 41 35 19 92 95 19 59 54 40 14 3 52 99 74 33 8 25 23 41 58 77 95 15 54 80 37 65
35 100 33 87 30 56 58 68 96 100 65 43 6 96 74 0 50 22 43 22 8 82 5 99 100 6 82 0 24 22 68 62 88 95 42 21 1 83 68 54 99 97 62 90 31 0 36 45 36 41 31 80 53 19 64 74 88 78 23 44 46 7 16 21 64 70 50 35 48 22 45 9 36 53 47 37 8 25 54 30 29 71 53 100 70 8
87 75 74 32 62 32 16 40 49 38 13 53 7 88 35 50 0 57 40 45 57 16 31 53 44 26 17 51 6 3 69 97 70 99 15 55 54 50 57 48 28 53 4 52 37 88 35 95 75 79 9 10 77 60 59 82 14 12 35 12 50 89 99 59 52 51 12 70 30 64 0 19 20 29 68 23 47 17 23 100 52 69 83 56 4 50
4 58 49 50 42 95 44 85 93 31 64 8 59 34 82 22 57 0 31 75 68 7 78 38 11 67 30 91 23 83 22 36 70 66 74 77 75 46 71 69 76 87 44 85 89 42 4 4 46 28 97 73 72 89 93 39 27 10 0 74 22 66 20 25 8 50 6 12 4 37 86 0 85 74 7 12 41 87 83 65 89 41 17 81 17 14
31 17 95 5 76 6 11 8 28 93 83 32 6 78 75 43 40 31 0 62 59 15 46 16 78 80 68 89 85 75 94 27 54 39 56 46 51 30 88 51 73 23 37 5 26 51 5 87 60 38 93 26 61 6 77 14 20 24 69 19 29 24 15 86 1 96 34 22 39 69 59 17 87 2 65 28 27 64 72 50 71 74 2 38 5 3
10 7 43 58 26 85 34 17 1 24 1 61 69 97 51 22 45 75 62 0 0 32 39 14 17 24 31 49 54 33 99 66 85 37 29 39 37 48 23 94 55 47 98 90 7 66 33 92 20 32 19 45 81 80 20 85 65 35 57 92 0 65 70 72 34 97 65 82 35 69 18 63 17 85 60 19 34 45 13 3 73 54 15 26 43 86
48 91 97 74 31 50 22 86 6 67 1 8 8 67 61 8 57 68 59 0 0 60 75 95 55 81 0 31 13 18 94 88 12 65 8 72 54 85 74 86 43 35 42 87 24 10 87 63 85 72 23 81 62 56 78 97 78 72 82 66 72 12 19 14 27 50 84 43 78 17 36 40 37 70 51 48 44 13 4 40 83 54 13 29 11 29
97 42 33 81 49 8 44 91 30 75 48 22 68 13 30 82 16 7 15 32 60 0 17 45 68 56 27 40 91 15 44 12 67 73 54 16 59 96 48 60 43 4 13 72 21 50 0 5 77 23 100 3 56 50 63 69 23 42 13 22 86 32 52 14 44 54 69 51 4 87 95 31 80 70 18 50 69 46 74 66 5 69 27 79 40 31
9 5 28 64 86 78 46 92 73 0 46 63 21 94 52 5 31 78 46 39 75 17 0 94 7 81 8 38 6 51 90 75 15 87 16 62 62 99 10 35 82 40 34 88 37 82 64 38 24 0 100 44 4 91 21 93 78 79 61 9 96 40 68 31 19 79 50 63 60 27 97 54 78 73 54 75 82 97 15 75 52 57 40 100 34 99
3 75 9 69 45 48 36 40 62 6 1 22 73 62 41 99 53 38 16 14 95 45 94 0 0 55 39 96 15 21 45 7 81 58 30 45 10 11 49 36 1 10 96 93 12 3 82 13 58 47 17 67 30 98 33 50 62 94 59 46 75 16 60 95 85 99 14 97 38 80 46 52 83 91 79 39 18 21 47 17 34 23 44 26 51 43
19 0 98 23 96 61 63 66 81 77 60 13 59 77 65 100 44 11 78 17 55 68 7 0 0 89 19 88 94 8 89 59 16 69 32 96 14 72 85 75 94 1 15 48 59 47 48 96 39 74 69 19 28 65 57 100 51 15 25 50 70 79 99 47 93 100 8 39 31 31 15 55 66 73 26 41 62 94 59 92 76 97 91 65 86 39
20 57 7 84 65 75 47 21 3 90 6 70 31 33 71 6 26 67 80 24 81 56 81 55 89 0 65 48 81 60 60 13 93 12 45 29 82 16 8 48 20 16 95 14 50 35 28 27 38 85 33 81 93 70 65 78 29 95 6 96 93 57 10 31 57 90 32 78 90 55 72 70 49 88 15 52 29 55 83 47 45 45 77 49 88 3
78 14 25 39 79 12 21 55 46 78 47 99 54 42 18 82 17 30 68 31 0 27 8 39 19 65 0 4 66 98 0 31 22 36 92 18 60 63 44 43 26 95 99 71 65 47 53 87 75 33 76 63 41 43 57 73 31 78 76 50 51 58 8 26 31 62 59 43 42 27 34 82 52 55 33 42 59 86 3 100 2 15 82 99 16 1
91 84 74 63 34 47 80 90 71 5 20 71 15 31 47 0 51 91 89 49 31 40 38 96 88 48 4 0 90 20 73 20 59 93 99 42 82 92 21 77 58 22 86 38 68 70 40 1 1 20 96 41 100 3 46 63 20 85 52 76 36 11 16 20 50 61 68 81 92 38 40 26 83 69 4 35 2 69 58 14 65 88 46 39 93 81
50 11 67 48 54 40 41 32 84 16 42 9 63 27 5 24 6 23 85 54 13 91 6 15 94 81 66 90 0 83 40 62 86 28 73 48 51 63 27 44 22 61 79 9 26 20 8 42 25 59 23 71 5 89 0 67 3 8 100 73 4 47 23 44 14 52 22 63 46 21 18 34 53 72 80 8 19 67 18 12 42 62 20 3 83 88
51 9 55 32 86 3 21 91 96 96 15 53 25 20 92 22 3 83 75 33 18 15 51 21 8 60 98 20 83 0 69 94 82 34 75 95 27 81 99 24 18 68 31 44 48 71 69 3 38 87 3 96 39 17 62 66 26 53 38 75 51 52 49 10 19 87 31 66 82 73 20 59 42 74 6 12 14 44 12 15 95 23 29 56 39 55
4 85 36 50 28 14 24 22 45 26 6 51 85 43 42 68 69 22 94 99 94 44 90 45 89 60 0 73 40 69 0 1 87 35 49 59 64 56 28 86 98 59 0 62 63 15 79 35 50 43 16 94 90 13 53 94 23 94 80 87 13 47 96 4 78 62 84 16 2 79 89 26 20 0 69 55 75 15 37 11 36 21 0 9 41 60
100 51 83 36 2 97 90 80 63 62 34 17 43 82 5 62 97 36 27 66 88 12 75 7 59 13 31 20 62 94 1 0 30 21 79 81 47 90 98 65 67 44 36 61 44 73 23 57 15 59 94 61 78 57 23 8 43 79 77 49 57 1 24 96 66 0 68 17 60 14 69 17 18 27 29 97 76 41 7 92 95 32 79 97 42 53
67 75 84 0 78 79 13 99 79 4 86 23 45 34 7 88 70 70 54 85 12 67 15 81 16 93 22 59 86 82 87 30 0 60 16 99 33 82 49 78 55 89 22 96 88 89 14 52 88 96 93 81 11 29 24 73 90 19 78 44 67 40 66 58 26 11 16 31 65 78 39 93 33 16 67 64 27 64 41 2 26 74 74 83 98 98
0 11 30 23 49 14 23 51 0 40 33 4 87 91 35 95 99 66 39 37 65 73 87 58 69 12 36 93 28 34 35 21 60 0 58 79 79 74 74 35 26 49 64 37 79 3 69 83 26 62 29 7 16 14 28 32 77 24 38 48 5 31 26 50 63 86 64 15 19 0 76 64 73 44 13 39 63 35 83 43 76 13 31 3 56 78
43 22 48 54 1 82 7 85 9 16 100 43 39 47 8 42 15 74 56 29 8 54 16 30 32 45 92 99 73 75 49 79 16 58 0 9 73 63 26 34 26 11 87 40 38 37 63 55 18 25 32 71 81 66 97 65 36 32 59 50 61 22 98 63 57 53 89 82 93 93 22 96 74 86 12 5 98 58 41 59 10 28 74 9 91 7
74 55 91 36 46 84 10 2 17 49 60 0 26 79 17 21 55 77 46 39 72 16 62 45 96 29 18 42 48 95 59 81 99 79 9 0 9 80 72 72 18 71 93 4 78 50 87 28 98 37 58 5 82 64 7 78 71 16 2 26 64 2 77 100 26 89 85 98 42 3 20 30 10 83 10 78 73 62 90 18 53 98 87 52 60 88
18 90 71 29 3 45 59 52 7 79 52 53 8 20 50 1 54 75 51 37 54 59 62 10 14 82 60 82 51 27 64 47 33 79 73 9 0 19 47 7 70 97 84 73 65 15 89 83 49 77 27 75 1 80 81 15 88 92 11 88 2 16 79 56 66 69 69 74 53 22 13 36 19 30 82 82 46 18 21 85 18 3 95 81 50 35
62 36 92 33 98 45 71 67 53 38 84 13 94 48 72 83 50 46 30 48 85 96 99 11 72 16 63 92 63 81 56 90 82 74 63 80 19 0 70 9 97 97 33 17 49 44 15 47 63 21 82 53 68 8 39 24 61 46 17 18 27 94 99 40 21 0 84 83 88 87 51 26 84 52 66 2 67 1 12 10 24 44 21 28 21 82
91 80 3 44 25 20 35 35 73 84 49 67 22 47 83 68 57 71 88 23 74 48 10 49 85 8 44 21 27 99 28 98 49 74 26 72 47 70 0 40 51 34 90 12 36 14 44 88 28 70 94 11 30 2 65 30 71 3 66 69 6 27 57 32 96 0 1 36 90 70 3 37 91 14 26 28 90 82 25 26 87 33 90 59 95 49
78 42 29 40 3 92 51 31 6 0 94 60 37 71 65 54 48 69 51 94 86 60 35 36 75 48 43 77 44 24 86 65 78 35 34 72 7 9 40 0 63 100 1 6 43 34 82 6 14 24 20 54 78 81 55 10 62 73 89 0 91 63 42 53 76 62 32 32 48 100 70 27 82 71 39 20 84 3 1 7 3 99 67 100 37 50
59 60 100 34 76 7 88 58 23 16 47 50 69 96 48 99 28 76 73 55 43 43 82 1 94 20 26 58 22 18 98 67 55 26 26 18 70 97 51 63 0 40 26 93 72 42 56 82 76 65 59 38 9 25 10 26 73 97 76 89 58 77 38 20 39 8 66 71 12 73 16 65 10 17 19 87 30 51 43 41 57 47 98 32 46 64
5 93 96 52 62 85 3 87 28 7 68 26 34 24 28 97 53 87 23 47 35 4 40 10 1 16 95 22 61 68 59 44 89 49 11 71 97 97 34 100 40 0 14 71 56 20 59 75 2 5 14 93 77 65 31 22 43 30 88 43 90 57 4 98 11 98 93 51 47 93 96 47 31 89 40 37 20 6 97 96 42 23 62 78 32 16
52 6 100 62 94 41 43 74 53 19 5 55 59 82 71 62 4 44 37 98 42 13 34 96 15 95 99 86 79 31 0 36 22 64 87 93 84 33 90 1 26 14 0 8 24 47 42 34 25 60 13 46 4 17 61 71 0 56 14 40 11 5 48 9 88 4 78 82 19 53 72 22 64 61 68 52 17 89 49 63 3 85 100 93 24 30
61 78 53 49 5 63 2 29 92 60 54 25 41 70 19 90 52 85 5 90 87 72 88 93 48 14 71 38 9 44 62 61 96 37 40 4 73 17 12 6 93 71 8 0 12 53 80 96 99 59 10 64 22 8 10 66 44 51 14 66 81 86 85 75 72 56 84 23 10 27 63 87 90 86 23 40 69 12 98 73 34 66 12 23 80 91
0 46 48 81 19 42 35 91 53 14 3 83 47 83 46 31 37 89 26 7 24 21 37 12 59 50 65 68 26 48 63 44 88 79 38 78 65 49 36 43 72 56 24 12 0 72 54 46 42 8 92 86 9 91 24 28 60 57 61 46 78 63 71 37 4 37 3 74 71 55 76 0 92 87 22 43 3 100 92 100 30 76 82 83 64 58
22 62 24 26 47 41 27 55 93 44 40 75 45 24 33 0 88 42 51 66 10 50 82 3 47 35 47 70 20 71 15 73 89 3 37 50 15 44 14 34 42 20 47 53 72 0 41 38 51 6 31 15 7 8 21 73 100 26 74 23 75 72 1 6 70 72 62 26 25 55 30 6 27 20 72 64 71 87 37 54 28 22 81 24 55 15
11 68 50 28 67 44 52 17 81 0 20 87 78 13 37 36 35 4 5 33 87 0 64 82 48 28 53 40 8 69 79 23 14 69 63 87 89 15 44 82 56 59 42 80 54 41 0 64 63 87 64 5 53 0 86 77 96 78 84 29 32 95 15 36 8 42 61 96 77 68 22 26 13 61 39 67 58 8 45 62 38 21 12 18 28 1
86 79 62 21 51 62 16 85 9 41 33 58 9 15 4 45 95 4 87 92 63 5 38 13 96 27 87 1 42 3 35 57 52 83 55 28 83 47 88 6 82 75 34 96 46 38 64 0 85 56 37 10 51 39 84 6 80 62 99 8 13 50 71 56 82 29 99 3 57 47 8 84 7 29 30 100 62 31 44 36 70 5 17 5 7 92
13 25 63 81 25 89 72 10 63 79 72 20 77 74 75 36 75 46 60 20 85 77 24 58 39 38 75 1 25 38 50 15 88 26 18 98 49 63 28 14 76 2 25 99 42 51 63 85 0 31 89 97 65 13 15 9 30 83 5 9 68 18 95 55 56 98 99 45 53 50 32 46 89 50 76 66 82 57 23 78 10 17 32 43 2 51
46 81 51 47 42 9 39 59 9 3 19 2 93 44 0 41 79 28 38 32 72 23 0 47 74 85 33 20 59 87 43 59 96 62 25 37 77 21 70 24 65 5 60 59 8 6 87 56 31 0 87 8 64 11 24 92 9 33 80 80 9 55 30 72 91 5 47 33 83 82 87 73 49 94 59 4 80 63 44 46 17 1 54 49 72 57
70 68 94 42 92 95 36 82 54 11 27 45 47 82 25 31 9 97 93 19 23 100 100 17 69 33 76 96 23 3 16 94 93 29 32 58 27 82 94 20 59 14 13 10 92 31 64 37 89 87 0 49 7 47 17 7 79 53 10 100 83 73 35 67 96 39 62 46 83 34 34 69 74 82 74 41 57 7 74 47 4 23 51 60 60 34
0 40 86 72 50 5 96 26 89 1 55 35 7 8 73 80 10 73 26 45 81 3 44 67 19 81 63 41 71 96 94 61 81 7 71 5 75 53 11 54 38 93 46 64 86 15 5 10 97 8 49 0 10 83 58 13 2 48 49 26 18 6 27 76 92 10 49 40 28 64 38 83 70 3 74 45 84 98 71 60 43 7 47 30 26 80
24 67 94 100 60 72 56 67 13 70 47 6 37 37 32 53 77 72 61 81 62 56 4 30 28 93 41 100 5 39 90 78 11 16 81 82 1 68 30 78 9 77 4 22 9 7 53 51 65 64 7 10 0 47 100 50 56 63 19 47 92 91 16 84 61 18 64 15 94 82 67 73 9 61 25 45 54 99 0 90 59 72 64 32 63 89
27 30 42 69 42 44 18 47 88 63 47 74 84 37 53 19 60 89 6 80 56 50 91 98 65 70 43 3 89 17 13 57 29 14 66 64 80 8 2 81 25 65 17 8 91 8 0 39 13 11 47 83 47 0 48 60 74 62 42 20 99 97 29 52 6 14 46 70 3 71 98 86 0 90 26 64 89 20 0 41 90 27 9 54 82 18
10 94 17 31 0 61 82 86 13 92 99 31 55 9 44 64 59 93 77 20 78 63 21 33 57 65 57 46 0 62 53 23 24 28 97 7 81 39 65 55 10 31 61 10 24 21 86 84 15 24 17 58 100 48 0 55 3 68 47 79 60 77 67 17 8 58 81 9 51 43 51 41 40 90 33 66 45 4 55 65 82 46 92 8 21 73
78 67 36 74 2 12 23 84 43 21 53 45 58 33 56 74 82 39 14 85 97 69 93 50 100 78 73 63 67 66 94 8 73 32 65 78 15 24 30 10 26 22 71 66 28 73 77 6 9 92 7 13 50 60 55 0 84 88 67 95 16 49 28 8 28 36 19 39 89 64 30 56 23 7 33 16 95 91 9 93 0 60 1 93 75 12
27 46 11 29 18 47 62 76 51 86 70 64 60 62 98 88 14 27 20 65 78 23 78 62 51 29 31 20 3 26 23 43 90 77 36 71 88 61 71 62 73 43 0 44 60 100 96 80 30 9 79 2 56 74 3 84 0 46 44 40 14 25 36 6 46 95 81 100 57 41 37 89 96 25 26 33 81 42 62 48 11 57 6 81 10 17
17 93 7 10 58 75 97 87 10 6 26 30 98 99 88 78 12 10 24 35 72 42 79 94 15 95 78 85 8 53 94 79 19 24 32 16 92 46 3 73 97 30 56 51 57 26 78 62 83 33 53 48 63 62 68 88 46 0 63 62 73 90 32 7 62 16 62 76 32 65 52 85 62 46 51 95 91 99 64 88 2 29 41 53 58 0
76 5 97 53 92 21 18 25 67 15 70 38 96 69 75 23 35 0 69 57 82 13 61 59 25 6 76 52 100 38 80 77 78 38 59 2 11 17 66 89 76 88 14 14 61 74 84 99 5 80 10 49 19 42 47 67 44 63 0 97 91 11 40 43 32 85 39 7 10 10 35 36 49 4 1 42 53 26 77 16 87 61 41 31 73 9
51 86 82 61 58 11 92 87 61 48 11 50 100 60 41 44 12 74 19 92 66 22 9 46 50 96 50 76 73 75 87 49 44 48 50 26 88 18 69 0 89 43 40 66 46 23 29 8 9 80 100 26 47 20 79 95 40 62 97 0 26 27 93 59 85 70 29 58 50 10 19 17 70 69 75 98 69 17 76 76 96 18 0 3 56 68
9 47 57 12 46 59 26 54 5 45 75 79 0 42 35 46 50 22 29 0 72 86 96 75 70 93 51 36 4 51 13 57 67 5 61 64 2 27 6 91 58 90 11 81 78 75 32 13 68 9 83 18 92 99 60 16 14 73 91 26 0 100 48 79 88 58 9 31 45 13 57 51 20 55 25 48 86 78 51 74 78 51 71 90 19 17
57 25 57 73 5 77 34 71 92 35 41 54 93 32 19 7 89 66 24 65 12 32 40 16 79 57 58 11 47 52 47 1 40 31 22 2 16 94 27 63 77 57 5 86 63 72 95 50 18 55 73 6 91 97 77 49 25 90 11 27 100 0 53 62 82 87 48 84 90 86 24 32 53 72 90 53 51 66 86 54 75 7 56 28 41 37
80 4 9 14 44 12 52 65 10 89 9 0 11 35 92 16 99 20 15 70 19 52 68 60 99 10 8 16 23 49 96 24 66 26 98 77 79 99 57 42 38 4 48 85 71 1 15 71 95 30 35 27 16 29 67 28 36 32 40 93 48 53 0 69 40 88 76 20 17 6 1 6 88 72 20 16 7 56 41 9 29 33 60 25 72 18
19 58 80 84 9 34 25 32 75 49 45 57 46 21 95 21 59 25 86 72 14 14 31 95 47 31 26 20 44 10 4 96 58 50 63 100 56 40 32 53 20 98 9 75 37 6 36 56 55 72 67 76 84 52 17 8 6 7 43 59 79 62 69 0 11 67 53 16 0 39 19 99 55 9 42 75 45 93 13 8 44 84 46 6 50 69
37 21 33 72 54 48 11 83 41 42 63 8 88 45 19 64 52 8 1 34 27 44 19 85 93 57 31 50 14 19 78 66 26 63 57 26 66 21 96 76 39 11 88 72 4 70 8 82 56 91 96 92 61 6 8 28 46 62 32 85 88 82 40 11 0 85 77 19 46 50 90 15 27 48 48 58 6 0 50 44 45 17 55 64 12 8
85 7 32 92 42 77 3 91 38 23 75 22 46 9 59 70 51 50 96 97 50 54 79 99 100 90 62 61 52 87 62 0 11 86 53 89 69 0 0 62 8 98 4 56 37 72 42 29 98 5 39 10 18 14 58 36 95 16 85 70 58 87 88 67 85 0 45 81 8 94 53 100 64 19 90 70 32 90 27 53 54 98 56 46 0 98
64 28 78 25 46 49 88 49 19 39 35 48 7 63 54 50 12 6 34 65 84 69 50 14 8 32 59 68 22 31 84 68 16 64 89 85 69 84 1 32 66 93 78 84 3 62 61 99 99 47 62 49 64 46 81 19 81 62 39 29 9 48 76 53 77 45 0 78 82 52 22 8 91 5 3 94 32 85 65 76 83 92 79 84 63 41
79 9 92 83 20 15 69 25 3 66 35 35 42 26 40 35 70 12 22 82 43 51 63 97 39 78 43 81 63 66 16 17 31 15 82 98 74 83 36 32 71 51 82 23 74 26 96 3 45 33 46 40 15 70 9 39 100 76 7 58 31 84 20 16 19 81 78 0 8 37 29 47 84 55 53 94 69 22 49 25 0 76 80 71 94 81
61 16 86 24 55 9 84 79 48 1 99 79 27 13 14 48 30 4 39 35 78 4 60 38 31 90 42 92 46 82 2 60 65 19 93 42 53 88 90 48 12 47 19 10 71 25 77 57 53 83 83 28 94 3 51 89 57 32 10 50 45 90 17 0 46 8 82 8 0 64 47 43 5 68 53 48 18 72 75 25 1 17 80 79 50 81
54 35 77 43 66 26 53 52 31 89 48 43 62 97 3 22 64 37 69 69 17 87 27 80 31 55 27 38 21 73 79 14 78 0 93 3 22 87 70 100 73 93 53 27 55 55 68 47 50 82 34 64 82 71 43 64 41 65 10 10 13 86 6 39 50 94 52 37 64 0 91 17 42 40 41 67 43 44 58 18 99 10 94 60 91 44
96 72 4 60 78 71 46 48 43 65 48 52 40 78 52 45 0 86 59 18 36 95 97 46 15 72 34 40 18 20 89 69 39 76 22 20 13 51 3 70 16 96 72 63 76 30 22 8 32 87 34 38 67 98 51 30 37 52 35 19 57 24 1 19 90 53 22 29 47 91 0 82 16 65 42 19 1 59 42 71 46 29 90 27 34 27
16 31 4 99 28 57 15 45 81 9 48 44 37 16 99 9 19 0 17 63 40 31 54 52 55 70 82 26 34 59 26 17 93 64 96 30 36 26 37 27 65 47 22 87 0 6 26 84 46 73 69 83 73 86 41 56 89 85 36 17 51 32 6 99 15 100 8 47 43 17 82 0 83 97 97 15 90 80 64 3 11 14 40 50 10 19
3 57 9 32 20 50 72 81 58 19 53 42 74 44 74 36 20 85 87 17 37 80 78 83 66 49 52 83 53 42 20 18 33 73 74 10 19 84 91 82 10 31 64 90 92 27 13 7 89 49 74 70 9 0 40 23 96 62 49 70 20 53 88 55 27 64 91 84 5 42 16 83 0 74 33 45 89 10 11 70 59 39 97 34 65 14
84 41 50 25 22 55 53 67 84 92 28 65 23 63 33 53 29 74 2 85 70 70 73 91 73 88 55 69 72 74 0 27 16 44 86 83 30 52 14 71 17 89 61 86 87 20 61 29 50 94 82 3 61 90 90 7 25 46 4 69 55 72 72 9 48 19 5 55 68 40 65 97 74 0 71 58 12 11 1 85 65 87 73 89 57 65
81 99 8 89 83 91 71 59 63 7 6 24 0 46 8 47 68 7 65 60 51 18 54 79 26 15 33 4 80 6 69 29 67 13 12 10 82 66 26 39 19 40 68 23 22 72 39 30 76 59 74 74 25 26 33 33 26 51 1 75 25 90 20 42 48 90 3 53 53 41 42 97 33 71 0 36 43 34 18 80 27 80 86 70 61 52
4 18 50 59 30 49 69 1 98 36 82 49 71 62 25 37 23 12 28 19 48 50 75 39 41 52 42 35 8 12 55 97 64 39 5 78 82 2 28 20 87 37 52 40 43 64 67 100 66 4 41 45 45 64 66 16 33 95 42 98 48 53 16 75 58 70 94 94 48 67 19 15 45 58 36 0 33 70 98 71 92 31 16 73 73 31
6 64 1 38 58 0 47 22 42 30 78 12 98 9 23 8 47 41 27 34 44 69 82 18 62 29 59 2 19 14 75 76 27 63 98 73 46 67 90 84 30 20 17 69 3 71 58 62 82 80 57 84 54 89 45 95 81 91 53 69 86 51 7 45 6 32 32 69 18 43 1 90 89 12 43 33 0 27 33 21 6 0 4 69 71 19
49 17 3 84 94 50 11 21 43 66 47 5 30 26 41 25 17 87 64 45 13 46 97 21 94 55 86 69 67 44 15 41 64 35 58 62 18 1 82 3 51 6 89 12 100 87 8 31 57 63 7 98 99 20 4 91 42 99 26 17 78 66 56 93 0 90 85 22 72 44 59 80 10 11 34 70 27 0 76 72 73 5 78 39 31 81
80 32 44 53 73 25 100 87 98 77 72 63 20 79 58 54 23 83 72 13 4 74 15 47 59 83 3 58 18 12 37 7 41 83 41 90 21 12 25 1 43 97 49 98 92 37 45 44 23 44 74 71 0 0 55 9 62 64 77 76 51 86 41 13 50 27 65 49 75 58 42 64 11 1 18 98 33 76 0 86 56 60 71 38 93 43
47 20 33 62 39 4 56 88 49 32 73 21 89 89 77 30 100 65 50 3 40 66 75 17 92 47 100 14 12 15 11 92 2 43 59 18 85 10 26 7 41 96 63 73 100 54 62 36 78 46 47 60 90 41 65 93 48 88 16 76 74 54 9 8 44 53 76 25 25 18 71 3 70 85 80 71 21 72 86 0 0 64 85 85 43 81
78 97 83 28 48 95 29 23 23 55 38 58 32 41 95 29 52 89 71 73 83 5 52 34 76 45 2 65 42 95 36 95 26 76 10 53 18 24 87 3 57 42 3 34 30 28 38 70 10 17 4 43 59 90 82 0 11 2 87 96 78 75 29 44 45 54 83 0 1 99 46 11 59 65 27 92 6 73 56 0 0 46 57 23 1 49
31 87 42 35 6 62 27 62 41 38 98 8 82 98 15 71 69 41 74 54 54 69 57 23 97 45 15 88 62 23 21 32 74 13 28 98 3 44 33 99 47 23 85 66 76 22 21 5 17 1 23 7 72 27 46 60 57 29 61 18 51 7 33 84 17 98 92 76 17 10 29 14 39 87 80 31 0 5 60 64 46 0 80 3 66 4
40 92 11 79 90 77 12 70 16 5 58 5 64 47 54 53 83 17 2 15 13 27 40 44 91 77 82 46 20 29 0 79 74 31 74 87 95 21 90 67 98 62 100 12 82 81 12 17 32 54 51 47 64 9 92 1 6 41 41 0 71 56 60 46 55 56 79 80 80 94 90 40 97 73 86 16 4 78 71 85 57 80 0 42 45 11
50 46 88 65 64 67 13 3 7 30 36 53 79 27 80 100 56 81 38 26 29 79 100 26 65 49 99 39 3 56 9 97 83 3 9 52 81 28 59 100 32 78 93 23 83 24 18 5 43 49 60 30 32 54 8 93 81 53 31 3 90 28 25 6 64 46 84 71 79 60 27 50 34 89 70 73 69 39 38 85 23 3 42 0 13 12
12 44 33 60 88 77 28 62 31 86 5 92 68 36 37 70 4 17 5 43 11 40 34 51 86 88 16 93 83 39 41 42 98 56 91 60 50 21 95 37 46 32 24 80 64 55 28 7 2 72 60 26 63 82 21 75 10 58 73 56 19 41 72 50 12 0 63 94 50 91 34 10 65 57 61 73 71 31 93 43 1 66 45 13 0 59
21 63 58 66 14 24 67 63 60 11 27 2 89 67 65 8 50 14 3 86 29 31 99 43 39 3 1 81 88 55 60 53 98 78 7 88 35 82 49 50 64 16 30 91 58 15 1 92 51 57 34 80 89 18 73 12 17 0 9 68 17 37 18 69 8 98 41 81 81 44 27 19 14 65 52 31 19 81 43 81 49 4 11 12 59 0
