90 5
68 34 6 68 72 15 44 79 14 6 78 81 91 57 28 28 29 54 79 1 84 24 69 55 93 5 100 46 27 86 10 93 17 46 3 28 46 76 23 87 41 58 43 27 58 78 37 68 83 8 27 24 94 9 36 37 81 54 56 55 87 77 3 98 6 43 47 94 14 2 20 100 61 7 49 95 50 65 11 61 83 86 99 54 45 84 45 74 96 90
0 67 89 13 79 37 43 35 13 41 43 63 17 9 86 65 85 50 86 3 35 6 21 40 1 6 15 96 22 83 2 23 8 25 99 3 50 49 86 69 8 37 4 50 20 7 66 74 41 94 93 97 89 84 64 14 72 75 38 30 37 10 77 88 90 4 88 59 17 46 99 71 83 18 74 29 61 24 6 68 35 78 49 94 52 70 53 82 42 4 24
67 0 78 42 89 61 70 34 16 90 44 20 18 9 23 35 66 72 46 7 7 35 44 80 84 68 90 48 21 7 20 19 100 28 79 88 32 36 26 39 89 89 54 40 72 77 52 48 6 90 43 26 30 64 32 10 23 2 23 54 75 41 39 70 9 16 62 30 47 17 0 70 9 69 86 82 18 70 37 26 3 11 89 23 49 32 9 67 42 34 84
89 78 0 73 47 17 73 28 47 23 58 95 91 27 67 12 98 93 37 44 86 1 28 44 1 85 50 40 2 40 53 31 52 39 43 43 94 61 38 85 20 49 12 74 34 51 5 4 86 86 12 47 15 70 76 99 33 59 11 3 53 95 57 67 51 66 59 84 19 48 56 10 12 48 89 17 1 74 52 6 5 48 29 46 64 57 82 27 96 81 70
13 42 73 0 66 23 44 71 18 86 90 84 73 89 14 29 57 43 59 15 79 39 32 94 26 67 71 74 65 25 8 2 9 72 26 28 44 71 76 93 35 29 26 60 26 39 3 11 62 47 24 99 51 9 13 50 42 5 74 43 12 54 36 39 15 10 18 61 23 36 74 99 33 9 93 91 7 6 89 77 0 42 73 51 3 76 16 49 30 69 13
79 89 47 66 0 65 79 45 88 89 43 46 7 40 38 98 62 40 36 56 73 84 39 13 63 44 21 78 39 99 15 80 38 69 95 1 81 100 21 13 47 43 34 81 28 9 21 8 63 91 48 53 7 99 15 60 56 93 20 99 80 88 34 65 67 47 20 97 23 55 98 81 52 69 52 53 50 68 31 28 65 41 71 1 27 68 84 75 52 7 84
37 61 17 23 65 0 45 27 54 4 25 84 100 66 8 93 49 98 12 57 20 54 99 78 64 17 41 77 46 37 16 8 95 58 16 28 59 42 69 94 15 55 88 18 22 31 75 77 87 31 19 10 51 12 58 14 54 96 26 88 64 50 86 25 83 55 56 42 42 85 84 63 44 34 53 75 11 16 97 64 5 3 94 43 67 10 21 97 15 69 47
43 70 73 44 79 45 0 70 91 78 11 47 13 82 61 31 60 93 43 71 6 73 47 70 94 5 6 46 14 20 85 39 5 41 45 60 25 74 47 8 2 43 23 31 7 98 72 40 93 25 23 67 82 15 35 49 17 90 28 10 1 42 36 30 68 29 43 30 19 94 56 97 77 62 19 33 13 3 90 53 70 59 79 91 90 55 25 22 89 14 62
35 34 28 71 45 27 70 0 98 43 74 61 30 18 23 62 25 53 9 64 3 80 50 59 54 44 28 18 64 24 61 82 43 30 72 8 89 90 52 41 37 82 29 25 77 76 85 40 83 76 8 43 17 29 74 96 64 0 10 97 20 51 88 98 35 41 91 95 31 50 15 4 81 53 57 4 75 11 48 47 6 76 44 49 11 13 39 77 1 34 14
13 16 47 18 88 54 91 98 0 45 99 73 11 30 0 75 24 73 23 98 66 25 35 30 96 98 15 54 74 93 94 77 82 90 75 37 49 7 77 17 85 76 41 48 90 39 21 36 26 10 35 0 43 93 94 35 83 8 18 95 26 21 26 13 7 12 23 17 60 45 20 20 70 48 41 54 1 15 40 50 47 72 11 27 51 52 54 75 54 0 2
41 90 23 86 89 4 78 43 45 0 50 54 98 1 52 72 2 82 75 10 12 75 49 26 18 10 42 56 63 26 14 51 64 41 53 79 94 13 18 68 58 23 5 89 7 94 97 96 61 2 94 83 65 43 13 30 94 97 44 16 47 99 95 70 56 76 49 77 39 100 70 46 79 48 84 84 80 92 100 98 53 15 25 27 69 91 51 23 71 19 41
43 44 58 90 43 25 11 74 99 50 0 59 37 90 61 26 89 20 76 10 51 97 7 1 46 69 12 93 52 47 82 55 32 21 89 1 37 95 94 93 87 10 97 33 74 83 4 34 82 20 59 86 7 99 28 49 36 71 4 78 31 72 82 64 15 65 81 7 77 88 96 6 90 82 30 25 15 30 100 13 87 20 27 39 24 17 19 94 83 73 81
63 20 95 84 46 84 47 61 73 54 59 0 44 80 36 35 27 99 77 16 0 71 86 78 36 84 18 34 95 15 92 34 97 43 57 45 47 92 90 62 35 63 49 26 42 30 51 44 68 2 60 49 55 75 33 28 40 21 76 87 71 28 31 41 65 77 75 41 39 59 90 88 58 6 61 48 42 70 40 29 94 92 94 59 32 6 37 30 62 17 77
17 18 91 73 7 100 13 30 11 98 37 44 0 44 22 54 57 55 87 35 91 79 36 1 12 51 56 47 37 7 88 85 6 87 99 79 10 10 84 87 92 75 61 2 88 73 32 83 83 50 58 14 44 87 12 78 29 27 26 83 57 70 28 14 55 36 83 94 57 64 81 35 63 62 37 85 100 88 73 81 52 41 79 79 48 75 41 20 31 9 49
9 9 27 89 40 66 82 18 30 1 90 80 44 0 7 2 55 79 11 85 77 38 95 47 6 61 95 30 42 73 40 8 41 36 62 57 11 48 45 28 10 19 22 74 51 57 77 53 37 84 29 22 82 77 22 27 92 29 14 34 73 37 92 41 51 22 66 19 32 20 83 75 32 58 10 52 97 29 10 72 81 3 19 1 88 40 69 18 43 1 54
86 23 67 14 38 8 61 23 0 52 61 36 22 7 0 18 85 55 22 48 79 37 10 32 27 59 11 9 78 21 89 77 53 95 89 94 52 63 33 3 77 1 16 47 92 10 59 97 6 83 100 44 16 82 24 94 62 22 60 99 95 68 40 77 56 95 15 60 86 40 70 61 95 18 69 41 65 65 22 35 87 51 7 35 74 21 87 28 84 87 63
65 35 12 29 98 93 31 62 75 72 26 35 54 2 18 0 98 28 77 54 59 15 25 91 83 55 1 86 81 96 19 88 70 54 7 1 94 27 70 77 21 93 50 95 69 96 67 20 22 11 22 80 42 44 21 35 87 29 82 80 14 89 48 78 99 87 6 87 26 94 36 60 94 8 50 53 7 54 81 48 51 98 78 71 17 14 6 22 70 70 73
85 66 98 57 62 49 60 25 24 2 89 27 57 55 85 98 0 73 12 72 78 76 22 91 59 20 34 58 27 27 40 71 21 13 7 15 63 76 58 23 18 46 53 61 97 100 52 57 16 92 26 16 89 78 19 21 74 15 35 12 17 100 0 46 23 92 14 0 84 64 37 65 77 31 29 0 65 45 32 11 12 11 23 61 76 96 28 29 38 1 68
50 72 93 43 40 98 93 53 73 82 20 99 55 79 55 28 73 0 28 70 89 76 0 16 40 93 1 61 41 41 89 21 38 78 0 54 12 81 1 17 13 56 72 29 60 43 39 10 13 4 54 71 13 6 87 10 54 69 38 100 66 95 0 19 53 85 3 19 96 93 12 42 5 59 63 75 23 38 21 59 32 39 65 2 28 87 85 38 55 99 3
86 46 37 59 36 12 43 9 23 75 76 77 87 11 22 77 12 28 0 95 69 100 74 6 49 47 66 32 32 4 61 4 5 99 3 95 56 51 21 14 10 96 34 87 17 66 17 63 100 92 6 70 89 90 74 56 98 11 12 83 76 18 32 100 36 89 63 42 71 98 96 9 13 42 41 16 54 83 93 5 92 45 19 2 81 58 80 5 79 10 55
3 7 44 15 56 57 71 64 98 10 10 16 35 85 48 54 72 70 95 0 40 41 56 55 47 33 73 47 18 69 40 58 100 75 10 69 50 91 16 33 16 0 35 39 56 37 52 90 72 6 54 43 51 47 73 28 4 39 8 9 22 56 79 24 61 65 31 58 77 37 15 63 96 62 32 22 57 9 34 60 34 94 47 32 89 47 35 20 78 89 65
35 7 86 79 73 20 6 3 66 12 51 0 91 77 79 59 78 89 69 40 0 19 96 7 37 88 78 88 49 78 86 23 76 7 58 94 32 26 59 79 13 7 8 64 86 7 97 37 66 29 11 68 91 49 43 14 43 23 76 12 73 31 75 5 39 35 8 5 5 73 46 41 73 74 20 96 21 100 38 27 21 2 97 57 61 82 51 24 100 51 35
6 35 1 39 84 54 73 80 25 75 97 71 79 38 37 15 76 76 100 41 19 0 78 54 61 48 83 23 59 43 32 61 88 64 63 20 20 35 42 28 85 73 13 98 63 41 98 18 4 23 82 27 7 3 18 11 86 78 9 30 13 42 84 78 46 78 33 18 42 82 56 6 93 45 0 87 5 79 13 90 13 24 3 66 63 25 87 58 65 99 4
21 44 28 32 39 99 47 50 35 49 7 86 36 95 10 25 22 0 74 56 96 78 0 95 30 81 13 79 15 99 75 32 74 57 9 76 61 22 89 14 36 44 62 71 94 80 78 82 45 43 22 51 10 28 77 42 77 52 56 86 97 96 91 85 99 37 70 98 11 70 14 43 11 89 46 80 41 51 35 46 9 12 25 35 74 42 83 53 5 6 67
40 80 44 94 13 78 70 59 30 26 1 78 1 47 32 91 91 16 6 55 7 54 95 0 59 14 39 44 38 14 16 63 6 71 29 95 93 85 94 26 99 9 65 17 60 8 74 78 67 56 54 90 42 36 96 60 35 65 0 36 64 97 44 67 11 90 42 70 1 9 56 67 5 89 3 82 79 80 20 18 35 52 21 3 22 14 94 40 26 18 31
1 84 1 26 63 64 94 54 96 18 46 36 12 6 27 83 59 40 49 47 37 61 30 59 0 93 55 98 32 17 61 60 57 69 65 0 18 61 4 15 70 31 59 57 19 1 62 69 96 23 77 44 20 9 87 44 20 46 90 56 39 88 34 58 25 62 22 63 69 57 28 49 16 95 44 25 50 24 15 38 5 78 73 98 69 1 96 80 43 9 54
6 68 85 67 44 17 5 44 98 10 69 84 51 61 59 55 20 93 47 33 88 48 81 14 93 0 66 93 56 23 66 8 51 32 79 48 16 66 64 28 84 97 83 79 44 24 47 92 89 36 83 52 65 44 65 0 70 91 11 39 41 61 14 54 55 3 54 57 81 36 31 15 39 92 76 17 64 24 22 14 16 51 42 64 10 42 58 79 6 31 40
15 90 50 71 21 41 6 28 15 42 12 18 56 95 11 1 34 1 66 73 78 83 13 39 55 66 0 88 15 39 19 78 40 77 56 58 65 85 85 7 25 3 62 91 28 9 76 35 5 33 55 4 95 59 50 81 59 72 60 100 70 36 30 16 83 33 32 63 5 6 68 7 94 59 58 16 83 14 73 48 54 51 56 58 97 27 34 1 15 6 1
96 48 40 74 78 77 46 18 54 56 93 34 47 30 9 86 58 61 32 47 88 23 79 44 98 93 88 0 0 33 89 56 21 98 96 79 22 25 38 28 50 52 64 8 92 20 57 31 97 18 81 87 59 39 91 19 96 1 86 30 76 61 8 15 61 35 10 63 24 24 63 52 27 89 9 75 47 61 2 83 49 32 89 75 3 24 13 66 45 29 10
22 21 2 65 39 46 14 64 74 63 52 95 37 42 78 81 27 41 32 18 49 59 15 38 32 56 15 0 0 59 34 25 92 28 96 47 97 88 0 62 80 81 22 20 91 100 87 9 72 63 42 5 56 1 5 65 91 57 32 89 51 88 85 61 72 84 9 15 39 95 0 73 43 72 4 58 97 13 41 78 78 61 90 58 22 93 69 38 15 70 39
83 7 40 25 99 37 20 24 93 26 47 15 7 73 21 96 27 41 4 69 78 43 99 14 17 23 39 33 59 0 12 9 71 6 24 0 51 71 5 44 0 98 66 65 98 28 10 67 88 58 26 1 28 16 62 16 11 62 24 63 91 58 29 52 71 97 8 82 77 36 19 76 15 54 2 44 40 33 8 73 6 44 89 1 37 76 36 34 100 86 26
2 20 53 8 15 16 85 61 94 14 82 92 88 40 89 19 40 89 61 40 86 32 75 16 61 66 19 89 34 12 0 80 27 96 84 81 40 48 75 18 8 46 77 70 0 2 41 50 18 16 35 8 91 49 82 43 88 53 26 37 43 89 30 72 88 0 56 71 77 49 54 84 30 35 30 5 68 42 92 24 97 83 11 89 13 54 18 80 83 2 59
23 19 31 2 80 8 39 82 77 51 55 34 85 8 77 88 71 21 4 58 23 61 32 63 60 8 78 56 25 9 80 0 31 86 61 53 59 54 11 32 86 79 74 82 72 23 94 60 3 4 64 81 96 20 96 28 21 30 63 39 43 50 83 11 3 41 71 33 16 14 38 3 3 59 31 47 66 21 38 36 85 29 42 71 26 56 58 100 91 60 3
8 100 52 9 38 95 5 43 82 64 32 97 6 41 53 70 21 38 5 100 76 88 74 6 57 51 40 21 92 71 27 31 0 53 94 82 72 69 9 36 32 83 42 20 2 2 34 70 53 7 34 53 3 14 13 36 99 33 64 63 95 15 56 2 85 66 2 27 82 59 94 75 37 89 43 9 81 45 38 88 62 57 82 64 11 15 56 63 42 35 24
25 28 39 72 69 58 41 30 90 41 21 43 87 36 95 54 13 78 99 75 7 64 57 71 69 32 77 98 28 6 96 86 53 0 34 51 36 38 45 12 14 96 7 45 40 56 39 51 35 71 44 70 43 14 20 93 88 30 20 44 100 23 87 20 6 27 3 40 83 56 8 45 7 45 12 28 66 79 39 55 21 12 42 23 57 73 62 22 32 78 52
99 79 43 26 95 16 45 72 75 53 89 57 99 62 89 7 7 0 3 10 58 63 9 29 65 79 56 96 96 24 84 61 94 34 0 84 23 32 1 13 5 20 88 21 52 38 77 88 60 69 49 68 72 57 97 37 70 69 49 3 82 89 88 72 28 37 73 72 95 8 17 87 41 56 26 57 16 89 85 95 81 22 46 35 7 38 93 28 55 80 7
3 88 43 28 1 28 60 8 37 79 1 45 79 57 94 1 15 54 95 69 94 20 76 95 0 48 58 79 47 0 81 53 82 51 84 0 96 72 3 66 8 96 52 67 74 21 45 45 3 94 10 95 49 65 3 93 1 71 73 43 6 33 62 84 72 8 81 64 38 48 20 1 92 24 6 21 87 1 87 84 88 21 65 56 88 18 86 23 3 7 71
50 32 94 44 81 59 25 89 49 94 37 47 10 11 52 94 63 12 56 50 32 20 61 93 18 16 65 22 97 51 40 59 72 36 23 96 0 40 4 25 5 74 96 35 52 7 91 95 66 95 89 35 33 57 5 12 7 70 21 46 86 49 39 26 5 97 68 9 79 31 87 88 10 37 50 50 1 57 53 99 39 71 4 88 37 80 22 84 100 58 59
49 36 61 71 100 42 74 90 7 13 95 92 10 48 63 27 76 81 51 91 26 35 22 85 61 66 85 25 88 71 48 54 69 38 32 72 40 0 16 31 54 64 94 66 12 43 27 91 39 50 39 34 95 75 27 25 12 86 31 4 3 43 41 35 87 9 69 27 92 1 11 23 53 39 78 83 9 51 85 2 36 56 36 60 75 83 87 69 66 44 99
86 26 38 76 21 69 47 52 77 18 94 90 84 45 33 70 58 1 21 16 59 42 89 94 4 64 85 38 0 5 75 11 9 45 1 3 4 16 0 95 52 87 78 91 70 92 58 47 52 61 34 72 37 74 63 51 23 12 40 0 61 57 96 13 44 75 50 24 39 83 36 99 50 93 33 8 69 21 22 57 13 91 96 86 10 38 32 0 85 16 25
69 39 85 93 13 94 8 41 17 68 93 62 87 28 3 77 23 17 14 33 79 28 14 26 15 28 7 28 62 44 18 32 36 12 13 66 25 31 95 0 28 0 64 13 71 68 29 59 25 31 9 55 34 67 2 52 11 35 64 75 71 91 32 16 67 36 6 79 68 52 62 87 47 14 23 36 92 17 69 7 58 100 22 47 16 79 89 62 36 46 25
8 89 20 35 47 15 2 37 85 58 87 35 92 10 77 21 18 13 10 16 13 85 36 99 70 84 25 50 80 0 8 86 32 14 5 8 5 54 52 28 0 51 81 42 30 17 75 3 87 66 53 98 12 6 81 22 96 58 71 32 13 82 67 64 20 1 8 79 3 61 90 1 17 52 20 17 84 57 24 62 84 76 81 2 3 51 6 75 71 69 88
37 89 49 29 43 55 43 82 76 23 10 63 75 19 1 93 46 56 96 0 7 73 44 9 31 97 3 52 81 98 46 79 83 96 20 96 74 64 87 0 51 0 9 35 93 38 26 35 99 34 19 100 55 43 99 61 54 91 51 5 74 13 88 74 44 29 4 45 30 100 29 19 19 7 60 72 3 30 29 12 44 86 95 52 86 35 67 76 26 12 46
4 54 12 26 34 88 23 29 41 5 97 49 61 22 16 50 53 72 34 35 8 13 62 65 59 83 62 64 22 66 77 74 42 7 88 52 96 94 78 64 81 9 0 90 19 85 86 76 88 46 25 79 73 99 6 50 42 0 47 26 26 89 94 80 99 43 50 11 75 19 62 57 47 2 10 2 65 3 45 39 2 71 69 88 22 80 45 9 60 17 26
50 40 74 60 81 18 31 25 48 89 33 26 2 74 47 95 61 29 87 39 64 98 71 17 57 79 91 8 20 65 70 82 20 45 21 67 35 66 91 13 42 35 90 0 36 48 70 38 6 25 89 43 36 80 100 61 48 37 15 63 28 35 92 58 93 76 54 48 53 100 64 31 50 17 67 58 16 53 35 66 68 2 94 73 25 98 30 30 98 16 85
20 72 34 26 28 22 7 77 90 7 74 42 88 51 92 69 97 60 17 56 86 63 94 60 19 44 28 92 91 98 0 72 2 40 52 74 52 12 70 71 30 93 19 36 0 77 15 29 82 47 7 93 51 22 24 61 79 27 56 63 69 24 6 98 8 39 21 59 61 61 26 21 95 2 21 18 93 63 97 94 16 22 50 1 87 12 53 29 27 57 51
7 77 51 39 9 31 98 76 39 94 83 30 73 57 10 96 100 43 66 37 7 41 80 8 1 24 9 20 100 28 2 23 2 56 38 21 7 43 92 68 17 38 85 48 77 0 26 87 80 95 85 71 82 96 28 47 16 48 32 80 34 50 1 36 93 55 41 71 14 5 7 80 8 38 57 47 27 18 12 26 20 62 93 66 75 18 67 50 16 88 81
66 52 5 3 21 75 72 85 21 97 4 51 32 77 59 67 52 39 17 52 97 98 78 74 62 47 76 57 87 10 41 94 34 39 77 45 91 27 58 29 75 26 86 70 15 26 0 88 64 5 22 59 22 87 23 67 7 50 95 48 40 97 60 0 59 86 34 15 84 37 77 82 87 83 25 28 98 85 16 70 27 94 65 11 15 52 66 96 94 94 34
74 48 4 11 8 77 40 40 36 96 34 44 83 53 97 20 57 10 63 90 37 18 82 78 69 92 35 31 9 67 50 60 70 51 88 45 95 91 47 59 3 35 76 38 29 87 88 0 30 57 71 10 51 39 6 87 28 32 43 86 41 64 73 53 84 25 40 96 94 71 24 77 89 3 47 23 84 82 80 65 75 39 18 19 10 78 24 7 68 97 89
41 6 86 62 63 87 93 83 26 61 82 68 83 37 6 22 16 13 100 72 66 4 45 67 96 89 5 97 72 88 18 3 53 35 60 3 66 39 52 25 87 99 88 6 82 80 64 30 0 44 59 56 15 50 69 83 64 71 19 45 96 74 37 32 78 31 91 94 71 15 47 85 18 20 11 25 36 25 66 24 41 48 36 75 37 1 23 61 15 19 34
94 90 86 47 91 31 25 76 10 2 20 2 50 84 83 11 92 4 92 6 29 23 43 56 23 36 33 18 63 58 16 4 7 71 69 94 95 50 61 31 66 34 46 25 47 95 5 57 44 0 61 83 58 27 29 35 13 13 45 11 17 20 30 23 18 21 55 5 84 55 4 17 65 5 93 85 77 8 52 93 22 99 83 85 0 24 30 35 31 52 78
93 43 12 24 48 19 23 8 35 94 59 60 58 29 100 22 26 54 6 54 11 82 22 54 77 83 55 81 42 26 35 64 34 44 49 10 89 39 34 9 53 19 25 89 7 85 22 71 59 61 0 58 60 68 49 42 69 8 84 84 93 82 45 86 49 95 12 54 85 34 56 77 3 96 3 22 64 37 88 14 22 36 52 45 54 6 28 33 2 66 57
97 26 47 99 53 10 67 43 0 83 86 49 14 22 44 80 16 71 70 43 68 27 51 90 44 52 4 87 5 1 8 81 53 70 68 95 35 34 72 55 98 100 79 43 93 71 59 10 56 83 58 0 59 63 25 64 100 93 40 73 40 41 88 19 20 7 60 88 10 48 51 93 77 34 1 21 16 36 54 30 48 45 20 60 22 75 61 7 40 74 71
89 30 15 51 7 51 82 17 43 65 7 55 44 82 16 42 89 13 89 51 91 7 10 42 20 65 95 59 56 28 91 96 3 43 72 49 33 95 37 34 12 55 73 36 51 82 22 51 15 58 60 59 0 28 15 74 84 5 48 83 59 19 28 30 59 14 42 53 3 79 23 37 97 97 58 51 85 45 88 8 55 99 75 89 56 87 34 16 56 80 68
84 64 70 9 99 12 15 29 93 43 99 75 87 77 82 44 78 6 90 47 49 3 28 36 9 44 59 39 1 16 49 20 14 14 57 65 57 75 74 67 6 43 99 80 22 96 87 39 50 27 68 63 28 0 91 49 20 57 0 35 98 11 30 46 32 69 55 97 63 86 19 48 96 50 98 78 77 7 73 20 99 9 54 68 75 40 96 0 11 25 43
64 32 76 13 15 58 35 74 94 13 28 33 12 22 24 21 19 87 74 73 43 18 77 96 87 65 50 91 5 62 82 96 13 20 97 3 5 27 63 2 81 99 6 100 24 28 23 6 69 29 49 25 15 91 0 4 86 7 53 86 94 21 19 76 82 100 37 50 79 17 17 23 66 91 63 88 8 87 44 72 56 39 66 75 34 52 34 64 18 3 72
14 10 99 50 60 14 49 96 35 30 49 28 78 27 94 35 21 10 56 28 14 11 42 60 44 0 81 19 65 16 43 28 36 93 37 93 12 25 51 52 22 61 50 61 61 47 67 87 83 35 42 64 74 49 4 0 83 93 40 79 31 6 72 22 19 94 45 92 98 57 33 48 43 18 79 97 7 2 97 93 40 53 12 12 31 74 7 41 11 68 84
72 23 33 42 56 54 17 64 83 94 36 40 29 92 62 87 74 54 98 4 43 86 77 35 20 70 59 96 91 11 88 21 99 88 70 1 7 12 23 11 96 54 42 48 79 16 7 28 64 13 69 100 84 20 86 83 0 45 15 44 30 91 13 69 44 21 51 9 32 61 23 73 14 86 4 88 74 88 55 57 96 92 51 81 93 62 0 64 55 70 81
75 2 59 5 93 96 90 0 8 97 71 21 27 29 22 29 15 69 11 39 23 78 52 65 46 91 72 1 57 62 53 30 33 30 69 71 70 86 12 35 58 91 0 37 27 48 50 32 71 13 8 93 5 57 7 93 45 0 13 97 80 75 68 11 60 90 40 65 56 63 63 47 64 69 35 6 30 7 16 40 84 0 89 21 16 4 90 66 86 95 44
38 23 11 74 20 26 28 10 18 44 4 76 26 14 60 82 35 38 12 8 76 9 56 0 90 11 60 86 32 24 26 63 64 20 49 73 21 31 40 64 71 51 47 15 56 32 95 43 19 45 84 40 48 0 53 40 15 13 0 91 12 96 19 71 37 85 36 14 15 4 15 22 95 30 0 15 16 55 87 5 13 47 88 88 72 89 92 88 68 39 66
30 54 3 43 99 88 10 97 95 16 78 87 83 34 99 80 12 100 83 9 12 30 86 36 56 39 100 30 89 63 37 39 63 44 3 43 46 4 0 75 32 5 26 63 63 80 48 86 45 11 84 73 83 35 86 79 44 97 91 0 92 6 63 53 85 79 60 28 35 11 75 57 92 78 93 54 61 67 74 25 54 93 44 43 71 25 65 20 55 99 94
37 75 53 12 80 64 1 20 26 47 31 71 57 73 95 14 17 66 76 22 73 13 97 64 39 41 70 76 51 91 43 43 95 100 82 6 86 3 61 71 13 74 26 28 69 34 40 41 96 17 93 40 59 98 94 31 30 80 12 92 0 10 48 30 35 1 52 11 30 84 97 39 21 57 42 38 55 79 80 52 59 86 3 18 78 21 89 56 17 37 61
10 41 95 54 88 50 42 51 21 99 72 28 70 37 68 89 100 95 18 56 31 42 96 97 88 61 36 61 88 58 89 50 15 23 89 33 49 43 57 91 82 13 89 35 24 50 97 64 74 20 82 41 19 11 21 6 91 75 96 6 10 0 11 39 57 32 16 35 76 95 96 61 7 94 75 2 30 26 66 33 81 25 43 82 11 3 45 19 37 45 77
77 39 57 36 34 86 36 88 26 95 82 31 28 92 40 48 0 0 32 79 75 84 91 44 34 14 30 8 85 29 30 83 56 87 88 62 39 41 96 32 67 88 94 92 6 1 60 73 37 30 45 88 28 30 19 72 13 68 19 63 48 11 0 75 9 47 42 29 84 34 4 35 27 33 43 99 56 22 56 0 95 73 40 56 8 30 59 79 32 79 49
88 70 67 39 65 25 30 98 13 70 64 41 14 41 77 78 46 19 100 24 5 78 85 67 58 54 16 15 61 52 72 11 2 20 72 84 26 35 13 16 64 74 80 58 98 36 0 53 32 23 86 19 30 46 76 22 69 11 71 53 30 39 75 0 32 82 55 84 1 74 63 54 15 30 100 19 74 72 75 18 8 36 81 1 88 28 57 24 33 76 47
90 9 51 15 67 83 68 35 7 56 15 65 55 51 56 99 23 53 36 61 39 46 99 11 25 55 83 61 72 71 88 3 85 6 28 72 5 87 44 67 20 44 99 93 8 93 59 84 78 18 49 20 59 32 82 19 44 60 37 85 35 57 9 32 0 28 66 83 61 6 99 73 84 32 0 96 17 34 35 10 18 12 35 59 76 36 73 37 76 75 87
4 16 66 10 47 55 29 41 12 76 65 77 36 22 95 87 92 85 89 65 35 78 37 90 62 3 33 35 84 97 0 41 66 27 37 8 97 9 75 36 1 29 43 76 39 55 86 25 31 21 95 7 14 69 100 94 21 90 85 79 1 32 47 82 28 0 84 78 93 17 10 78 60 27 49 33 1 97 64 75 84 88 58 32 5 85 74 91 10 36 25
88 62 59 18 20 56 43 91 23 49 81 75 83 66 15 6 14 3 63 31 8 33 70 42 22 54 32 10 9 8 56 71 2 3 73 81 68 69 50 6 8 4 50 54 21 41 34 40 91 55 12 60 42 55 37 45 51 40 36 60 52 16 42 55 66 84 0 76 46 42 53 41 71 51 33 47 95 45 6 19 76 37 87 23 32 40 84 43 48 18 55
59 30 84 61 97 42 30 95 17 77 7 41 94 19 60 87 0 19 42 58 5 18 98 70 63 57 63 63 15 82 71 33 27 40 72 64 9 27 24 79 79 45 11 48 59 71 15 96 94 5 54 88 53 97 50 92 9 65 14 28 11 35 29 84 83 78 76 0 62 98 2 33 65 83 71 66 6 51 39 98 55 26 7 12 87 24 22 81 23 33 5
17 47 19 23 23 42 19 31 60 39 77 39 57 32 86 26 84 96 71 77 5 42 11 1 69 81 5 24 39 77 77 16 82 83 95 38 79 92 39 68 3 30 75 53 61 14 84 94 71 84 85 10 3 63 79 98 32 56 15 35 30 76 84 1 61 93 46 62 0 90 90 19 91 43 11 39 37 20 68 37 23 69 3 40 0 44 78 95 11 42 65
46 17 48 36 55 85 94 50 45 100 88 59 64 20 40 94 64 93 98 37 73 82 70 9 57 36 6 24 95 36 49 14 59 56 8 48 31 1 83 52 61 100 19 100 61 5 37 71 15 55 34 48 79 86 17 57 61 63 4 11 84 95 34 74 6 17 42 98 90 0 97 88 76 86 21 81 69 4 30 16 74 82 56 24 76 80 59 41 19 88 46
99 0 56 74 98 84 56 15 20 70 96 90 81 83 70 36 37 12 96 15 46 56 14 56 28 31 68 63 0 19 54 38 94 8 17 20 87 11 36 62 90 29 62 64 26 7 77 24 47 4 56 51 23 19 17 33 23 63 15 75 97 96 4 63 99 10 53 2 90 97 0 51 39 68 78 83 15 73 62 14 57 75 20 35 46 15 9 56 2 99 12
71 70 10 99 81 63 97 4 20 46 6 88 35 75 61 60 65 42 9 63 41 6 43 67 49 15 7 52 73 76 84 3 75 45 87 1 88 23 99 87 1 19 57 31 21 80 82 77 85 17 77 93 37 48 23 48 73 47 22 57 39 61 35 54 73 78 41 33 19 88 51 0 42 1 33 42 40 39 3 84 61 15 16 44 40 11 51 20 3 96 81
83 9 12 33 52 44 77 81 70 79 90 58 63 32 95 94 77 5 13 96 73 93 11 5 16 39 94 27 43 15 30 3 37 7 41 92 10 53 50 47 17 19 47 50 95 8 87 89 18 65 3 77 97 96 66 43 14 64 95 92 21 7 27 15 84 60 71 65 91 76 39 42 0 5 40 10 15 51 44 14 87 0 24 55 21 79 46 42 76 66 5
18 69 48 9 69 34 62 53 48 48 82 6 62 58 18 8 31 59 42 62 74 45 89 89 95 92 59 89 72 54 35 59 89 45 56 24 37 39 93 14 52 7 2 17 2 38 83 3 20 5 96 34 97 50 91 18 86 69 30 78 57 94 33 30 32 27 51 83 43 86 68 1 5 0 16 86 58 82 66 17 98 60 41 88 38 0 18 52 74 73 50
74 86 89 93 52 53 19 57 41 84 30 61 37 10 69 50 29 63 41 32 20 0 46 3 44 76 58 9 4 2 30 31 43 12 26 6 50 78 33 23 20 60 10 67 21 57 25 47 11 93 3 1 58 98 63 79 4 35 0 93 42 75 43 100 0 49 33 71 11 21 78 33 40 16 0 1 49 7 42 75 1 22 97 72 65 4 6 48 30 79 27
29 82 17 91 53 75 33 4 54 84 25 48 85 52 41 53 0 75 16 22 96 87 80 82 25 17 16 75 58 44 5 47 9 28 57 21 50 83 8 36 17 72 2 58 18 47 28 23 25 85 22 21 51 78 88 97 88 6 15 54 38 2 99 19 96 33 47 66 39 81 83 42 10 86 1 0 85 77 74 95 37 15 76 57 98 28 33 18 52 56 37
61 18 1 7 50 11 13 75 1 80 15 42 100 97 65 7 65 23 54 57 21 5 41 79 50 64 83 47 97 40 68 66 81 66 16 87 1 9 69 92 84 3 65 16 93 27 98 84 36 77 64 16 85 77 8 7 74 30 16 61 55 30 56 74 17 1 95 6 37 69 15 40 15 58 49 85 0 12 21 88 46 32 9 46 6 47 64 26 88 24 41
24 70 74 6 68 16 3 11 15 92 30 70 88 29 65 54 45 38 83 9 100 79 51 80 24 24 14 61 13 33 42 21 45 79 89 1 57 51 21 17 57 30 3 53 63 18 85 82 25 8 37 36 45 7 87 2 88 7 55 67 79 26 22 72 34 97 45 51 20 4 73 39 51 82 7 77 12 0 74 43 0 88 61 38 82 48 71 62 63 50 89
6 37 52 89 31 97 90 48 40 100 100 40 73 10 22 81 32 21 93 34 38 13 35 20 15 22 73 2 41 8 92 38 38 39 85 87 53 85 22 69 24 29 45 35 97 12 16 80 66 52 88 54 88 73 44 97 55 16 87 74 80 66 56 75 35 64 6 39 68 30 62 3 44 66 42 74 21 74 0 97 44 74 88 51 21 35 88 71 39 61 27
68 26 6 77 28 64 53 47 50 98 13 29 81 72 35 48 11 59 5 60 27 90 46 18 38 14 48 83 78 73 24 36 88 55 95 84 99 2 57 7 62 12 39 66 94 26 70 65 24 93 14 30 8 20 72 93 57 40 5 25 52 33 0 18 10 75 19 98 37 16 14 84 14 17 75 95 88 43 97 0 78 40 70 86 2 30 2 92 96 44 74
35 3 5 0 65 5 70 6 47 53 87 94 52 81 87 51 12 32 92 34 21 13 9 35 5 16 54 49 78 6 97 85 62 21 81 88 39 36 13 58 84 44 2 68 16 20 27 75 41 22 22 48 55 99 56 40 96 84 13 54 59 81 95 8 18 84 76 55 23 74 57 61 87 98 1 37 46 0 44 78 0 22 35 72 100 47 97 81 63 4 42
78 11 48 42 41 3 59 76 72 15 20 92 41 3 51 98 11 39 45 94 2 24 12 52 78 51 51 32 61 44 83 29 57 12 22 21 71 56 91 100 76 86 71 2 22 62 94 39 48 99 36 45 99 9 39 53 92 0 47 93 86 25 73 36 12 88 37 26 69 82 75 15 0 60 22 15 32 88 74 40 22 0 32 100 50 64 0 98 50 28 33
49 89 29 73 71 94 79 44 11 25 27 94 79 19 7 78 23 65 19 47 97 3 25 21 73 42 56 89 90 89 11 42 82 42 46 65 4 36 96 22 81 95 69 94 50 93 65 18 36 83 52 20 75 54 66 12 51 89 88 44 3 43 40 81 35 58 87 7 3 56 20 16 24 41 97 76 9 61 88 70 35 32 0 32 98 42 1 31 81 14 32
94 23 46 51 1 43 91 49 27 27 39 59 79 1 35 71 61 2 2 32 57 66 35 3 98 64 58 75 58 1 89 71 64 23 35 56 88 60 86 47 2 52 88 73 1 66 11 19 75 85 45 60 89 68 75 12 81 21 88 43 18 82 56 1 59 32 23 12 40 24 35 44 55 88 72 57 46 38 51 86 72 100 32 0 84 80 42 87 36 30 68
52 49 64 3 27 67 90 11 51 69 24 32 48 88 74 17 76 28 81 89 61 63 74 22 69 10 97 3 22 37 13 26 11 57 7 88 37 75 10 16 3 86 22 25 87 75 15 10 37 0 54 22 56 75 34 31 93 16 72 71 78 11 8 88 76 5 32 87 0 76 46 40 21 38 65 98 6 82 21 2 100 50 98 84 0 87 70 82 14 39 15
70 32 57 76 68 10 55 13 52 91 17 6 75 40 21 14 96 87 58 47 82 25 42 14 1 42 27 24 93 76 54 56 15 73 38 18 80 83 38 79 51 35 80 98 12 18 52 78 1 24 6 75 87 40 52 74 62 4 89 25 21 3 30 28 36 85 40 24 44 80 15 11 79 0 4 28 47 48 35 30 47 64 42 80 87 0 58 27 53 80 68
53 9 82 16 84 21 25 39 54 51 19 37 41 69 87 6 28 85 80 35 51 87 83 94 96 58 34 13 69 36 18 58 56 62 93 86 22 87 32 89 6 67 45 30 53 67 66 24 23 30 28 61 34 96 34 7 0 90 92 65 89 45 59 57 73 74 84 22 78 59 9 51 46 18 6 33 64 71 88 2 97 0 1 42 70 58 0 34 84 19 83
82 67 27 49 75 97 22 77 75 23 94 30 20 18 28 22 29 38 5 20 24 58 53 40 80 79 1 66 38 34 80 100 63 22 28 23 84 69 0 62 75 76 9 30 29 50 96 7 61 35 33 7 16 0 64 41 64 66 88 20 56 19 79 24 37 91 43 81 95 41 56 20 42 52 48 18 26 62 71 92 81 98 31 87 82 27 34 0 98 50 31
42 42 96 30 52 15 89 1 54 71 83 62 31 43 84 70 38 55 79 78 100 65 5 26 43 6 15 45 15 100 83 91 42 32 55 3 100 66 85 36 71 26 60 98 27 16 94 68 15 31 2 40 56 11 18 11 55 86 68 55 17 37 32 33 76 10 48 23 11 19 2 3 76 74 30 52 88 63 39 96 63 50 81 36 14 53 84 98 0 41 22
4 34 81 69 7 69 14 34 0 19 73 17 9 1 87 70 1 99 10 89 51 99 6 18 9 31 6 29 70 86 2 60 35 78 80 7 58 44 16 46 69 12 17 16 57 88 94 97 19 52 66 74 80 25 3 68 70 95 39 99 37 45 79 76 75 36 18 33 42 88 99 96 66 73 79 56 24 50 61 44 4 28 14 30 39 80 19 50 41 0 78
24 84 70 13 84 47 62 14 2 41 81 77 49 54 63 73 68 3 55 65 35 4 67 31 54 40 1 10 39 26 59 3 24 52 7 71 59 99 25 25 88 46 26 85 51 81 34 89 34 78 57 71 68 43 72 84 81 44 66 94 61 77 49 47 87 25 55 5 65 46 12 81 5 50 27 37 41 89 27 74 42 33 32 68 15 68 83 31 22 78 0
