95 5
38 61 60 38 42 34 28 66 72 88 12 82 96 36 47 20 31 66 26 8 51 31 30 90 2 26 75 3 75 0 52 20 71 73 40 79 12 19 28 35 52 78 61 83 88 76 64 55 77 80 88 47 47 18 50 89 92 27 73 49 28 59 2 90 53 90 72 11 72 2 57 36 6 77 51 3 33 30 73 2 42 87 44 34 85 63 63 64 9 61 19 65 9 47 52
0 47 82 62 100 78 69 96 35 94 19 9 93 71 74 63 19 27 68 69 6 99 56 17 14 4 82 23 53 68 42 1 21 94 42 69 45 58 6 98 30 20 49 24 28 5 86 47 7 92 92 95 54 76 97 2 8 47 24 7 55 53 77 82 64 43 31 77 59 3 27 58 80 86 47 72 71 21 19 8 25 23 83 53 28 60 27 60 86 98 69 89 68 58 25 1
47 0 56 43 58 36 91 3 79 83 79 97 57 59 75 8 27 72 4 43 62 95 72 95 20 73 72 3 4 86 82 39 51 35 32 36 5 36 90 73 48 46 57 62 80 14 20 85 17 84 49 17 16 34 64 12 24 97 93 63 61 46 50 3 46 71 82 72 19 59 30 28 44 52 89 68 31 99 95 57 55 31 20 74 64 12 100 67 40 97 3 21 11 52 50 82
82 56 0 85 27 9 90 59 85 72 22 57 59 51 54 50 16 98 62 13 13 43 5 66 88 85 13 44 50 60 45 48 8 78 8 76 93 68 56 6 83 29 76 13 12 12 9 81 74 9 48 3 41 29 59 71 41 45 57 1 44 98 0 76 47 22 94 41 4 15 3 74 62 77 92 96 21 67 51 87 6 37 7 74 100 16 39 79 1 14 5 70 99 31 92 54
62 43 85 0 8 54 2 95 56 93 81 56 3 20 100 47 83 60 71 94 94 39 57 21 8 51 46 71 37 33 97 80 43 100 41 91 15 66 81 53 48 11 44 86 11 27 6 9 81 40 59 47 56 7 54 57 81 93 95 73 61 4 54 64 75 60 25 89 7 51 22 28 16 62 41 32 74 77 73 43 41 73 78 82 16 25 22 34 47 26 49 88 44 10 28 70
100 58 27 8 0 11 54 59 65 100 84 4 12 8 27 13 14 7 44 39 45 7 12 44 56 42 100 51 4 35 46 39 44 21 96 19 15 21 52 7 96 17 47 46 87 21 34 12 89 35 18 83 92 69 53 39 80 29 20 81 15 26 90 96 34 10 38 10 44 67 61 14 92 0 7 73 73 71 47 2 7 40 24 41 16 61 71 77 77 50 3 41 71 25 21 47
78 36 9 54 11 0 36 48 59 56 7 1 38 89 61 1 60 5 24 6 68 37 4 69 64 94 50 19 85 64 11 16 61 79 57 50 37 93 93 88 69 19 28 66 39 66 96 49 2 78 24 97 95 36 23 89 46 9 48 84 26 0 65 68 31 47 1 50 79 36 17 31 57 37 95 89 96 24 19 4 13 60 67 39 9 39 95 61 89 41 64 98 19 39 19 29
69 91 90 2 54 36 0 27 35 16 54 89 99 12 76 61 92 36 73 78 6 94 64 37 2 53 66 44 0 16 76 7 28 31 6 31 45 92 47 0 40 52 52 65 35 34 68 91 76 1 77 4 82 84 60 88 75 48 64 23 88 95 58 1 38 54 58 42 41 46 35 17 35 51 42 97 24 32 59 38 67 88 5 33 81 36 30 29 93 18 56 92 82 27 42 26
96 3 59 95 59 48 27 0 58 8 64 80 25 54 32 31 26 51 33 16 60 74 17 13 37 97 23 43 16 88 16 10 63 58 67 44 72 60 55 28 17 48 24 79 67 3 85 37 11 28 43 86 47 16 53 34 33 20 51 56 46 77 13 80 33 58 63 5 55 40 95 88 78 35 55 43 29 56 28 52 56 19 0 97 62 29 33 100 86 88 59 13 5 3 39 60
35 79 85 56 65 59 35 58 0 50 28 24 95 98 24 59 29 89 49 41 1 20 53 82 3 65 33 72 25 29 17 0 82 93 50 56 94 96 89 41 42 15 57 47 79 57 39 35 14 11 21 87 98 63 83 23 82 14 96 69 74 15 8 9 58 56 76 65 100 27 42 60 57 14 12 21 96 59 42 93 1 49 68 22 36 43 82 77 3 96 65 7 99 93 66 0
94 83 72 93 100 56 16 8 50 0 31 1 34 79 40 50 82 57 16 84 24 69 81 88 25 57 76 63 9 77 66 62 81 31 80 51 100 17 85 34 76 24 73 8 95 76 6 38 38 72 32 3 30 41 13 45 37 1 32 4 32 96 3 7 8 64 51 21 59 47 91 23 79 10 83 83 56 70 75 54 35 70 58 11 58 36 72 75 2 31 9 35 14 35 96 88
19 79 22 81 84 7 54 64 28 31 0 76 95 58 79 12 9 53 83 94 36 97 94 91 71 57 47 95 51 38 20 11 57 8 25 67 16 52 2 45 45 20 88 99 89 83 65 52 73 24 11 59 56 80 0 43 16 74 91 63 64 12 29 11 96 21 95 72 80 94 48 60 61 65 8 63 38 7 82 80 79 54 24 0 16 81 95 5 29 83 73 3 11 48 20 37
9 97 57 56 4 1 89 80 24 1 76 0 15 44 33 45 62 82 71 1 13 18 61 8 17 41 82 79 17 15 61 50 61 69 73 68 92 32 80 87 72 86 71 36 90 80 46 23 89 55 90 31 69 21 48 70 6 4 69 85 77 34 17 41 9 86 2 21 83 32 80 0 89 52 31 35 99 73 76 81 25 46 35 43 26 85 90 94 48 49 89 16 100 93 57 49
93 57 59 3 12 38 99 25 95 34 95 15 0 30 39 78 78 14 59 71 59 0 12 21 22 5 89 81 45 70 42 19 100 83 30 65 78 72 89 67 18 78 54 26 79 98 70 96 65 37 70 6 1 34 2 28 47 42 19 87 65 67 21 42 25 57 98 96 89 44 73 99 99 33 91 44 16 16 57 58 67 86 47 57 81 60 22 53 75 30 97 61 30 15 62 8
71 59 51 20 8 89 12 54 98 79 58 44 30 0 37 40 44 83 53 36 40 19 22 100 57 32 16 63 6 47 52 58 11 36 7 78 28 75 23 4 19 17 80 84 41 99 52 8 49 100 34 54 36 67 76 85 30 3 27 47 63 51 81 95 33 41 34 15 26 98 82 31 41 20 54 36 40 82 23 32 78 63 62 11 38 23 13 36 20 38 61 51 40 90 62 18
74 75 54 100 27 61 76 32 24 40 79 33 39 37 0 13 37 20 6 63 8 0 42 86 58 14 71 63 18 92 65 3 8 77 88 37 40 17 94 100 35 78 77 41 46 17 21 10 85 22 19 41 25 36 79 45 63 2 20 93 9 13 37 58 47 97 43 13 65 4 30 45 0 67 16 54 97 34 37 1 82 12 5 30 68 31 97 95 42 84 25 75 63 65 37 8
63 8 50 47 13 1 61 31 59 50 12 45 78 40 13 0 92 2 14 58 81 19 86 12 96 43 8 97 36 54 27 14 52 53 31 74 9 37 25 58 15 4 28 48 0 61 55 59 25 84 7 61 17 94 46 98 65 26 20 68 59 81 31 9 91 48 66 80 40 42 43 45 47 84 82 57 52 99 88 35 53 2 47 59 96 6 73 57 14 100 9 21 92 1 20 98
19 27 16 83 14 60 92 26 29 82 9 62 78 44 37 92 0 84 87 26 30 24 84 13 5 63 80 24 37 45 18 60 85 33 5 18 82 36 72 32 52 82 71 85 11 43 36 14 27 79 85 18 3 82 57 82 60 97 24 100 20 30 85 86 60 28 88 27 75 87 92 4 55 13 34 82 81 30 0 78 12 29 2 69 16 87 14 98 51 4 88 9 53 53 32 50
27 72 98 60 7 5 36 51 89 57 53 82 14 83 20 2 84 0 34 72 44 40 10 2 35 52 9 20 75 8 75 96 93 59 41 98 45 60 33 60 40 18 36 9 10 85 9 87 61 68 88 90 8 45 86 96 55 86 71 16 41 16 29 57 97 65 83 87 29 55 37 60 51 82 26 29 12 8 1 74 29 15 46 51 56 67 97 1 94 92 49 55 5 23 81 12
68 4 62 71 44 24 73 33 49 16 83 71 59 53 6 14 87 34 0 6 97 48 9 100 6 2 26 14 48 75 41 65 42 62 47 94 22 75 30 48 50 91 61 12 48 13 37 43 0 75 47 62 91 56 6 100 9 76 22 1 71 23 0 85 46 54 52 31 90 69 35 32 27 31 75 36 49 70 94 5 63 40 46 100 70 41 89 84 99 23 25 74 10 41 79 4
69 43 13 94 39 6 78 16 41 84 94 1 71 36 63 58 26 72 6 0 69 85 94 25 67 71 99 20 51 64 91 52 85 7 59 13 83 52 29 26 34 78 45 6 5 76 48 98 40 46 24 93 17 77 14 19 67 43 18 50 40 75 15 54 80 41 39 71 59 37 6 98 92 63 94 29 100 98 69 81 72 17 16 12 51 32 9 72 22 74 68 24 48 3 19 70
6 62 13 94 45 68 6 60 1 24 36 13 59 40 8 81 30 44 97 69 0 17 97 84 93 76 65 10 47 11 3 38 18 79 65 64 23 95 93 10 71 56 68 5 76 85 4 47 62 51 8 73 58 64 58 57 68 58 26 18 39 79 4 16 50 82 4 56 71 34 15 41 10 47 28 2 3 78 45 40 49 58 25 78 45 58 59 31 15 7 37 21 39 10 15 58
99 95 43 39 7 37 94 74 20 69 97 18 0 19 0 19 24 40 48 85 17 0 13 98 40 25 26 0 59 51 40 39 76 46 21 31 55 52 26 52 62 84 59 21 65 44 19 20 99 38 86 25 56 95 13 87 4 74 50 7 74 14 95 38 13 8 99 61 22 17 45 95 70 10 1 68 33 13 0 26 83 12 61 43 61 35 46 7 91 6 88 37 5 57 17 75
56 72 5 57 12 4 64 17 53 81 94 61 12 22 42 86 84 10 9 94 97 13 0 1 22 22 75 72 71 69 67 97 49 17 93 14 91 26 72 36 43 41 80 41 87 6 16 67 34 96 84 27 13 40 99 11 61 85 37 12 99 50 19 32 6 82 43 14 79 88 97 2 75 36 2 93 82 97 99 13 46 27 11 71 74 23 36 29 5 8 90 57 72 24 43 52
17 95 66 21 44 69 37 13 82 88 91 8 21 100 86 12 13 2 100 25 84 98 1 0 63 71 83 90 10 66 7 49 47 73 28 51 92 70 77 9 55 56 50 33 94 81 54 63 15 40 39 70 10 47 32 35 18 11 31 67 37 81 58 90 63 80 38 9 96 18 91 69 58 20 2 27 53 52 33 82 29 48 25 58 77 4 37 67 49 73 22 68 7 50 57 20
14 20 88 8 56 64 2 37 3 25 71 17 22 57 58 96 5 35 6 67 93 40 22 63 0 80 0 73 37 1 45 57 96 35 38 61 6 58 39 27 46 43 95 97 58 6 97 56 92 87 31 9 59 92 81 64 26 100 23 18 71 63 33 18 77 78 31 36 28 74 30 85 39 9 14 9 32 34 68 9 97 41 46 66 2 97 21 80 16 43 51 74 21 51 65 99
4 73 85 51 42 94 53 97 65 57 57 41 5 32 14 43 63 52 2 71 76 25 22 71 80 0 36 92 46 19 10 82 57 1 34 48 23 29 8 100 21 56 35 23 21 11 52 65 32 64 13 20 74 46 82 99 49 16 96 4 3 93 22 87 28 95 59 60 9 52 9 58 14 9 64 50 89 82 15 67 75 20 54 88 27 99 52 83 14 2 45 51 82 87 42 14
82 72 13 46 100 50 66 23 33 76 47 82 89 16 71 8 80 9 26 99 65 26 75 83 0 36 0 50 25 10 71 39 7 80 44 90 59 89 81 40 77 16 67 78 50 65 68 86 90 77 95 34 34 18 87 38 45 72 56 7 85 62 90 42 61 18 19 71 42 49 27 3 49 58 7 65 66 86 53 65 71 55 82 31 32 68 26 62 34 24 74 46 16 35 100 40
23 3 44 71 51 19 44 43 72 63 95 79 81 63 63 97 24 20 14 20 10 0 72 90 73 92 50 0 94 27 76 80 25 3 94 85 93 70 61 71 5 82 20 44 65 3 13 8 64 89 71 10 25 11 32 61 53 55 45 15 68 6 63 8 8 13 94 72 59 24 28 83 89 52 68 95 71 43 46 8 15 88 1 52 79 1 36 60 67 47 50 72 43 76 13 47
53 4 50 37 4 85 0 16 25 9 51 17 45 6 18 36 37 75 48 51 47 59 71 10 37 46 25 94 0 80 29 33 99 6 100 54 94 98 44 91 80 28 9 54 63 95 7 90 70 92 73 77 17 94 49 65 51 83 37 21 98 70 87 10 63 14 58 35 78 27 93 65 95 72 27 44 45 0 62 34 94 10 26 81 9 59 99 10 77 96 69 53 79 53 18 48
68 86 60 33 35 64 16 88 29 77 38 15 70 47 92 54 45 8 75 64 11 51 69 66 1 19 10 27 80 0 99 23 39 71 92 62 34 53 86 37 10 87 7 43 98 35 29 59 97 98 20 58 82 61 46 39 29 50 33 38 58 45 77 70 30 56 14 64 82 87 2 76 2 33 28 44 48 45 54 45 46 75 51 1 73 57 47 67 30 82 88 88 12 22 5 43
42 82 45 97 46 11 76 16 17 66 20 61 42 52 65 27 18 75 41 91 3 40 67 7 45 10 71 76 29 99 0 67 99 10 10 74 2 64 40 43 75 24 69 15 68 90 53 71 32 95 61 57 88 47 98 20 47 20 14 58 80 85 74 90 74 11 8 38 99 5 58 25 4 85 68 92 9 15 89 13 14 91 81 60 30 18 20 87 92 68 73 39 31 18 43 100
1 39 48 80 39 16 7 10 0 62 11 50 19 58 3 14 60 96 65 52 38 39 97 49 57 82 39 80 33 23 67 0 10 48 36 51 95 40 71 35 82 78 5 12 24 23 73 83 65 19 14 88 45 17 14 54 25 92 56 38 26 55 63 35 13 3 82 81 34 0 30 88 80 51 5 52 20 20 47 69 2 96 67 69 29 24 41 42 100 80 35 90 0 7 98 47
21 51 8 43 44 61 28 63 82 81 57 61 100 11 8 52 85 93 42 85 18 76 49 47 96 57 7 25 99 39 99 10 0 43 94 18 13 21 36 44 59 18 23 59 51 29 81 88 35 36 27 93 89 88 1 53 82 94 54 97 7 95 51 14 17 54 29 93 68 27 33 94 100 90 27 87 76 78 73 0 13 85 58 87 25 79 45 81 1 45 89 0 95 57 87 33
94 35 78 100 21 79 31 58 93 31 8 69 83 36 77 53 33 59 62 7 79 46 17 73 35 1 80 3 6 71 10 48 43 0 64 99 27 77 66 47 10 44 21 85 67 67 97 46 95 66 51 39 70 70 21 15 33 12 75 47 69 24 80 67 92 68 95 56 86 30 91 12 52 90 49 41 2 5 33 67 17 74 26 31 65 89 18 21 98 38 6 35 98 85 15 19
42 32 8 41 96 57 6 67 50 80 25 73 30 7 88 31 5 41 47 59 65 21 93 28 38 34 44 94 100 92 10 36 94 64 0 3 74 40 45 41 18 55 26 60 76 53 32 64 26 58 97 60 25 16 78 65 23 39 15 77 28 14 77 91 11 9 72 89 16 52 90 91 55 45 41 58 60 71 74 12 92 20 29 40 36 41 6 22 40 77 81 89 70 39 78 51
69 36 76 91 19 50 31 44 56 51 67 68 65 78 37 74 18 98 94 13 64 31 14 51 61 48 90 85 54 62 74 51 18 99 3 0 4 97 72 97 20 83 18 75 41 24 51 58 91 57 18 1 74 86 7 62 69 99 25 17 93 74 9 39 22 83 58 83 93 35 17 59 71 87 61 84 89 22 27 99 26 89 39 44 100 15 11 88 81 69 7 9 28 69 2 44
45 5 93 15 15 37 45 72 94 100 16 92 78 28 40 9 82 45 22 83 23 55 91 92 6 23 59 93 94 34 2 95 13 27 74 4 0 79 60 51 54 49 65 38 13 51 99 27 100 69 58 13 87 11 90 14 69 47 0 70 6 5 28 66 55 38 82 26 2 74 24 1 52 63 77 15 71 88 52 30 69 42 34 63 40 78 93 8 49 43 5 6 48 81 69 66
58 36 68 66 21 93 92 60 96 17 52 32 72 75 17 37 36 60 75 52 95 52 26 70 58 29 89 70 98 53 64 40 21 77 40 97 79 0 31 47 28 51 86 35 77 57 70 60 28 11 59 72 58 10 8 69 60 37 96 74 7 99 19 49 20 25 100 93 86 75 32 68 56 75 21 10 38 42 93 93 28 57 56 31 47 26 94 38 22 77 93 40 21 84 72 13
6 90 56 81 52 93 47 55 89 85 2 80 89 23 94 25 72 33 30 29 93 26 72 77 39 8 81 61 44 86 40 71 36 66 45 72 60 31 0 98 46 75 21 85 17 67 47 47 25 17 60 58 51 34 53 19 80 100 30 71 41 56 38 13 30 8 51 99 1 72 68 38 35 95 31 75 20 100 91 2 21 71 79 66 10 67 45 29 76 94 85 2 53 69 81 68
98 73 6 53 7 88 0 28 41 34 45 87 67 4 100 58 32 60 48 26 10 52 36 9 27 100 40 71 91 37 43 35 44 47 41 97 51 47 98 0 71 14 12 56 23 29 13 41 27 11 25 49 14 37 100 9 24 46 82 55 55 38 2 49 55 92 39 11 80 35 83 93 48 83 17 52 95 89 32 13 89 17 98 50 94 48 36 56 21 69 62 87 39 59 7 78
30 48 83 48 96 69 40 17 42 76 45 72 18 19 35 15 52 40 50 34 71 62 43 55 46 21 77 5 80 10 75 82 59 10 18 20 54 28 46 71 0 1 98 54 58 90 0 66 10 50 56 83 48 18 46 21 54 31 34 42 0 9 83 10 48 69 72 72 47 67 53 30 43 73 48 76 85 21 32 68 14 28 32 84 47 63 78 43 40 76 66 42 54 73 2 98
20 46 29 11 17 19 52 48 15 24 20 86 78 17 78 4 82 18 91 78 56 84 41 56 43 56 16 82 28 87 24 78 18 44 55 83 49 51 75 14 1 0 74 44 34 49 17 90 19 2 69 38 77 5 74 46 19 52 12 20 68 60 18 100 6 40 37 69 10 23 96 15 65 89 28 19 76 68 4 6 22 40 43 77 34 29 18 39 23 61 17 97 97 25 38 87
49 57 76 44 47 28 52 24 57 73 88 71 54 80 77 28 71 36 61 45 68 59 80 50 95 35 67 20 9 7 69 5 23 21 26 18 65 86 21 12 98 74 0 33 61 43 47 57 37 91 8 14 72 84 60 36 58 52 66 9 49 21 75 29 29 66 15 84 13 66 16 25 7 58 58 16 18 76 61 85 54 27 93 30 43 27 42 66 54 46 56 25 39 54 51 79
24 62 13 86 46 66 65 79 47 8 99 36 26 84 41 48 85 9 12 6 5 21 41 33 97 23 78 44 54 43 15 12 59 85 60 75 38 35 85 56 54 44 33 0 76 21 93 74 81 64 89 33 43 52 99 84 98 94 28 69 66 25 73 4 29 16 39 0 57 29 43 64 33 1 43 77 38 94 76 4 44 29 17 7 93 10 78 75 5 97 99 79 77 31 99 35
28 80 12 11 87 39 35 67 79 95 89 90 79 41 46 0 11 10 48 5 76 65 87 94 58 21 50 65 63 98 68 24 51 67 76 41 13 77 17 23 58 34 61 76 0 81 71 7 61 95 60 17 23 89 67 66 78 40 50 15 94 71 50 91 69 47 8 4 53 62 64 89 33 54 56 31 28 32 6 11 79 8 97 83 35 12 83 61 92 100 12 92 65 59 68 26
5 14 12 27 21 66 34 3 57 76 83 80 98 99 17 61 43 85 13 76 85 44 6 81 6 11 65 3 95 35 90 23 29 67 53 24 51 57 67 29 90 49 43 21 81 0 41 89 100 61 89 73 55 99 69 81 8 47 48 6 97 52 49 39 30 61 29 30 52 64 23 76 43 53 69 64 29 12 12 49 50 65 82 84 30 89 2 78 95 94 92 74 27 24 20 24
86 20 9 6 34 96 68 85 39 6 65 46 70 52 21 55 36 9 37 48 4 19 16 54 97 52 68 13 7 29 53 73 81 97 32 51 99 70 47 13 0 17 47 93 71 41 0 38 48 58 92 58 64 70 47 7 5 78 34 7 96 91 39 73 45 49 55 87 66 93 30 55 31 1 65 34 76 55 0 56 60 93 67 14 90 42 73 34 18 67 61 39 83 39 23 57
47 85 81 9 12 49 91 37 35 38 52 23 96 8 10 59 14 87 43 98 47 20 67 63 56 65 86 8 90 59 71 83 88 46 64 58 27 60 47 41 66 90 57 74 7 89 38 0 99 69 23 68 67 38 67 12 36 48 96 70 76 92 74 3 81 38 8 7 21 97 88 27 95 42 96 57 48 89 79 59 91 82 73 42 61 29 28 83 76 7 58 53 21 1 37 68
7 17 74 81 89 2 76 11 14 38 73 89 65 49 85 25 27 61 0 40 62 99 34 15 92 32 90 64 70 97 32 65 35 95 26 91 100 28 25 27 10 19 37 81 61 100 48 99 0 0 26 57 64 1 67 26 38 85 99 21 75 53 65 66 98 90 97 72 46 63 32 67 79 93 1 87 64 91 72 90 11 58 43 77 64 48 96 71 33 56 75 62 19 93 27 37
92 84 9 40 35 78 1 28 11 72 24 55 37 100 22 84 79 68 75 46 51 38 96 40 87 64 77 89 92 98 95 19 36 66 58 57 69 11 17 11 50 2 91 64 95 61 58 69 0 0 86 57 32 47 17 10 20 42 40 61 44 25 51 19 49 61 41 12 29 59 99 40 86 83 52 96 35 28 17 73 91 10 84 43 42 23 34 61 36 97 40 95 69 78 63 66
92 49 48 59 18 24 77 43 21 32 11 90 70 34 19 7 85 88 47 24 8 86 84 39 31 13 95 71 73 20 61 14 27 51 97 18 58 59 60 25 56 69 8 89 60 89 92 23 26 86 0 33 22 56 50 14 79 33 60 79 78 85 9 45 44 99 64 25 12 30 71 95 50 85 47 99 81 96 56 53 27 9 19 11 18 51 69 54 84 4 96 12 70 28 47 44
95 17 3 47 83 97 4 86 87 3 59 31 6 54 41 61 18 90 62 93 73 25 27 70 9 20 34 10 77 58 57 88 93 39 60 1 13 72 58 49 83 38 14 33 17 73 58 68 57 57 33 0 91 6 83 53 36 54 79 29 41 48 93 87 67 74 14 79 67 21 21 98 72 91 1 79 93 49 56 77 88 99 92 43 10 81 28 48 5 99 94 3 84 71 15 42
54 16 41 56 92 95 82 47 98 30 56 69 1 36 25 17 3 8 91 17 58 56 13 10 59 74 34 25 17 82 88 45 89 70 25 74 87 58 51 14 48 77 72 43 23 55 64 67 64 32 22 91 0 35 99 13 17 21 29 29 88 31 95 82 58 38 14 76 20 67 5 11 8 84 28 55 96 55 60 25 5 52 16 53 66 86 46 19 7 94 19 78 26 45 25 8
76 34 29 7 69 36 84 16 63 41 80 21 34 67 36 94 82 45 56 77 64 95 40 47 92 46 18 11 94 61 47 17 88 70 16 86 11 10 34 37 18 5 84 52 89 99 70 38 1 47 56 6 35 0 49 77 19 82 65 34 0 49 29 76 79 11 75 92 24 13 98 78 49 69 36 62 8 29 0 84 1 98 0 22 92 16 6 54 74 19 98 55 71 15 90 68
97 64 59 54 53 23 60 53 83 13 0 48 2 76 79 46 57 86 6 14 58 13 99 32 81 82 87 32 49 46 98 14 1 21 78 7 90 8 53 100 46 74 60 99 67 69 47 67 67 17 50 83 99 49 0 82 92 71 84 76 57 64 29 30 52 81 79 29 59 53 49 8 7 13 49 43 12 0 51 64 0 29 8 14 49 69 5 61 88 85 90 73 53 69 37 14
2 12 71 57 39 89 88 34 23 45 43 70 28 85 45 98 82 96 100 19 57 87 11 35 64 99 38 61 65 39 20 54 53 15 65 62 14 69 19 9 21 46 36 84 66 81 7 12 26 10 14 53 13 77 82 0 17 48 18 89 65 47 86 40 37 43 8 72 12 0 56 92 50 60 4 69 44 97 12 100 86 57 48 57 60 95 7 64 61 25 10 30 7 54 10 73
8 24 41 81 80 46 75 33 82 37 16 6 47 30 63 65 60 55 9 67 68 4 61 18 26 49 45 53 51 29 47 25 82 33 23 69 69 60 80 24 54 19 58 98 78 8 5 36 38 20 79 36 17 19 92 17 0 77 69 79 46 44 18 43 8 31 56 47 38 31 99 100 64 53 55 8 40 6 45 81 45 30 80 21 20 32 57 15 70 95 64 43 12 23 85 30
47 97 45 93 29 9 48 20 14 1 74 4 42 3 2 26 97 86 76 43 58 74 85 11 100 16 72 55 83 50 20 92 94 12 39 99 47 37 100 46 31 52 52 94 40 47 78 48 85 42 33 54 21 82 71 48 77 0 26 22 53 15 78 99 100 13 7 77 27 85 51 48 92 10 98 41 76 81 80 18 4 10 5 10 15 18 13 53 57 53 96 61 75 92 64 8
24 93 57 95 20 48 64 51 96 32 91 69 19 27 20 20 24 71 22 18 26 50 37 31 23 96 56 45 37 33 14 56 54 75 15 25 0 96 30 82 34 12 66 28 50 48 34 96 99 40 60 79 29 65 84 18 69 26 0 28 14 95 76 66 71 53 97 41 27 91 75 51 45 32 58 6 11 53 28 81 11 86 98 57 83 10 33 79 30 2 40 49 11 38 88 100
7 63 1 73 81 84 23 56 69 4 63 85 87 47 93 68 100 16 1 50 18 7 12 67 18 4 7 15 21 38 58 38 97 47 77 17 70 74 71 55 42 20 9 69 15 6 7 70 21 61 79 29 29 34 76 89 79 22 28 0 15 17 5 88 99 51 51 84 58 71 65 30 4 58 29 47 20 20 75 48 67 45 54 61 14 84 36 15 80 93 9 59 0 55 89 55
55 61 44 61 15 26 88 46 74 32 64 77 65 63 9 59 20 41 71 40 39 74 99 37 71 3 85 68 98 58 80 26 7 69 28 93 6 7 41 55 0 68 49 66 94 97 96 76 75 44 78 41 88 0 57 65 46 53 14 15 0 70 95 57 49 58 9 23 5 100 10 34 91 2 79 43 30 62 36 2 7 95 18 84 80 58 100 71 1 91 48 33 44 8 90 4
53 46 98 4 26 0 95 77 15 96 12 34 67 51 13 81 30 16 23 75 79 14 50 81 63 93 62 6 70 45 85 55 95 24 14 74 5 99 56 38 9 60 21 25 71 52 91 92 53 25 85 48 31 49 64 47 44 15 95 17 70 0 53 52 71 62 100 87 10 41 22 88 46 57 88 19 50 5 23 29 33 33 54 26 88 88 81 82 82 20 46 31 1 8 7 40
77 50 0 54 90 65 58 13 8 3 29 17 21 81 37 31 85 29 0 15 4 95 19 58 33 22 90 63 87 77 74 63 51 80 77 9 28 19 38 2 83 18 75 73 50 49 39 74 65 51 9 93 95 29 29 86 18 78 76 5 95 53 0 15 28 19 9 75 31 94 2 87 13 40 91 94 0 9 94 0 83 7 43 5 42 100 99 62 33 4 3 14 44 31 77 34
82 3 76 64 96 68 1 80 9 7 11 41 42 95 58 9 86 57 85 54 16 38 32 90 18 87 42 8 10 70 90 35 14 67 91 39 66 49 13 49 10 100 29 4 91 39 73 3 66 19 45 87 82 76 30 40 43 99 66 88 57 52 15 0 26 52 24 22 46 11 70 22 71 19 43 6 25 2 44 97 65 83 62 61 34 38 2 63 21 16 57 45 69 48 39 44
64 46 47 75 34 31 38 33 58 8 96 9 25 33 47 91 60 97 46 80 50 13 6 63 77 28 61 8 63 30 74 13 17 92 11 22 55 20 30 55 48 6 29 29 69 30 45 81 98 49 44 67 58 79 52 37 8 100 71 99 49 71 28 26 0 92 34 35 46 20 45 19 95 3 10 67 19 59 12 7 6 1 46 79 37 18 8 46 38 32 89 18 33 77 95 78
43 71 22 60 10 47 54 58 56 64 21 86 57 41 97 48 28 65 54 41 82 8 82 80 78 95 18 13 14 56 11 3 54 68 9 83 38 25 8 92 69 40 66 16 47 61 49 38 90 61 99 74 38 11 81 43 31 13 53 51 58 62 19 52 92 0 63 58 100 65 6 79 47 99 26 27 27 31 15 57 31 58 73 25 100 2 87 36 90 51 53 91 63 69 75 81
31 82 94 25 38 1 58 63 76 51 95 2 98 34 43 66 88 83 52 39 4 99 43 38 31 59 19 94 58 14 8 82 29 95 72 58 82 100 51 39 72 37 15 39 8 29 55 8 97 41 64 14 14 75 79 8 56 7 97 51 9 100 9 24 34 63 0 64 64 40 92 69 27 58 90 44 35 69 57 72 49 73 57 27 8 13 93 42 12 71 81 28 30 93 69 50
77 72 41 89 10 50 42 5 65 21 72 21 96 15 13 80 27 87 31 71 56 61 14 9 36 60 71 72 35 64 38 81 93 56 89 83 26 93 99 11 72 69 84 0 4 30 87 7 72 12 25 79 76 92 29 72 47 77 41 84 23 87 75 22 35 58 64 0 14 83 1 81 96 17 56 29 26 5 47 0 23 22 62 66 99 68 1 12 74 32 48 12 42 27 23 40
59 19 4 7 44 79 41 55 100 59 80 83 89 26 65 40 75 29 90 59 71 22 79 96 28 9 42 59 78 82 99 34 68 86 16 93 2 86 1 80 47 10 13 57 53 52 66 21 46 29 12 67 20 24 59 12 38 27 27 58 5 10 31 46 46 100 64 14 0 51 39 97 99 9 5 82 44 24 23 92 3 49 65 34 23 64 50 86 96 98 15 43 53 42 6 65
3 59 15 51 67 36 46 40 27 47 94 32 44 98 4 42 87 55 69 37 34 17 88 18 74 52 49 24 27 87 5 0 27 30 52 35 74 75 72 35 67 23 66 29 62 64 93 97 63 59 30 21 67 13 53 0 31 85 91 71 100 41 94 11 20 65 40 83 51 0 61 46 34 24 28 26 60 9 13 78 52 68 59 28 32 55 100 61 94 26 76 50 87 91 84 29
27 30 3 22 61 17 35 95 42 91 48 80 73 82 30 43 92 37 35 6 15 45 97 91 30 9 27 28 93 2 58 30 33 91 90 17 24 32 68 83 53 96 16 43 64 23 30 88 32 99 71 21 5 98 49 56 99 51 75 65 10 22 2 70 45 6 92 1 39 61 0 19 27 31 4 35 85 88 98 23 79 54 50 35 26 30 77 48 68 85 3 45 98 61 63 47
58 28 74 28 14 31 17 88 60 23 60 0 99 31 45 45 4 60 32 98 41 95 2 69 85 58 3 83 65 76 25 88 94 12 91 59 1 68 38 93 30 15 25 64 89 76 55 27 67 40 95 98 11 78 8 92 100 48 51 30 34 88 87 22 19 79 69 81 97 46 19 0 54 23 92 58 48 35 43 66 44 18 77 90 95 57 61 0 56 89 63 27 71 92 8 69
80 44 62 16 92 57 35 78 57 79 61 89 99 41 0 47 55 51 27 92 10 70 75 58 39 14 49 89 95 2 4 80 100 52 55 71 52 56 35 48 43 65 7 33 33 43 31 95 79 86 50 72 8 49 7 50 64 92 45 4 91 46 13 71 95 47 27 96 99 34 27 54 0 90 69 80 38 29 63 52 78 46 27 66 68 74 6 66 31 74 68 57 51 28 5 54
86 52 77 62 0 37 51 35 14 10 65 52 33 20 67 84 13 82 31 63 47 10 36 20 9 9 58 52 72 33 85 51 90 90 45 87 63 75 95 83 73 89 58 1 54 53 1 42 93 83 85 91 84 69 13 60 53 10 32 58 2 57 40 19 3 99 58 17 9 24 31 23 90 0 34 77 1 35 84 67 15 40 62 0 43 8 27 13 21 33 83 78 57 31 81 22
47 89 92 41 7 95 42 55 12 83 8 31 91 54 16 82 34 26 75 94 28 1 2 2 14 64 7 68 27 28 68 5 27 49 41 61 77 21 31 17 48 28 58 43 56 69 65 96 1 52 47 1 28 36 49 4 55 98 58 29 79 88 91 43 10 26 90 56 5 28 4 92 69 34 0 47 21 8 94 25 49 9 34 91 45 64 5 5 9 37 28 81 28 25 70 36
72 68 96 32 73 89 97 43 21 83 63 35 44 36 54 57 82 29 36 29 2 68 93 27 9 50 65 95 44 44 92 52 87 41 58 84 15 10 75 52 76 19 16 77 31 64 34 57 87 96 99 79 55 62 43 69 8 41 6 47 43 19 94 6 67 27 44 29 82 26 35 58 80 77 47 0 76 20 64 62 89 91 14 22 32 84 12 42 64 21 11 1 64 76 20 19
71 31 21 74 73 96 24 29 96 56 38 99 16 40 97 52 81 12 49 100 3 33 82 53 32 89 66 71 45 48 9 20 76 2 60 89 71 38 20 95 85 76 18 38 28 29 76 48 64 35 81 93 96 8 12 44 40 76 11 20 30 50 0 25 19 27 35 26 44 60 85 48 38 1 21 76 0 19 56 68 89 22 52 65 60 80 4 68 37 57 81 49 49 91 86 94
21 99 67 77 71 24 32 56 59 70 7 73 16 82 34 99 30 8 70 98 78 13 97 52 34 82 86 43 0 45 15 20 78 5 71 22 88 42 100 89 21 68 76 94 32 12 55 89 91 28 96 49 55 29 0 97 6 81 53 20 62 5 9 2 59 31 69 5 24 9 88 35 29 35 8 20 19 0 15 79 2 93 75 53 34 33 23 38 55 39 95 63 90 82 27 78
19 95 51 73 47 19 59 28 42 75 82 76 57 23 37 88 0 1 94 69 45 0 99 33 68 15 53 46 62 54 89 47 73 33 74 27 52 93 91 32 32 4 61 76 6 12 0 79 72 17 56 56 60 0 51 12 45 80 28 75 36 23 94 44 12 15 57 47 23 13 98 43 63 84 94 64 56 15 0 64 99 19 89 54 99 77 85 81 100 11 36 18 99 60 92 85
8 57 87 43 2 4 38 52 93 54 80 81 58 32 1 35 78 74 5 81 40 26 13 82 9 67 65 8 34 45 13 69 0 67 12 99 30 93 2 13 68 6 85 4 11 49 56 59 90 73 53 77 25 84 64 100 81 18 81 48 2 29 0 97 7 57 72 0 92 78 23 66 52 67 25 62 68 79 64 0 90 63 78 60 26 79 81 53 34 3 5 11 88 72 91 23
25 55 6 41 7 13 67 56 1 35 79 25 67 78 82 53 12 29 63 72 49 83 46 29 97 75 71 15 94 46 14 2 13 17 92 26 69 28 21 89 14 22 54 44 79 50 60 91 11 91 27 88 5 1 0 86 45 4 11 67 7 33 83 65 6 31 49 23 3 52 79 44 78 15 49 89 89 2 99 90 0 5 75 90 56 97 16 68 14 85 38 5 88 53 12 90
23 31 37 73 40 60 88 19 49 70 54 46 86 63 12 2 29 15 40 17 58 12 27 48 41 20 55 88 10 75 91 96 85 74 20 89 42 57 71 17 28 40 27 29 8 65 93 82 58 10 9 99 52 98 29 57 30 10 86 45 95 33 7 83 1 58 73 22 49 68 54 18 46 40 9 91 22 93 19 63 5 0 45 92 86 77 0 44 12 52 15 81 99 0 72 57
83 20 7 78 24 67 5 0 68 58 24 35 47 62 5 47 2 46 46 16 25 61 11 25 46 54 82 1 26 51 81 67 58 26 29 39 34 56 79 98 32 43 93 17 97 82 67 73 43 84 19 92 16 0 8 48 80 5 98 54 18 54 43 62 46 73 57 62 65 59 50 77 27 62 34 14 52 75 89 78 75 45 0 5 40 3 79 13 3 86 98 93 34 65 59 81
53 74 74 82 41 39 33 97 22 11 0 43 57 11 30 59 69 51 100 12 78 43 71 58 66 88 31 52 81 1 60 69 87 31 40 44 63 31 66 50 84 77 30 7 83 84 14 42 77 43 11 43 53 22 14 57 21 10 57 61 84 26 5 61 79 25 27 66 34 28 35 90 66 0 91 22 65 53 54 60 90 92 5 0 56 57 41 63 71 11 69 23 82 29 21 87
28 64 100 16 16 9 81 62 36 58 16 26 81 38 68 96 16 56 70 51 45 61 74 77 2 27 32 79 9 73 30 29 25 65 36 100 40 47 10 94 47 34 43 93 35 30 90 61 64 42 18 10 66 92 49 60 20 15 83 14 80 88 42 34 37 100 8 99 23 32 26 95 68 43 45 32 60 34 99 26 56 86 40 56 0 73 97 19 45 33 22 28 41 75 27 33
60 12 16 25 61 39 36 29 43 36 81 85 60 23 31 6 87 67 41 32 58 35 23 4 97 99 68 1 59 57 18 24 79 89 41 15 78 26 67 48 63 29 27 10 12 89 42 29 48 23 51 81 86 16 69 95 32 18 10 84 58 88 100 38 18 2 13 68 64 55 30 57 74 8 64 84 80 33 77 79 97 77 3 57 73 0 79 48 47 30 49 12 35 0 31 56
27 100 39 22 71 95 30 33 82 72 95 90 22 13 97 73 14 97 89 9 59 46 36 37 21 52 26 36 99 47 20 41 45 18 6 11 93 94 45 36 78 18 42 78 83 2 73 28 96 34 69 28 46 6 5 7 57 13 33 36 100 81 99 2 8 87 93 1 50 100 77 61 6 27 5 12 4 23 85 81 16 0 79 41 97 79 0 55 4 67 20 62 66 20 48 11
60 67 79 34 77 61 29 100 77 75 5 94 53 36 95 57 98 1 84 72 31 7 29 67 80 83 62 60 10 67 87 42 81 21 22 88 8 38 29 56 43 39 66 75 61 78 34 83 71 61 54 48 19 54 61 64 15 53 79 15 71 82 62 63 46 36 42 12 86 61 48 0 66 13 5 42 68 38 81 53 68 44 13 63 19 48 55 0 28 73 27 27 14 37 43 68
86 40 1 47 77 89 93 86 3 2 29 48 75 20 42 14 51 94 99 22 15 91 5 49 16 14 34 67 77 30 92 100 1 98 40 81 49 22 76 21 40 23 54 5 92 95 18 76 33 36 84 5 7 74 88 61 70 57 30 80 1 82 33 21 38 90 12 74 96 94 68 56 31 21 9 64 37 55 100 34 14 12 3 71 45 47 4 28 0 93 45 56 5 2 29 6
98 97 14 26 50 41 18 88 96 31 83 49 30 38 84 100 4 92 23 74 7 6 8 73 43 2 24 47 96 82 68 80 45 38 77 69 43 77 94 69 76 61 46 97 100 94 67 7 56 97 4 99 94 19 85 25 95 53 2 93 91 20 4 16 32 51 71 32 98 26 85 89 74 33 37 21 57 39 11 3 85 52 86 11 33 30 67 73 93 0 19 94 66 61 22 62
69 3 5 49 3 64 56 59 65 9 73 89 97 61 25 9 88 49 25 68 37 88 90 22 51 45 74 50 69 88 73 35 89 6 81 7 5 93 85 62 66 17 56 99 12 92 61 58 75 40 96 94 19 98 90 10 64 96 40 9 48 46 3 57 89 53 81 48 15 76 3 63 68 83 28 11 81 95 36 5 38 15 98 69 22 49 20 27 45 19 0 73 28 40 98 98
89 21 70 88 41 98 92 13 7 35 3 16 61 51 75 21 9 55 74 24 21 37 57 68 74 51 46 72 53 88 39 90 0 35 89 9 6 40 2 87 42 97 25 79 92 74 39 53 62 95 12 3 78 55 73 30 43 61 49 59 33 31 14 45 18 91 28 12 43 50 45 27 57 78 81 1 49 63 18 11 5 81 93 23 28 12 62 27 56 94 73 0 60 10 10 0
68 11 99 44 71 19 82 5 99 14 11 100 30 40 63 92 53 5 10 48 39 5 72 7 21 82 16 43 79 12 31 0 95 98 70 28 48 21 53 39 54 97 39 77 65 27 83 21 19 69 70 84 26 71 53 7 12 75 11 0 44 1 44 69 33 63 30 42 53 87 98 71 51 57 28 64 49 90 99 88 88 99 34 82 41 35 66 14 5 66 28 60 0 96 35 65
58 52 31 10 25 39 27 3 93 35 48 93 15 90 65 1 53 23 41 3 10 57 24 50 51 87 35 76 53 22 18 7 57 85 39 69 81 84 69 59 73 25 54 31 59 24 39 1 93 78 28 71 45 15 69 54 23 92 38 55 8 8 31 48 77 69 93 27 42 91 61 92 28 31 25 76 91 82 60 72 53 0 65 29 75 0 20 37 2 61 40 10 96 0 68 72
25 50 92 28 21 19 42 39 66 96 20 57 62 62 37 20 32 81 79 19 15 17 43 57 65 42 100 13 18 5 43 98 87 15 78 2 69 72 81 7 2 38 51 99 68 20 23 37 27 63 47 15 25 90 37 10 85 64 88 89 90 7 77 39 95 75 69 23 6 84 63 8 5 81 70 20 86 27 92 91 12 72 59 21 27 31 48 43 29 22 98 10 35 68 0 60
1 82 54 70 47 29 26 60 0 88 37 49 8 18 8 98 50 12 4 70 58 75 52 20 99 14 40 47 48 43 100 47 33 19 51 44 66 13 68 78 98 87 79 35 26 24 57 68 37 66 44 42 8 68 14 73 30 8 100 55 4 40 34 44 78 81 50 40 65 29 47 69 54 22 36 19 94 78 85 23 90 57 81 87 33 56 11 68 6 62 98 0 65 72 60 0
