100 6
49 83 67 79 86 47 53 26 50 92 5 76 94 28 72 0 57 94 1 53 19 99 25 8 74 81 16 100 40 96 35 37 99 57 43 67 52 62 42 34 66 38 56 68 42 51 85 42 51 96 35 89 1 27 91 59 96 38 51 54 94 94 87 16 22 61 24 21 79 24 9 34 64 64 20 75 23 84 62 15 61 31 55 23 14 6 66 4 89 94 11 95 92 12 75 17 18 72 26 82
0 49 97 53 5 33 65 62 51 100 38 61 45 74 27 64 17 36 17 96 12 79 32 68 90 77 18 39 12 93 9 87 42 60 71 12 45 55 40 78 81 26 70 61 56 66 33 7 70 1 11 92 51 90 100 85 80 0 78 63 42 31 93 41 90 8 24 72 28 30 18 69 57 11 10 40 65 62 13 38 70 37 90 15 70 42 69 26 77 70 75 36 56 11 76 49 40 73 30 37 23
49 0 24 23 4 78 84 33 60 8 11 86 96 16 19 4 10 89 69 87 50 90 67 35 66 30 27 86 75 53 74 35 57 63 84 82 89 45 10 41 78 14 62 75 80 42 24 31 2 93 34 14 90 28 47 21 42 54 7 12 100 18 89 28 5 73 81 68 77 87 9 3 15 81 24 77 73 15 50 11 47 14 4 77 2 24 23 91 15 61 26 93 7 86 2 69 54 79 12 33 8
97 24 0 28 9 82 38 44 55 23 7 64 59 5 76 12 89 50 25 33 45 93 60 72 21 89 86 26 98 7 100 86 20 20 43 67 32 15 76 56 85 22 1 60 87 52 72 65 39 83 45 49 84 32 19 71 88 1 58 94 10 42 94 5 69 35 17 30 97 61 45 78 36 86 45 75 81 79 16 91 39 49 95 53 83 10 0 76 24 89 42 20 30 28 81 57 48 90 86 72 53
53 23 28 0 4 51 89 72 53 98 84 90 5 21 57 8 33 89 20 57 67 62 71 77 96 0 4 63 41 39 59 6 53 24 70 81 10 92 16 1 51 86 53 40 0 27 1 91 96 0 86 67 78 12 24 15 77 83 25 38 35 88 23 12 60 50 80 10 2 35 57 14 32 17 83 66 83 82 44 14 19 35 2 5 5 26 87 33 71 40 46 72 5 95 89 77 83 63 91 82 58
5 4 9 4 0 81 55 47 68 22 26 48 75 37 1 17 19 34 42 43 47 91 11 43 99 79 4 5 34 20 19 74 37 46 50 70 16 37 14 61 93 30 6 39 22 66 93 9 38 51 42 38 53 13 12 71 61 60 43 43 15 61 14 89 63 54 4 38 42 94 87 19 21 80 72 48 81 11 8 10 25 95 28 7 49 1 12 50 71 66 37 57 62 100 74 91 86 27 54 10 47
33 78 82 51 81 0 28 33 74 99 21 55 24 45 14 8 89 3 67 57 96 86 25 15 63 50 32 26 82 5 27 79 18 13 25 58 48 46 69 19 13 76 62 18 72 51 81 87 54 66 63 86 41 63 63 81 85 25 69 78 28 1 43 90 95 40 41 4 67 18 32 77 100 19 48 74 37 91 90 60 8 10 66 5 8 28 16 5 38 1 97 57 42 20 19 83 58 47 64 48 67
65 84 38 89 55 28 0 64 4 73 11 86 66 97 76 9 95 54 96 26 37 68 76 53 61 49 77 75 29 2 84 0 94 23 38 64 72 32 42 8 63 33 38 98 52 49 49 7 20 82 16 30 36 93 42 7 4 61 53 18 62 77 91 10 86 89 19 45 52 4 78 59 49 58 6 12 60 99 19 2 4 76 79 16 80 41 13 89 70 83 44 24 49 100 99 99 62 14 7 78 89
62 33 44 72 47 33 64 0 59 78 80 43 83 15 87 91 79 37 100 16 49 37 95 87 15 66 100 24 4 100 50 56 47 96 24 58 45 80 9 5 5 62 32 3 66 85 72 73 27 29 11 99 80 99 64 89 67 53 64 39 14 18 54 72 54 10 13 53 8 12 53 99 19 93 3 57 55 87 53 3 63 41 92 32 10 45 9 15 45 88 3 44 44 22 1 29 46 9 76 18 26
51 60 55 53 68 74 4 59 0 0 26 84 86 93 15 95 0 37 47 88 3 77 29 18 23 58 14 61 44 90 33 16 3 26 46 42 60 37 37 70 81 41 23 75 10 13 68 74 39 20 48 18 16 28 40 65 31 30 96 23 37 47 53 84 5 16 76 2 50 9 89 9 16 53 38 70 53 94 18 75 54 38 81 45 10 31 56 80 47 81 67 7 48 52 1 53 93 41 56 26 47
100 8 23 98 22 99 73 78 0 0 37 60 11 23 13 35 14 71 77 88 19 89 57 51 23 98 53 55 22 31 58 43 66 18 45 59 80 81 11 61 96 26 37 0 89 57 79 59 0 27 38 14 98 80 38 69 77 19 54 90 96 60 11 86 63 97 29 69 97 51 35 80 2 15 34 85 5 0 32 50 67 74 90 50 56 13 95 32 45 36 96 86 25 76 10 4 9 33 39 68 43
38 11 7 84 26 21 11 80 26 37 0 15 67 31 97 20 8 53 37 36 66 17 73 66 80 26 68 13 52 81 69 51 94 99 100 35 37 56 47 72 80 17 20 15 89 15 48 51 75 59 17 71 85 38 45 80 60 95 53 27 61 62 88 64 40 63 83 7 56 38 18 95 63 6 79 27 3 45 60 50 1 67 8 87 10 87 94 85 50 0 46 5 14 79 0 34 81 89 37 93 29
61 86 64 90 48 55 86 43 84 60 15 0 18 96 73 36 24 13 55 58 91 42 49 21 42 53 82 87 55 18 57 90 18 67 40 16 26 23 56 44 49 54 62 49 93 28 25 56 26 75 90 6 49 4 29 81 10 23 46 7 95 81 86 22 29 78 38 78 11 90 65 96 36 98 45 52 58 6 80 89 66 85 83 70 94 55 74 58 62 32 90 60 27 43 34 5 5 6 20 44 0
45 96 59 5 75 24 66 83 86 11 67 18 0 37 83 0 17 8 100 54 87 28 77 50 71 28 58 24 43 77 13 77 10 40 41 68 58 41 32 3 66 5 24 47 10 26 67 44 24 25 32 86 93 94 38 39 66 49 32 61 44 91 30 5 39 70 9 1 58 63 92 56 6 52 63 58 56 15 10 10 30 12 97 19 52 27 56 78 9 54 71 96 50 5 23 31 62 28 16 35 45
74 16 5 21 37 45 97 15 93 23 31 96 37 0 40 55 13 71 36 78 69 100 25 91 37 99 56 65 77 59 68 81 33 34 29 2 15 78 100 91 12 22 93 53 31 27 36 94 84 0 94 68 65 54 6 15 49 82 34 15 94 72 45 29 86 91 90 69 84 36 28 94 30 8 66 39 86 41 29 47 80 61 36 74 21 17 1 70 64 41 46 74 81 3 16 50 19 22 65 9 17
27 19 76 57 1 14 76 87 15 13 97 73 83 40 0 97 26 100 99 63 72 98 89 27 30 93 16 29 97 49 45 77 75 16 80 63 13 78 3 67 76 45 62 58 39 1 28 71 83 20 84 63 94 61 69 40 90 10 33 17 77 51 90 24 40 100 37 49 7 26 4 40 92 95 31 43 56 85 92 84 84 28 33 44 85 20 39 2 45 73 69 7 93 80 19 45 2 62 80 7 3
64 4 12 8 17 8 9 91 95 35 20 36 0 55 97 0 30 5 1 28 83 41 8 7 44 84 54 17 27 57 55 18 45 39 22 83 42 93 100 95 52 48 1 52 33 68 68 94 87 90 59 97 5 72 15 52 49 21 0 64 17 79 84 65 93 89 18 10 42 30 22 31 2 21 95 100 87 71 21 91 10 54 76 13 79 80 58 90 19 78 77 5 32 43 94 93 48 3 80 4 63
17 10 89 33 19 89 95 79 0 14 8 24 17 13 26 30 0 11 45 37 85 19 58 30 64 45 20 94 96 51 43 34 63 50 1 39 67 36 70 60 4 98 68 73 70 33 87 4 58 50 92 15 51 44 63 6 2 34 94 4 32 87 87 74 89 99 37 87 97 26 97 67 66 43 49 32 26 14 72 42 31 75 86 92 68 87 45 20 19 42 95 1 74 6 72 19 44 46 37 80 37
36 89 50 89 34 3 54 37 37 71 53 13 8 71 100 5 11 0 41 63 100 51 76 55 21 0 100 18 72 5 56 16 43 1 92 61 85 84 99 32 95 78 24 8 70 54 35 22 67 21 8 84 81 20 74 14 64 80 69 77 49 96 55 34 39 36 1 54 99 91 35 33 68 67 70 40 43 24 90 100 55 18 0 96 65 19 100 84 89 100 72 49 46 59 4 71 52 81 78 97 29
17 69 25 20 42 67 96 100 47 77 37 55 100 36 99 1 45 41 0 2 46 67 20 87 24 80 45 80 89 63 2 93 94 31 73 30 35 23 97 53 9 73 57 30 95 91 57 65 90 12 24 21 56 8 54 81 50 34 32 55 96 99 45 78 41 11 39 3 63 1 97 32 25 97 50 49 55 99 81 80 86 49 89 4 74 59 45 72 16 72 90 35 41 3 50 60 66 17 5 10 72
96 87 33 57 43 57 26 16 88 88 36 58 54 78 63 28 37 63 2 0 44 46 0 8 24 91 14 85 69 60 5 40 3 40 50 16 97 81 35 52 85 18 76 18 51 39 65 7 20 16 17 61 90 82 91 97 92 5 93 66 5 71 88 95 89 80 49 23 44 74 10 10 71 22 33 25 33 41 89 90 32 100 33 66 58 19 96 57 70 19 4 80 74 22 82 65 4 96 40 9 24
12 50 45 67 47 96 37 49 3 19 66 91 87 69 72 83 85 100 46 44 0 82 58 78 30 58 66 20 90 42 83 17 60 98 71 7 69 10 66 43 0 99 10 13 54 77 45 72 57 42 48 65 46 81 15 17 40 2 23 93 16 2 43 77 24 5 52 82 7 89 39 49 6 76 98 91 21 45 9 52 6 56 45 77 79 96 32 86 39 72 58 52 23 3 58 33 24 49 8 45 12
79 90 93 62 91 86 68 37 77 89 17 42 28 100 98 41 19 51 67 46 82 0 15 3 44 2 22 51 78 88 83 1 41 58 70 95 88 63 60 10 6 68 51 100 33 3 82 66 12 10 42 45 12 60 4 19 66 80 36 4 0 48 43 20 70 89 18 20 22 99 20 81 87 31 79 42 3 61 80 86 50 5 28 30 81 36 42 21 30 45 28 20 53 59 46 72 17 49 72 98 1
32 67 60 71 11 25 76 95 29 57 73 49 77 25 89 8 58 76 20 0 58 15 0 20 74 0 87 49 91 22 19 2 3 41 65 0 4 6 99 14 73 78 18 99 19 86 100 48 100 3 53 55 72 87 42 91 31 17 46 65 27 68 51 9 16 52 72 84 44 12 55 55 31 60 48 28 50 30 82 61 50 74 8 32 35 67 47 69 2 77 78 99 60 30 35 5 78 41 50 80 13
68 35 72 77 43 15 53 87 18 51 66 21 50 91 27 7 30 55 87 8 78 3 20 0 68 6 18 91 50 3 98 53 93 50 55 13 91 58 77 59 20 21 43 60 52 20 75 36 97 64 14 47 44 18 80 45 98 60 80 66 96 6 25 32 22 92 74 41 37 48 81 5 37 70 55 4 87 52 34 48 93 26 44 17 16 14 78 45 21 3 55 73 50 59 9 82 90 90 87 9 99
90 66 21 96 99 63 61 15 23 23 80 42 71 37 30 44 64 21 24 24 30 44 74 68 0 54 69 92 70 17 21 19 26 21 29 3 67 17 63 45 79 94 36 91 42 87 15 52 98 33 20 43 80 64 42 68 88 18 48 94 95 71 39 30 48 44 49 60 65 39 52 52 12 87 19 18 0 74 76 81 90 66 13 89 99 82 89 26 76 82 77 65 14 34 88 93 78 21 48 10 4
77 30 89 0 79 50 49 66 58 98 26 53 28 99 93 84 45 0 80 91 58 2 0 6 54 0 1 14 46 92 61 40 13 86 57 47 74 89 32 85 62 99 29 20 71 70 9 99 65 21 3 82 21 66 52 77 84 26 56 90 87 51 33 2 75 17 49 21 56 72 6 48 11 82 75 51 42 29 64 58 5 61 79 13 34 64 62 70 82 50 60 33 23 29 69 46 20 38 77 18 58
18 27 86 4 4 32 77 100 14 53 68 82 58 56 16 54 20 100 45 14 66 22 87 18 69 1 0 8 8 61 50 72 52 71 11 33 61 29 14 37 18 46 12 17 84 7 85 17 75 71 25 0 4 51 71 89 96 77 62 91 88 13 60 71 44 99 43 12 87 0 30 29 63 39 35 28 1 63 45 65 43 11 9 39 73 54 28 94 47 48 97 18 29 36 25 95 99 61 84 100 45
39 86 26 63 5 26 75 24 61 55 13 87 24 65 29 17 94 18 80 85 20 51 49 91 92 14 8 0 36 49 78 16 99 15 51 45 64 60 29 83 90 47 80 45 55 35 45 51 98 98 91 36 13 61 37 15 57 19 44 31 95 23 43 63 29 14 87 49 49 59 65 59 72 79 28 86 51 64 39 62 29 40 66 87 0 11 60 40 50 29 55 6 73 98 5 52 11 33 25 92 41
12 75 98 41 34 82 29 4 44 22 52 55 43 77 97 27 96 72 89 69 90 78 91 50 70 46 8 36 0 22 14 23 89 46 3 29 5 1 48 68 0 16 14 77 77 25 10 94 59 25 0 66 79 53 8 68 22 29 29 53 48 60 0 55 26 48 97 5 78 34 3 74 44 90 47 43 86 58 82 17 76 66 11 32 13 91 13 34 3 88 18 79 98 84 17 48 26 73 84 40 25
93 53 7 39 20 5 2 100 90 31 81 18 77 59 49 57 51 5 63 60 42 88 22 3 17 92 61 49 22 0 53 65 64 15 71 13 88 60 15 65 57 60 22 58 70 43 16 53 32 48 10 72 64 42 29 58 31 44 61 99 52 3 57 92 0 70 51 97 99 57 28 54 30 32 61 60 18 29 56 36 46 83 62 76 19 66 87 11 24 38 66 80 86 15 7 19 43 4 42 79 20
9 74 100 59 19 27 84 50 33 58 69 57 13 68 45 55 43 56 2 5 83 83 19 98 21 61 50 78 14 53 0 98 59 49 86 24 52 63 24 21 50 6 100 98 43 97 87 66 24 92 41 23 66 69 91 76 74 55 19 81 88 79 63 84 73 27 76 56 4 31 62 77 40 71 93 25 0 5 7 17 31 56 86 78 28 84 87 13 96 66 54 82 81 36 87 43 63 87 24 20 47
87 35 86 6 74 79 0 56 16 43 51 90 77 81 77 18 34 16 93 40 17 1 2 53 19 40 72 16 23 65 98 0 71 45 91 56 50 56 84 40 59 8 18 28 96 14 96 19 50 59 90 69 26 47 90 5 2 51 26 11 52 74 72 52 69 26 81 0 85 17 67 82 62 39 48 69 68 8 10 77 93 63 96 1 26 53 78 96 46 39 10 95 2 98 30 78 3 75 65 47 19
42 57 20 53 37 18 94 47 3 66 94 18 10 33 75 45 63 43 94 3 60 41 3 93 26 13 52 99 89 64 59 71 0 59 33 14 75 57 35 28 48 49 95 64 43 29 75 33 11 5 19 40 80 74 72 62 8 67 61 55 40 49 93 3 14 55 77 85 17 97 18 3 15 90 55 31 4 80 34 33 49 14 44 37 47 78 81 24 95 69 69 7 43 65 70 1 20 63 2 81 33
60 63 20 24 46 13 23 96 26 18 99 67 40 34 16 39 50 1 31 40 98 58 41 50 21 86 71 15 46 15 49 45 59 0 42 17 44 12 78 71 53 97 8 32 73 13 66 9 75 16 62 4 66 100 28 44 12 71 90 27 22 88 84 29 51 25 77 89 95 56 44 20 34 92 44 70 25 27 59 40 16 35 71 85 99 98 0 10 84 41 39 90 100 41 4 10 78 1 37 14 21
71 84 43 70 50 25 38 24 46 45 100 40 41 29 80 22 1 92 73 50 71 70 65 55 29 57 11 51 3 71 86 91 33 42 0 91 35 25 65 70 44 57 11 53 64 68 52 15 10 75 59 41 22 37 30 80 55 86 89 36 4 2 1 81 34 9 84 40 40 70 83 36 6 100 90 31 88 66 17 33 76 7 100 49 53 35 74 28 32 40 68 62 57 90 15 54 47 21 66 6 29
12 82 67 81 70 58 64 58 42 59 35 16 68 2 63 83 39 61 30 16 7 95 0 13 3 47 33 45 29 13 24 56 14 17 91 0 90 61 49 3 30 10 39 12 23 16 56 1 96 46 67 52 15 67 31 63 36 34 51 55 60 89 7 21 90 67 45 25 31 19 28 38 100 18 23 70 32 69 3 23 29 92 53 90 20 31 97 71 16 74 87 21 95 31 67 99 38 90 94 2 92
45 89 32 10 16 48 72 45 60 80 37 26 58 15 13 42 67 85 35 97 69 88 4 91 67 74 61 64 5 88 52 50 75 44 35 90 0 58 25 7 52 21 48 64 49 27 49 68 67 63 13 16 11 68 1 10 1 95 31 95 50 57 86 35 52 44 84 50 33 92 9 97 20 75 31 94 26 5 97 6 65 8 88 57 31 57 90 99 97 84 17 76 80 65 37 1 76 18 44 85 45
55 45 15 92 37 46 32 80 37 81 56 23 41 78 78 93 36 84 23 81 10 63 6 58 17 89 29 60 1 60 63 56 57 12 25 61 58 0 46 38 64 82 88 32 17 2 61 93 25 77 50 43 60 38 56 17 60 37 89 42 44 81 77 48 50 74 51 89 64 38 86 96 72 30 24 55 27 33 65 21 65 17 76 66 96 68 99 64 82 60 43 33 55 38 58 83 67 6 93 24 32
40 10 76 16 14 69 42 9 37 11 47 56 32 100 3 100 70 99 97 35 66 60 99 77 63 32 14 29 48 15 24 84 35 78 65 49 25 46 0 58 88 8 2 25 76 13 32 0 27 23 79 22 84 46 78 34 1 86 84 2 2 77 21 39 30 50 63 94 46 45 11 74 55 100 14 89 3 98 22 1 76 68 34 45 94 26 49 25 40 23 22 63 84 19 78 75 64 52 75 80 29
78 41 56 1 61 19 8 5 70 61 72 44 3 91 67 95 60 32 53 52 43 10 14 59 45 85 37 83 68 65 21 40 28 71 70 3 7 38 58 0 0 6 55 77 4 82 82 82 17 64 10 53 39 42 81 80 79 24 91 7 43 17 40 84 95 35 62 61 77 42 34 82 9 58 96 20 13 65 33 71 91 51 77 57 53 85 20 77 53 98 16 87 84 99 100 14 74 98 14 23 95
81 78 85 51 93 13 63 5 81 96 80 49 66 12 76 52 4 95 9 85 0 6 73 20 79 62 18 90 0 57 50 59 48 53 44 30 52 64 88 0 0 61 37 87 93 12 87 97 54 33 35 100 14 81 45 65 68 9 1 5 77 1 99 17 15 52 49 100 61 3 40 80 17 10 89 50 82 74 95 28 6 26 52 3 6 76 100 51 16 71 93 90 38 52 51 69 7 95 57 69 18
26 14 22 86 30 76 33 62 41 26 17 54 5 22 45 48 98 78 73 18 99 68 78 21 94 99 46 47 16 60 6 8 49 97 57 10 21 82 8 6 61 0 71 16 82 26 75 21 11 73 60 36 34 32 27 51 87 1 81 6 67 99 99 8 1 81 36 19 98 18 97 64 17 14 42 0 94 41 18 42 74 96 8 11 47 26 32 57 42 87 62 60 68 67 10 10 40 56 49 99 51
70 62 1 53 6 62 38 32 23 37 20 62 24 93 62 1 68 24 57 76 10 51 18 43 36 29 12 80 14 22 100 18 95 8 11 39 48 88 2 55 37 71 0 69 61 70 54 66 9 28 18 82 51 65 40 18 9 18 19 4 49 82 72 14 85 8 67 34 72 38 45 85 93 61 51 75 40 95 85 79 59 65 44 29 99 64 4 92 49 100 46 43 65 0 31 73 9 60 14 47 55
61 75 60 40 39 18 98 3 75 0 15 49 47 53 58 52 73 8 30 18 13 100 99 60 91 20 17 45 77 58 98 28 64 32 53 12 64 32 25 77 87 16 69 0 98 79 31 69 3 66 64 14 5 72 45 5 46 23 43 34 62 61 96 53 0 82 98 30 83 83 61 95 92 44 87 100 92 20 5 97 94 61 67 84 21 49 89 36 87 74 61 27 3 90 58 79 76 85 22 78 56
56 80 87 0 22 72 52 66 10 89 89 93 10 31 39 33 70 70 95 51 54 33 19 52 42 71 84 55 77 70 43 96 43 73 64 23 49 17 76 4 93 82 61 98 0 40 74 41 55 72 98 80 18 65 54 50 30 47 48 37 30 27 32 30 68 75 47 58 30 76 43 79 81 18 41 31 18 97 32 70 22 68 90 90 76 14 57 61 26 88 23 76 45 77 31 90 11 69 63 26 37
66 42 52 27 66 51 49 85 13 57 15 28 26 27 1 68 33 54 91 39 77 3 86 20 87 70 7 35 25 43 97 14 29 13 68 16 27 2 13 82 12 26 70 79 40 0 49 34 65 25 45 52 40 93 2 5 24 25 77 20 71 58 10 32 64 36 88 62 53 40 86 95 89 89 49 6 14 7 42 20 97 34 78 92 71 56 39 70 53 61 47 28 86 11 92 10 80 11 64 2 84
33 24 72 1 93 81 49 72 68 79 48 25 67 36 28 68 87 35 57 65 45 82 100 75 15 9 85 45 10 16 87 96 75 66 52 56 49 61 32 82 87 75 54 31 74 49 0 74 65 42 93 76 12 72 30 2 5 100 12 93 39 11 75 50 90 16 98 73 78 67 25 35 37 20 23 75 28 17 16 29 33 63 100 38 18 94 78 34 26 10 17 84 52 23 25 75 2 44 68 84 61
7 31 65 91 9 87 7 73 74 59 51 56 44 94 71 94 4 22 65 7 72 66 48 36 52 99 17 51 94 53 66 19 33 9 15 1 68 93 0 82 97 21 66 69 41 34 74 0 86 16 96 94 34 10 92 89 79 88 35 76 94 28 0 18 26 94 73 86 0 53 16 18 62 68 5 64 40 28 85 22 58 40 85 56 29 83 81 93 35 86 90 24 12 44 62 34 45 68 75 36 27
70 2 39 96 38 54 20 27 39 0 75 26 24 84 83 87 58 67 90 20 57 12 100 97 98 65 75 98 59 32 24 50 11 75 10 96 67 25 27 17 54 11 9 3 55 65 65 86 0 36 70 50 8 22 48 14 75 83 12 66 17 91 58 18 54 33 93 68 24 97 22 94 8 33 56 41 48 65 6 44 49 94 92 49 70 16 98 90 91 69 72 19 83 4 39 78 56 66 97 73 53
1 93 83 0 51 66 82 29 20 27 59 75 25 0 20 90 50 21 12 16 42 10 3 64 33 21 71 98 25 48 92 59 5 16 75 46 63 77 23 64 33 73 28 66 72 25 42 16 36 0 26 59 26 50 11 12 68 51 15 64 86 59 95 83 21 4 25 29 30 12 76 48 52 8 70 27 67 25 27 62 11 24 12 65 16 77 24 70 73 66 81 79 55 76 50 82 33 86 60 81 80
11 34 45 86 42 63 16 11 48 38 17 90 32 94 84 59 92 8 24 17 48 42 53 14 20 3 25 91 0 10 41 90 19 62 59 67 13 50 79 10 35 60 18 64 98 45 93 96 70 26 0 77 100 3 44 44 98 100 26 89 82 4 25 56 27 66 87 27 0 18 30 58 60 11 77 35 83 37 50 42 94 92 85 91 38 85 11 78 15 63 47 78 79 83 11 29 17 52 30 2 62
92 14 49 67 38 86 30 99 18 14 71 6 86 68 63 97 15 84 21 61 65 45 55 47 43 82 0 36 66 72 23 69 40 4 41 52 16 43 22 53 100 36 82 14 80 52 76 94 50 59 77 0 36 18 66 81 47 94 86 18 14 65 41 40 87 92 9 46 24 25 37 66 89 54 83 92 94 48 50 4 18 56 9 36 80 84 19 67 24 77 62 44 19 74 19 73 54 33 94 27 14
51 90 84 78 53 41 36 80 16 98 85 49 93 65 94 5 51 81 56 90 46 12 72 44 80 21 4 13 79 64 66 26 80 66 22 15 11 60 84 39 14 34 51 5 18 40 12 34 8 26 100 36 0 20 17 56 68 54 22 4 38 96 60 73 10 87 46 82 12 12 63 31 66 5 3 90 87 75 11 59 33 94 74 32 89 71 48 20 30 80 15 86 74 93 99 66 20 63 83 80 31
90 28 32 12 13 63 93 99 28 80 38 4 94 54 61 72 44 20 8 82 81 60 87 18 64 66 51 61 53 42 69 47 74 100 37 67 68 38 46 42 81 32 65 72 65 93 72 10 22 50 3 18 20 0 1 28 18 90 76 86 98 18 81 19 97 75 79 22 8 13 35 12 34 79 59 73 99 33 74 53 5 90 9 18 57 7 44 42 32 81 52 49 2 37 83 30 27 99 11 75 92
100 47 19 24 12 63 42 64 40 38 45 29 38 6 69 15 63 74 54 91 15 4 42 80 42 52 71 37 8 29 91 90 72 28 30 31 1 56 78 81 45 27 40 45 54 2 30 92 48 11 44 66 17 1 0 18 31 66 27 57 40 1 97 32 53 74 66 70 16 90 42 91 72 83 68 49 25 38 12 56 83 81 34 30 82 33 99 39 10 47 18 57 3 49 82 57 6 80 99 98 36
85 21 71 15 71 81 7 89 65 69 80 81 39 15 40 52 6 14 81 97 17 19 91 45 68 77 89 15 68 58 76 5 62 44 80 63 10 17 34 80 65 51 18 5 50 5 2 89 14 12 44 81 56 28 18 0 65 79 98 54 59 78 72 95 66 24 20 0 34 13 49 90 32 25 62 60 33 65 51 16 77 63 34 22 88 1 26 43 33 90 90 13 84 3 55 39 41 79 92 24 42
80 42 88 77 61 85 4 67 31 77 60 10 66 49 90 49 2 64 50 92 40 66 31 98 88 84 96 57 22 31 74 2 8 12 55 36 1 60 1 79 68 87 9 46 30 24 5 79 75 68 98 47 68 18 31 65 0 52 99 16 82 15 31 45 97 92 60 56 22 87 45 54 55 52 46 74 13 11 71 57 16 12 1 67 89 49 83 61 30 50 81 92 12 53 7 86 37 76 21 38 35
0 54 1 83 60 25 61 53 30 19 95 23 49 82 10 21 34 80 34 5 2 80 17 60 18 26 77 19 29 44 55 51 67 71 86 34 95 37 86 24 9 1 18 23 47 25 100 88 83 51 100 94 54 90 66 79 52 0 67 15 71 85 86 43 0 18 0 11 43 96 43 57 25 31 47 85 73 59 33 69 21 57 51 1 13 0 13 42 92 26 39 69 14 64 99 38 11 13 69 78 36
78 7 58 25 43 69 53 64 96 54 53 46 32 34 33 0 94 69 32 93 23 36 46 80 48 56 62 44 29 61 19 26 61 90 89 51 31 89 84 91 1 81 19 43 48 77 12 35 12 15 26 86 22 76 27 98 99 67 0 94 7 31 14 87 21 56 21 21 59 33 88 21 56 90 73 3 71 48 2 15 12 39 10 80 98 48 26 32 92 49 29 59 82 76 64 71 47 23 54 81 1
63 12 94 38 43 78 18 39 23 90 27 7 61 15 17 64 4 77 55 66 93 4 65 66 94 90 91 31 53 99 81 11 55 27 36 55 95 42 2 7 5 6 4 34 37 20 93 76 66 64 89 18 4 86 57 54 16 15 94 0 75 53 77 29 36 44 65 40 60 80 97 94 59 95 91 32 44 34 99 20 23 28 59 41 82 2 47 60 79 100 89 36 86 31 2 13 58 93 66 23 25
42 100 10 35 15 28 62 14 37 96 61 95 44 94 77 17 32 49 96 5 16 0 27 96 95 87 88 95 48 52 88 52 40 22 4 60 50 44 2 43 77 67 49 62 30 71 39 94 17 86 82 14 38 98 40 59 82 71 7 75 0 49 89 77 42 70 17 4 62 52 59 56 47 1 25 72 26 8 62 16 84 11 92 66 88 85 70 51 78 35 26 10 54 2 69 61 91 95 43 94 0
31 18 42 88 61 1 77 18 47 60 62 81 91 72 51 79 87 96 99 71 2 48 68 6 71 51 13 23 60 3 79 74 49 88 2 89 57 81 77 17 1 99 82 61 27 58 11 28 91 59 4 65 96 18 1 78 15 85 31 53 49 0 25 78 37 97 98 53 57 90 65 89 36 8 4 11 44 48 82 52 48 100 82 89 97 81 98 29 36 62 51 70 0 80 55 81 36 86 62 19 51
93 89 94 23 14 43 91 54 53 11 88 86 30 45 90 84 87 55 45 88 43 43 51 25 39 33 60 43 0 57 63 72 93 84 1 7 86 77 21 40 99 99 72 96 32 10 75 0 58 95 25 41 60 81 97 72 31 86 14 77 89 25 0 86 55 50 91 98 75 92 76 38 60 70 47 38 53 74 82 98 21 44 4 54 56 56 39 8 87 29 42 29 48 3 79 43 19 23 63 8 99
41 28 5 12 89 90 10 72 84 86 64 22 5 29 24 65 74 34 78 95 77 20 9 32 30 2 71 63 55 92 84 52 3 29 81 21 35 48 39 84 17 8 14 53 30 32 50 18 18 83 56 40 73 19 32 95 45 43 87 29 77 78 86 0 12 22 77 4 29 83 22 1 83 66 86 55 86 55 22 37 50 56 39 68 4 20 61 20 13 84 14 60 93 36 93 39 38 50 4 75 34
90 5 69 60 63 95 86 54 5 63 40 29 39 86 40 93 89 39 41 89 24 70 16 22 48 75 44 29 26 0 73 69 14 51 34 90 52 50 30 95 15 1 85 0 68 64 90 26 54 21 27 87 10 97 53 66 97 0 21 36 42 37 55 12 0 42 97 59 8 7 97 83 91 37 28 58 81 39 70 26 48 8 54 5 5 11 47 0 37 39 7 0 4 79 5 19 76 21 60 83 10
8 73 35 50 54 40 89 10 16 97 63 78 70 91 100 89 99 36 11 80 5 89 52 92 44 17 99 14 48 70 27 26 55 25 9 67 44 74 50 35 52 81 8 82 75 36 16 94 33 4 66 92 87 75 74 24 92 18 56 44 70 97 50 22 42 0 74 17 2 95 71 17 13 9 90 8 77 99 84 14 25 12 62 55 10 14 60 91 57 64 93 21 69 13 17 47 93 54 65 16 10
24 81 17 80 4 41 19 13 76 29 83 38 9 90 37 18 37 1 39 49 52 18 72 74 49 49 43 87 97 51 76 81 77 77 84 45 84 51 63 62 49 36 67 98 47 88 98 73 93 25 87 9 46 79 66 20 60 0 21 65 17 98 91 77 97 74 0 80 64 4 93 70 31 12 93 48 47 67 41 71 89 73 69 50 39 30 72 88 11 19 77 51 99 46 94 36 45 64 47 2 1
72 68 30 10 38 4 45 53 2 69 7 78 1 69 49 10 87 54 3 23 82 20 84 41 60 21 12 49 5 97 56 0 85 89 40 25 50 89 94 61 100 19 34 30 58 62 73 86 68 29 27 46 82 22 70 0 56 11 21 40 4 53 98 4 59 17 80 0 0 18 32 94 87 88 26 83 17 23 14 62 94 61 85 16 35 33 17 5 22 84 44 95 41 25 80 12 64 63 18 80 32
28 77 97 2 42 67 52 8 50 97 56 11 58 84 7 42 97 99 63 44 7 22 44 37 65 56 87 49 78 99 4 85 17 95 40 31 33 64 46 77 61 98 72 83 30 53 78 0 24 30 0 24 12 8 16 34 22 43 59 60 62 57 75 29 8 2 64 0 0 41 24 81 14 79 85 88 31 45 51 98 13 35 99 49 71 45 4 81 42 29 50 4 96 53 68 34 99 20 33 5 95
30 87 61 35 94 18 4 12 9 51 38 90 63 36 26 30 26 91 1 74 89 99 12 48 39 72 0 59 34 57 31 17 97 56 70 19 92 38 45 42 3 18 38 83 76 40 67 53 97 12 18 25 12 13 90 13 87 96 33 80 52 90 92 83 7 95 4 18 41 0 34 92 10 42 83 53 0 99 86 34 29 83 99 90 22 32 47 67 81 14 21 63 25 72 78 75 9 52 36 88 86
18 9 45 57 87 32 78 53 89 35 18 65 92 28 4 22 97 35 97 10 39 20 55 81 52 6 30 65 3 28 62 67 18 44 83 28 9 86 11 34 40 97 45 61 43 86 25 16 22 76 30 37 63 35 42 49 45 43 88 97 59 65 76 22 97 71 93 32 24 34 0 5 33 0 3 77 20 42 22 51 29 74 70 25 4 82 69 96 24 58 69 84 57 75 79 42 44 46 14 98 2
69 3 78 14 19 77 59 99 9 80 95 96 56 94 40 31 67 33 32 10 49 81 55 5 52 48 29 59 74 54 77 82 3 20 36 38 97 96 74 82 80 64 85 95 79 95 35 18 94 48 58 66 31 12 91 90 54 57 21 94 56 89 38 1 83 17 70 94 81 92 5 0 53 46 23 61 29 92 87 93 81 95 92 80 49 97 76 1 85 24 78 95 63 52 96 50 20 19 86 54 48
57 15 36 32 21 100 49 19 16 2 63 36 6 30 92 2 66 68 25 71 6 87 31 37 12 11 63 72 44 30 40 62 15 34 6 100 20 72 55 9 17 17 93 92 81 89 37 62 8 52 60 89 66 34 72 32 55 25 56 59 47 36 60 83 91 13 31 87 14 10 33 53 0 56 94 92 82 95 27 32 8 89 20 72 0 38 95 23 12 19 32 22 50 32 66 82 53 41 68 93 54
11 81 86 17 80 19 58 93 53 15 6 98 52 8 95 21 43 67 97 22 76 31 60 70 87 82 39 79 90 32 71 39 90 92 100 18 75 30 100 58 10 14 61 44 18 89 20 68 33 8 11 54 5 79 83 25 52 31 90 95 1 8 70 66 37 9 12 88 79 42 0 46 56 0 62 59 15 32 77 40 32 32 92 36 48 77 65 2 63 82 65 64 25 54 34 93 83 97 52 92 4
10 24 45 83 72 48 6 3 38 34 79 45 63 66 31 95 49 70 50 33 98 79 48 55 19 75 35 28 47 61 93 48 55 44 90 23 31 24 14 96 89 42 51 87 41 49 23 5 56 70 77 83 3 59 68 62 46 47 73 91 25 4 47 86 28 90 93 26 85 83 3 23 94 62 0 2 53 71 10 35 91 3 3 63 86 49 68 44 70 60 67 56 71 95 93 90 60 74 23 75 96
40 77 75 66 48 74 12 57 70 85 27 52 58 39 43 100 32 40 49 25 91 42 28 4 18 51 28 86 43 60 25 69 31 70 31 70 94 55 89 20 50 0 75 100 31 6 75 64 41 27 35 92 90 73 49 60 74 85 3 32 72 11 38 55 58 8 48 83 88 53 77 61 92 59 2 0 3 77 45 26 39 55 8 28 12 21 100 77 58 80 16 63 40 56 88 19 62 100 32 62 43
65 73 81 83 81 37 60 55 53 5 3 58 56 86 56 87 26 43 55 33 21 3 50 87 0 42 1 51 86 18 0 68 4 25 88 32 26 27 3 13 82 94 40 92 18 14 28 40 48 67 83 94 87 99 25 33 13 73 71 44 26 44 53 86 81 77 47 17 31 0 20 29 82 15 53 3 0 90 67 92 28 99 5 46 65 33 50 68 83 76 12 39 16 64 17 18 8 43 24 5 3
62 15 79 82 11 91 99 87 94 0 45 6 15 41 85 71 14 24 99 41 45 61 30 52 74 29 63 64 58 29 5 8 80 27 66 69 5 33 98 65 74 41 95 20 97 7 17 28 65 25 37 48 75 33 38 65 11 59 48 34 8 48 74 55 39 99 67 23 45 99 42 92 95 32 71 77 90 0 62 60 9 73 67 6 17 80 59 72 17 72 33 10 38 45 16 59 47 5 42 13 12
13 50 16 44 8 90 19 53 18 32 60 80 10 29 92 21 72 90 81 89 9 80 82 34 76 64 45 39 82 56 7 10 34 59 17 3 97 65 22 33 95 18 85 5 32 42 16 85 6 27 50 50 11 74 12 51 71 33 2 99 62 82 82 22 70 84 41 14 51 86 22 87 27 77 10 45 67 62 0 79 86 14 39 84 39 74 46 23 98 0 84 96 60 51 51 81 27 11 53 34 62
38 11 91 14 10 60 2 3 75 50 50 89 10 47 84 91 42 100 80 90 52 86 61 48 81 58 65 62 17 36 17 77 33 40 33 23 6 21 1 71 28 42 79 97 70 20 29 22 44 62 42 4 59 53 56 16 57 69 15 20 16 52 98 37 26 14 71 62 98 34 51 93 32 40 35 26 92 60 79 0 55 85 63 48 18 54 26 97 54 80 98 24 34 9 17 59 41 46 37 57 43
70 47 39 19 25 8 4 63 54 67 1 66 30 80 84 10 31 55 86 32 6 50 50 93 90 5 43 29 76 46 31 93 49 16 76 29 65 65 76 91 6 74 59 94 22 97 33 58 49 11 94 18 33 5 83 77 16 21 12 23 84 48 21 50 48 25 89 94 13 29 29 81 8 32 91 39 28 9 86 55 0 31 20 59 16 90 43 28 63 19 12 68 75 77 56 93 40 22 11 84 40
37 14 49 35 95 10 76 41 38 74 67 85 12 61 28 54 75 18 49 100 56 5 74 26 66 61 11 40 66 83 56 63 14 35 7 92 8 17 68 51 26 96 65 61 68 34 63 40 94 24 92 56 94 90 81 63 12 57 39 28 11 100 44 56 8 12 73 61 35 83 74 95 89 32 3 55 99 73 14 85 31 0 20 34 45 84 91 14 14 48 41 97 41 39 42 97 0 24 84 83 38
90 4 95 2 28 66 79 92 81 90 8 83 97 36 33 76 86 0 89 33 45 28 8 44 13 79 9 66 11 62 86 96 44 71 100 53 88 76 34 77 52 8 44 67 90 78 100 85 92 12 85 9 74 9 34 34 1 51 10 59 92 82 4 39 54 62 69 85 99 99 70 92 20 92 3 8 5 67 39 63 20 20 0 81 23 21 71 20 60 30 10 91 67 33 90 13 6 48 95 11 50
15 77 53 5 7 5 16 32 45 50 87 70 19 74 44 13 92 96 4 66 77 30 32 17 89 13 39 87 32 76 78 1 37 85 49 90 57 66 45 57 3 11 29 84 90 92 38 56 49 65 91 36 32 18 30 22 67 1 80 41 66 89 54 68 5 55 50 16 49 90 25 80 72 36 63 28 46 6 84 48 59 34 81 0 59 62 84 18 90 18 7 14 19 80 15 51 77 12 36 10 73
70 2 83 5 49 8 80 10 10 56 10 94 52 21 85 79 68 65 74 58 79 81 35 16 99 34 73 0 13 19 28 26 47 99 53 20 31 96 94 53 6 47 99 21 76 71 18 29 70 16 38 80 89 57 82 88 89 13 98 82 88 97 56 4 5 10 39 35 71 22 4 49 0 48 86 12 65 17 39 18 16 45 23 59 0 74 12 27 95 38 51 22 67 57 89 34 97 43 80 22 82
42 24 10 26 1 28 41 45 31 13 87 55 27 17 20 80 87 19 59 19 96 36 67 14 82 64 54 11 91 66 84 53 78 98 35 31 57 68 26 85 76 26 64 49 14 56 94 83 16 77 85 84 71 7 33 1 49 0 48 2 85 81 56 20 11 14 30 33 45 32 82 97 38 77 49 21 33 80 74 54 90 84 21 62 74 0 51 33 22 20 92 10 27 81 66 98 45 86 94 58 84
69 23 0 87 12 16 13 9 56 95 94 74 56 1 39 58 45 100 45 96 32 42 47 78 89 62 28 60 13 87 87 78 81 0 74 97 90 99 49 20 100 32 4 89 57 39 78 81 98 24 11 19 48 44 99 26 83 13 26 47 70 98 39 61 47 60 72 17 4 47 69 76 95 65 68 100 50 59 46 26 43 91 71 84 12 51 0 11 42 66 54 100 38 58 7 17 44 22 63 28 29
26 91 76 33 50 5 89 15 80 32 85 58 78 70 2 90 20 84 72 57 86 21 69 45 26 70 94 40 34 11 13 96 24 10 28 71 99 64 25 77 51 57 92 36 61 70 34 93 90 70 78 67 20 42 39 43 61 42 32 60 51 29 8 20 0 91 88 5 81 67 96 1 23 2 44 77 68 72 23 97 28 14 20 18 27 33 11 0 8 16 97 56 55 12 46 96 28 15 41 17 25
77 15 24 71 71 38 70 45 47 45 50 62 9 64 45 19 19 89 16 70 39 30 2 21 76 82 47 50 3 24 96 46 95 84 32 16 97 82 40 53 16 42 49 87 26 53 26 35 91 73 15 24 30 32 10 33 30 92 92 79 78 36 87 13 37 57 11 22 42 81 24 85 12 63 70 58 83 17 98 54 63 14 60 90 95 22 42 8 0 30 78 70 40 84 63 43 75 81 61 64 84
70 61 89 40 66 1 83 88 81 36 0 32 54 41 73 78 42 100 72 19 72 45 77 3 82 50 48 29 88 38 66 39 69 41 40 74 84 60 23 98 71 87 100 74 88 61 10 86 69 66 63 77 80 81 47 90 50 26 49 100 35 62 29 84 39 64 19 84 29 14 58 24 19 82 60 80 76 72 0 80 19 48 30 18 38 20 66 16 30 0 34 99 37 2 79 87 79 23 34 25 64
75 26 42 46 37 97 44 3 67 96 46 90 71 46 69 77 95 72 90 4 58 28 78 55 77 60 97 55 18 66 54 10 69 39 68 87 17 43 22 16 93 62 46 61 23 47 17 90 72 81 47 62 15 52 18 90 81 39 29 89 26 51 42 14 7 93 77 44 50 21 69 78 32 65 67 16 12 33 84 98 12 41 10 7 51 92 54 97 78 34 0 70 90 14 39 56 22 14 6 58 67
36 93 20 72 57 57 24 44 7 86 5 60 96 74 7 5 1 49 35 80 52 20 99 73 65 33 18 6 79 80 82 95 7 90 62 21 76 33 63 87 90 60 43 27 76 28 84 24 19 79 78 44 86 49 57 13 92 69 59 36 10 70 29 60 0 21 51 95 4 63 84 95 22 64 56 63 39 10 96 24 68 97 91 14 22 10 100 56 70 99 70 0 67 71 78 72 69 94 84 48 53
56 7 30 5 62 42 49 44 48 25 14 27 50 81 93 32 74 46 41 74 23 53 60 50 14 23 29 73 98 86 81 2 43 100 57 95 80 55 84 84 38 68 65 3 45 86 52 12 83 55 79 19 74 2 3 84 12 14 82 86 54 0 48 93 4 69 99 41 96 25 57 63 50 25 71 40 16 38 60 34 75 41 67 19 67 27 38 55 40 37 90 67 0 40 77 43 29 42 63 18 66
11 86 28 95 100 20 100 22 52 76 79 43 5 3 80 43 6 59 3 22 3 59 30 59 34 29 36 98 84 15 36 98 65 41 90 31 65 38 19 99 52 67 0 90 77 11 23 44 4 76 83 74 93 37 49 3 53 64 76 31 2 80 3 36 79 13 46 25 53 72 75 52 32 54 95 56 64 45 51 9 77 39 33 80 57 81 58 12 84 2 14 71 40 0 92 94 3 94 61 17 0
76 2 81 89 74 19 99 1 1 10 0 34 23 16 19 94 72 4 50 82 58 46 35 9 88 69 25 5 17 7 87 30 70 4 15 67 37 58 78 100 51 10 31 58 31 92 25 62 39 50 11 19 99 83 82 55 7 99 64 2 69 55 79 93 5 17 94 80 68 78 79 96 66 34 93 88 17 16 51 17 56 42 90 15 89 66 7 46 63 79 39 78 77 92 0 10 71 2 17 97 14
49 69 57 77 91 83 99 29 53 4 34 5 31 50 45 93 19 71 60 65 33 72 5 82 93 46 95 52 48 19 43 78 1 10 54 99 1 83 75 14 69 10 73 79 90 10 75 34 78 82 29 73 66 30 57 39 86 38 71 13 61 81 43 39 19 47 36 12 34 75 42 50 82 93 90 19 18 59 81 59 93 97 13 51 34 98 17 96 43 87 56 72 43 94 10 0 7 41 39 85 24
40 54 48 83 86 58 62 46 93 9 81 5 62 19 2 48 44 52 66 4 24 17 78 90 78 20 99 11 26 43 63 3 20 78 47 38 76 67 64 74 7 40 9 76 11 80 2 45 56 33 17 54 20 27 6 41 37 11 47 58 91 36 19 38 76 93 45 64 99 9 44 20 53 83 60 62 8 47 27 41 40 0 6 77 97 45 44 28 75 79 22 69 29 3 71 7 0 98 8 86 6
73 79 90 63 27 47 14 9 41 33 89 6 28 22 62 3 46 81 17 96 49 49 41 90 21 38 61 33 73 4 87 75 63 1 21 90 18 6 52 98 95 56 60 85 69 11 44 68 66 86 52 33 63 99 80 79 76 13 23 93 95 86 23 50 21 54 64 63 20 52 46 19 41 97 74 100 43 5 11 46 22 24 48 12 43 86 22 15 81 23 14 94 42 94 2 41 98 0 97 29 93
30 12 86 91 54 64 7 76 56 39 37 20 16 65 80 80 37 78 5 40 8 72 50 87 48 77 84 25 84 42 24 65 2 37 66 94 44 93 75 14 57 49 14 22 63 64 68 75 97 60 30 94 83 11 99 92 21 69 54 66 43 62 63 4 60 65 47 18 33 36 14 86 68 52 23 32 24 42 53 37 11 84 95 36 80 94 63 41 61 34 6 84 63 61 17 39 8 97 0 22 100
37 33 72 82 10 48 78 18 26 68 93 44 35 9 7 4 80 97 10 9 45 98 80 9 10 18 100 92 40 79 20 47 81 14 6 2 85 24 80 23 69 99 47 78 26 2 84 36 73 81 2 27 80 75 98 24 38 78 81 23 94 19 8 75 83 16 2 80 5 88 98 54 93 92 75 62 5 13 34 57 84 83 11 10 22 58 28 17 64 25 58 48 18 17 97 85 86 29 22 0 46
23 8 53 58 47 67 89 26 47 43 29 0 45 17 3 63 37 29 72 24 12 1 13 99 4 58 45 41 25 20 47 19 33 21 29 92 45 32 29 95 18 51 55 56 37 84 61 27 53 80 62 14 31 92 36 42 35 36 1 25 0 51 99 34 10 10 1 32 95 86 2 48 54 4 96 43 3 12 62 43 40 38 50 73 82 84 29 25 84 64 67 53 66 0 14 24 6 93 100 46 0
