150 8
30 7 28 56 1 16 96 5 21 57 30 60 12 85 91 93 40 86 68 55 82 73 56 97 72 30 31 8 34 93 48 61 50 84 23 36 90 37 77 33 0 27 28 29 59 0 11 50 41 8 63 1 91 46 57 84 63 6 35 72 86 34 25 22 76 71 32 32 65 11 13 52 48 67 8 98 44 82 79 33 33 54 57 57 52 52 90 53 32 100 13 19 97 69 67 71 78 74 53 90 2 40 23 51 92 88 67 91 38 4 89 99 41 86 95 1 3 1 31 46 25 9 26 5 27 82 76 75 23 44 70 69 35 53 13 88 63 88 19 54 77 0 45 22 75 61 42 0 0 34
0 49 97 53 5 33 65 62 51 100 38 61 45 74 27 64 17 36 17 96 12 79 32 68 90 77 18 39 12 93 9 87 42 60 71 12 45 55 40 78 81 26 70 61 56 66 33 7 70 1 11 92 51 90 100 85 80 0 78 63 42 31 93 41 90 8 24 72 28 30 18 69 57 11 10 40 65 62 13 38 70 37 90 15 70 42 69 26 77 70 75 36 56 11 76 49 40 73 30 37 23 24 23 4 78 84 33 60 8 11 86 96 16 19 4 10 89 69 87 50 90 67 35 66 30 27 86 75 53 74 35 57 63 84 82 89 45 10 41 78 14 62 75 80 42 24 31 2 93 34 14
49 0 90 28 47 21 42 54 7 12 100 18 89 28 5 73 81 68 77 87 9 3 15 81 24 77 73 15 50 11 47 14 4 77 2 24 23 91 15 61 26 93 7 86 2 69 54 79 12 33 8 28 9 82 38 44 55 23 7 64 59 5 76 12 89 50 25 33 45 93 60 72 21 89 86 26 98 7 100 86 20 20 43 67 32 15 76 56 85 22 1 60 87 52 72 65 39 83 45 49 84 32 19 71 88 1 58 94 10 42 94 5 69 35 17 30 97 61 45 78 36 86 45 75 81 79 16 91 39 49 95 53 83 10 0 76 24 89 42 20 30 28 81 57 48 90 86 72 53 4 51
97 90 0 89 72 53 98 84 90 5 21 57 8 33 89 20 57 67 62 71 77 96 0 4 63 41 39 59 6 53 24 70 81 10 92 16 1 51 86 53 40 0 27 1 91 96 0 86 67 78 12 24 15 77 83 25 38 35 88 23 12 60 50 80 10 2 35 57 14 32 17 83 66 83 82 44 14 19 35 2 5 5 26 87 33 71 40 46 72 5 95 89 77 83 63 91 82 58 81 55 47 68 22 26 48 75 37 1 17 19 34 42 43 47 91 11 43 99 79 4 5 34 20 19 74 37 46 50 70 16 37 14 61 93 30 6 39 22 66 93 9 38 51 42 38 53 13 12 71 61 60
53 28 89 0 43 43 15 61 14 89 63 54 4 38 42 94 87 19 21 80 72 48 81 11 8 10 25 95 28 7 49 1 12 50 71 66 37 57 62 100 74 91 86 27 54 10 47 28 33 74 99 21 55 24 45 14 8 89 3 67 57 96 86 25 15 63 50 32 26 82 5 27 79 18 13 25 58 48 46 69 19 13 76 62 18 72 51 81 87 54 66 63 86 41 63 63 81 85 25 69 78 28 1 43 90 95 40 41 4 67 18 32 77 100 19 48 74 37 91 90 60 8 10 66 5 8 28 16 5 38 1 97 57 42 20 19 83 58 47 64 48 67 64 4 73 11 86 66 97 76 9
5 47 72 43 0 95 54 96 26 37 68 76 53 61 49 77 75 29 2 84 0 94 23 38 64 72 32 42 8 63 33 38 98 52 49 49 7 20 82 16 30 36 93 42 7 4 61 53 18 62 77 91 10 86 89 19 45 52 4 78 59 49 58 6 12 60 99 19 2 4 76 79 16 80 41 13 89 70 83 44 24 49 100 99 99 62 14 7 78 89 59 78 80 43 83 15 87 91 79 37 100 16 49 37 95 87 15 66 100 24 4 100 50 56 47 96 24 58 45 80 9 5 5 62 32 3 66 85 72 73 27 29 11 99 80 99 64 89 67 53 64 39 14 18 54 72 54 10 13 53 8
33 21 53 43 95 0 12 53 99 19 93 3 57 55 87 53 3 63 41 92 32 10 45 9 15 45 88 3 44 44 22 1 29 46 9 76 18 26 0 26 84 86 93 15 95 0 37 47 88 3 77 29 18 23 58 14 61 44 90 33 16 3 26 46 42 60 37 37 70 81 41 23 75 10 13 68 74 39 20 48 18 16 28 40 65 31 30 96 23 37 47 53 84 5 16 76 2 50 9 89 9 16 53 38 70 53 94 18 75 54 38 81 45 10 31 56 80 47 81 67 7 48 52 1 53 93 41 56 26 47 37 60 11 23 13 35 14 71 77 88 19 89 57 51 23 98 53 55 22 31 58
65 42 98 15 54 12 0 43 66 18 45 59 80 81 11 61 96 26 37 0 89 57 79 59 0 27 38 14 98 80 38 69 77 19 54 90 96 60 11 86 63 97 29 69 97 51 35 80 2 15 34 85 5 0 32 50 67 74 90 50 56 13 95 32 45 36 96 86 25 76 10 4 9 33 39 68 43 15 67 31 97 20 8 53 37 36 66 17 73 66 80 26 68 13 52 81 69 51 94 99 100 35 37 56 47 72 80 17 20 15 89 15 48 51 75 59 17 71 85 38 45 80 60 95 53 27 61 62 88 64 40 63 83 7 56 38 18 95 63 6 79 27 3 45 60 50 1 67 8 87 10
62 54 84 61 96 53 43 0 87 94 85 50 0 46 5 14 79 0 34 81 89 37 93 29 18 96 73 36 24 13 55 58 91 42 49 21 42 53 82 87 55 18 57 90 18 67 40 16 26 23 56 44 49 54 62 49 93 28 25 56 26 75 90 6 49 4 29 81 10 23 46 7 95 81 86 22 29 78 38 78 11 90 65 96 36 98 45 52 58 6 80 89 66 85 83 70 94 55 74 58 62 32 90 60 27 43 34 5 5 6 20 44 0 37 83 0 17 8 100 54 87 28 77 50 71 28 58 24 43 77 13 77 10 40 41 68 58 41 32 3 66 5 24 47 10 26 67 44 24 25 32
51 7 90 14 26 99 66 87 0 86 93 94 38 39 66 49 32 61 44 91 30 5 39 70 9 1 58 63 92 56 6 52 63 58 56 15 10 10 30 12 97 19 52 27 56 78 9 54 71 96 50 5 23 31 62 28 16 35 45 40 55 13 71 36 78 69 100 25 91 37 99 56 65 77 59 68 81 33 34 29 2 15 78 100 91 12 22 93 53 31 27 36 94 84 0 94 68 65 54 6 15 49 82 34 15 94 72 45 29 86 91 90 69 84 36 28 94 30 8 66 39 86 41 29 47 80 61 36 74 21 17 1 70 64 41 46 74 81 3 16 50 19 22 65 9 17 97 26 100 99 63
100 12 5 89 37 19 18 94 86 0 72 98 89 27 30 93 16 29 97 49 45 77 75 16 80 63 13 78 3 67 76 45 62 58 39 1 28 71 83 20 84 63 94 61 69 40 90 10 33 17 77 51 90 24 40 100 37 49 7 26 4 40 92 95 31 43 56 85 92 84 84 28 33 44 85 20 39 2 45 73 69 7 93 80 19 45 2 62 80 7 3 30 5 1 28 83 41 8 7 44 84 54 17 27 57 55 18 45 39 22 83 42 93 100 95 52 48 1 52 33 68 68 94 87 90 59 97 5 72 15 52 49 21 0 64 17 79 84 65 93 89 18 10 42 30 22 31 2 21 95 100
38 100 21 63 68 93 45 85 93 72 0 87 71 21 91 10 54 76 13 79 80 58 90 19 78 77 5 32 43 94 93 48 3 80 4 63 11 45 37 85 19 58 30 64 45 20 94 96 51 43 34 63 50 1 39 67 36 70 60 4 98 68 73 70 33 87 4 58 50 92 15 51 44 63 6 2 34 94 4 32 87 87 74 89 99 37 87 97 26 97 67 66 43 49 32 26 14 72 42 31 75 86 92 68 87 45 20 19 42 95 1 74 6 72 19 44 46 37 80 37 41 63 100 51 76 55 21 0 100 18 72 5 56 16 43 1 92 61 85 84 99 32 95 78 24 8 70 54 35 22 67
61 18 57 54 76 3 59 50 94 98 87 0 21 8 84 81 20 74 14 64 80 69 77 49 96 55 34 39 36 1 54 99 91 35 33 68 67 70 40 43 24 90 100 55 18 0 96 65 19 100 84 89 100 72 49 46 59 4 71 52 81 78 97 29 2 46 67 20 87 24 80 45 80 89 63 2 93 94 31 73 30 35 23 97 53 9 73 57 30 95 91 57 65 90 12 24 21 56 8 54 81 50 34 32 55 96 99 45 78 41 11 39 3 63 1 97 32 25 97 50 49 55 99 81 80 86 49 89 4 74 59 45 72 16 72 90 35 41 3 50 60 66 17 5 10 72 44 46 0 8 24
45 89 8 4 53 57 80 0 38 89 71 21 0 91 14 85 69 60 5 40 3 40 50 16 97 81 35 52 85 18 76 18 51 39 65 7 20 16 17 61 90 82 91 97 92 5 93 66 5 71 88 95 89 80 49 23 44 74 10 10 71 22 33 25 33 41 89 90 32 100 33 66 58 19 96 57 70 19 4 80 74 22 82 65 4 96 40 9 24 82 58 78 30 58 66 20 90 42 83 17 60 98 71 7 69 10 66 43 0 99 10 13 54 77 45 72 57 42 48 65 46 81 15 17 40 2 23 93 16 2 43 77 24 5 52 82 7 89 39 49 6 76 98 91 21 45 9 52 6 56 45
74 28 33 38 61 55 81 46 39 27 21 8 91 0 77 79 96 32 86 39 72 58 52 23 3 58 33 24 49 8 45 12 15 3 44 2 22 51 78 88 83 1 41 58 70 95 88 63 60 10 6 68 51 100 33 3 82 66 12 10 42 45 12 60 4 19 66 80 36 4 0 48 43 20 70 89 18 20 22 99 20 81 87 31 79 42 3 61 80 86 50 5 28 30 81 36 42 21 30 45 28 20 53 59 46 72 17 49 72 98 1 20 74 0 87 49 91 22 19 2 3 41 65 0 4 6 99 14 73 78 18 99 19 86 100 48 100 3 53 55 72 87 42 91 31 17 46 65 27 68 51
27 5 89 42 49 87 11 5 66 30 91 84 14 77 0 9 16 52 72 84 44 12 55 55 31 60 48 28 50 30 82 61 50 74 8 32 35 67 47 69 2 77 78 99 60 30 35 5 78 41 50 80 13 68 6 18 91 50 3 98 53 93 50 55 13 91 58 77 59 20 21 43 60 52 20 75 36 97 64 14 47 44 18 80 45 98 60 80 66 96 6 25 32 22 92 74 41 37 48 81 5 37 70 55 4 87 52 34 48 93 26 44 17 16 14 78 45 21 3 55 73 50 59 9 82 90 90 87 9 99 54 69 92 70 17 21 19 26 21 29 3 67 17 63 45 79 94 36 91 42 87
64 73 20 94 77 53 61 14 49 93 10 81 85 79 9 0 15 52 98 33 20 43 80 64 42 68 88 18 48 94 95 71 39 30 48 44 49 60 65 39 52 52 12 87 19 18 0 74 76 81 90 66 13 89 99 82 89 26 76 82 77 65 14 34 88 93 78 21 48 10 4 1 14 46 92 61 40 13 86 57 47 74 89 32 85 62 99 29 20 71 70 9 99 65 21 3 82 21 66 52 77 84 26 56 90 87 51 33 2 75 17 49 21 56 72 6 48 11 82 75 51 42 29 64 58 5 61 79 13 34 64 62 70 82 50 60 33 23 29 69 46 20 38 77 18 58 8 8 61 50 72
17 81 57 87 75 3 96 79 32 16 54 20 69 96 16 15 0 52 71 11 33 61 29 14 37 18 46 12 17 84 7 85 17 75 71 25 0 4 51 71 89 96 77 62 91 88 13 60 71 44 99 43 12 87 0 30 29 63 39 35 28 1 63 45 65 43 11 9 39 73 54 28 94 47 48 97 18 29 36 25 95 99 61 84 100 45 36 49 78 16 99 15 51 45 64 60 29 83 90 47 80 45 55 35 45 51 98 98 91 36 13 61 37 15 57 19 44 31 95 23 43 63 29 14 87 49 49 59 65 59 72 79 28 86 51 64 39 62 29 40 66 87 0 11 60 40 50 29 55 6 73
36 68 67 19 29 63 26 0 61 29 76 74 60 32 52 52 52 0 98 5 52 11 33 25 92 41 22 14 23 89 46 3 29 5 1 48 68 0 16 14 77 77 25 10 94 59 25 0 66 79 53 8 68 22 29 29 53 48 60 0 55 26 48 97 5 78 34 3 74 44 90 47 43 86 58 82 17 76 66 11 32 13 91 13 34 3 88 18 79 98 84 17 48 26 73 84 40 25 53 65 64 15 71 13 88 60 15 65 57 60 22 58 70 43 16 53 32 48 10 72 64 42 29 58 31 44 61 99 52 3 57 92 0 70 51 97 99 57 28 54 30 32 61 60 18 29 56 36 46 83 62
17 77 62 21 2 41 37 34 44 97 13 14 5 86 72 98 71 98 0 76 19 66 87 11 24 38 66 80 86 15 7 19 43 4 42 79 20 98 59 49 86 24 52 63 24 21 50 6 100 98 43 97 87 66 24 92 41 23 66 69 91 76 74 55 19 81 88 79 63 84 73 27 76 56 4 31 62 77 40 71 93 25 0 5 7 17 31 56 86 78 28 84 87 13 96 66 54 82 81 36 87 43 63 87 24 20 47 71 45 91 56 50 56 84 40 59 8 18 28 96 14 96 19 50 59 90 69 26 47 90 5 2 51 26 11 52 74 72 52 69 26 81 0 85 17 67 82 62 39 48 69
96 87 71 80 84 92 0 81 91 49 79 64 40 39 84 33 11 5 76 0 68 8 10 77 93 63 96 1 26 53 78 96 46 39 10 95 2 98 30 78 3 75 65 47 19 59 33 14 75 57 35 28 48 49 95 64 43 29 75 33 11 5 19 40 80 74 72 62 8 67 61 55 40 49 93 3 14 55 77 85 17 97 18 3 15 90 55 31 4 80 34 33 49 14 44 37 47 78 81 24 95 69 69 7 43 65 70 1 20 63 2 81 33 42 17 44 12 78 71 53 97 8 32 73 13 66 9 75 16 62 4 66 100 28 44 12 71 90 27 22 88 84 29 51 25 77 89 95 56 44 20
12 9 77 72 0 32 89 89 30 45 80 80 3 72 44 20 33 52 19 68 0 34 92 44 70 25 27 59 40 16 35 71 85 99 98 0 10 84 41 39 90 100 41 4 10 78 1 37 14 21 91 35 25 65 70 44 57 11 53 64 68 52 15 10 75 59 41 22 37 30 80 55 86 89 36 4 2 1 81 34 9 84 40 40 70 83 36 6 100 90 31 88 66 17 33 76 7 100 49 53 35 74 28 32 40 68 62 57 90 15 54 47 21 66 6 29 90 61 49 3 30 10 39 12 23 16 56 1 96 46 67 52 15 67 31 63 36 34 51 55 60 89 7 21 90 67 45 25 31 19 28
79 3 96 48 94 10 57 37 5 77 58 69 40 58 12 43 61 11 66 8 34 0 38 100 18 23 70 32 69 3 23 29 92 53 90 20 31 97 71 16 74 87 21 95 31 67 99 38 90 94 2 92 58 25 7 52 21 48 64 49 27 49 68 67 63 13 16 11 68 1 10 1 95 31 95 50 57 86 35 52 44 84 50 33 92 9 97 20 75 31 94 26 5 97 6 65 8 88 57 31 57 90 99 97 84 17 76 80 65 37 1 76 18 44 85 45 46 38 64 82 88 32 17 2 61 93 25 77 50 43 60 38 56 17 60 37 89 42 44 81 77 48 50 74 51 89 64 38 86 96 72
32 15 0 81 23 45 79 93 39 75 90 77 50 52 55 80 29 33 87 10 92 38 0 30 24 55 27 33 65 21 65 17 76 66 96 68 99 64 82 60 43 33 55 38 58 83 67 6 93 24 32 58 88 8 2 25 76 13 32 0 27 23 79 22 84 46 78 34 1 86 84 2 2 77 21 39 30 50 63 94 46 45 11 74 55 100 14 89 3 98 22 1 76 68 34 45 94 26 49 25 40 23 22 63 84 19 78 75 64 52 75 80 29 0 6 55 77 4 82 82 82 17 64 10 53 39 42 81 80 79 24 91 7 43 17 40 84 95 35 62 61 77 42 34 82 9 58 96 20 13 65
68 81 4 11 38 9 59 29 70 16 19 49 16 23 55 64 14 25 11 77 44 100 30 0 33 71 91 51 77 57 53 85 20 77 53 98 16 87 84 99 100 14 74 98 14 23 95 61 37 87 93 12 87 97 54 33 35 100 14 81 45 65 68 9 1 5 77 1 99 17 15 52 49 100 61 3 40 80 17 10 89 50 82 74 95 28 6 26 52 3 6 76 100 51 16 71 93 90 38 52 51 69 7 95 57 69 18 71 16 82 26 75 21 11 73 60 36 34 32 27 51 87 1 81 6 67 99 99 8 1 81 36 19 98 18 97 64 17 14 42 0 94 41 18 42 74 96 8 11 47 26
90 24 63 8 64 15 0 18 9 80 78 96 97 3 31 42 37 92 24 93 70 18 24 33 0 32 57 42 87 62 60 68 67 10 10 40 56 49 99 51 69 61 70 54 66 9 28 18 82 51 65 40 18 9 18 19 4 49 82 72 14 85 8 67 34 72 38 45 85 93 61 51 75 40 95 85 79 59 65 44 29 99 64 4 92 49 100 46 43 65 0 31 73 9 60 14 47 55 98 79 31 69 3 66 64 14 5 72 45 5 46 23 43 34 62 61 96 53 0 82 98 30 83 83 61 95 92 44 87 100 92 20 5 97 94 61 67 84 21 49 89 36 87 74 61 27 3 90 58 79 76
77 77 41 10 72 45 27 96 1 63 77 55 81 58 60 68 18 41 38 63 25 23 55 71 32 0 85 22 78 56 40 74 41 55 72 98 80 18 65 54 50 30 47 48 37 30 27 32 30 68 75 47 58 30 76 43 79 81 18 41 31 18 97 32 70 22 68 90 90 76 14 57 61 26 88 23 76 45 77 31 90 11 69 63 26 37 49 34 65 25 45 52 40 93 2 5 24 25 77 20 71 58 10 32 64 36 88 62 53 40 86 95 89 89 49 6 14 7 42 20 97 34 78 92 71 56 39 70 53 61 47 28 86 11 92 10 80 11 64 2 84 74 65 42 93 76 12 72 30 2 5
18 73 39 25 32 88 38 73 58 13 5 34 35 33 48 88 46 22 66 96 27 70 27 91 57 85 0 100 12 93 39 11 75 50 90 16 98 73 78 67 25 35 37 20 23 75 28 17 16 29 33 63 100 38 18 94 78 34 26 10 17 84 52 23 25 75 2 44 68 84 61 86 16 96 94 34 10 92 89 79 88 35 76 94 28 0 18 26 94 73 86 0 53 16 18 62 68 5 64 40 28 85 22 58 40 85 56 29 83 81 93 35 86 90 24 12 44 62 34 45 68 75 36 27 36 70 50 8 22 48 14 75 83 12 66 17 91 58 18 54 33 93 68 24 97 22 94 8 33 56 41
39 15 59 95 42 3 14 36 63 78 32 39 52 24 28 18 12 14 80 1 59 32 33 51 42 22 100 0 48 65 6 44 49 94 92 49 70 16 98 90 91 69 72 19 83 4 39 78 56 66 97 73 53 26 59 26 50 11 12 68 51 15 64 86 59 95 83 21 4 25 29 30 12 76 48 52 8 70 27 67 25 27 62 11 24 12 65 16 77 24 70 73 66 81 79 55 76 50 82 33 86 60 81 80 77 100 3 44 44 98 100 26 89 82 4 25 56 27 66 87 27 0 18 30 58 60 11 77 35 83 37 50 42 94 92 85 91 38 85 11 78 15 63 47 78 79 83 11 29 17 52
12 50 6 28 8 44 98 24 92 3 43 36 85 49 50 48 17 23 86 26 40 69 65 77 87 78 12 48 0 30 2 62 36 18 66 81 47 94 86 18 14 65 41 40 87 92 9 46 24 25 37 66 89 54 83 92 94 48 50 4 18 56 9 36 80 84 19 67 24 77 62 44 19 74 19 73 54 33 94 27 14 20 17 56 68 54 22 4 38 96 60 73 10 87 46 82 12 12 63 31 66 5 3 90 87 75 11 59 33 94 74 32 89 71 48 20 30 80 15 86 74 93 99 66 20 63 83 80 31 1 28 18 90 76 86 98 18 81 19 97 75 79 22 8 13 35 12 34 79 59 73
93 11 53 7 63 44 80 13 56 67 94 1 18 8 30 94 84 89 15 53 16 3 21 57 62 56 93 65 30 0 99 33 74 53 5 90 9 18 57 7 44 42 32 81 52 49 2 37 83 30 27 99 11 75 92 18 31 66 27 57 40 1 97 32 53 74 66 70 16 90 42 91 72 83 68 49 25 38 12 56 83 81 34 30 82 33 99 39 10 47 18 57 3 49 82 57 6 80 99 98 36 65 79 98 54 59 78 72 95 66 24 20 0 34 13 49 90 32 25 62 60 33 65 51 16 77 63 34 22 88 1 26 43 33 90 90 13 84 3 55 39 41 79 92 24 42 52 99 16 82 15
9 47 24 49 33 22 38 55 6 76 93 54 76 45 82 95 7 46 7 78 35 23 65 53 60 40 39 6 2 99 0 31 45 97 92 60 56 22 87 45 54 55 52 46 74 13 11 71 57 16 12 1 67 89 49 83 61 30 50 81 92 12 53 7 86 37 76 21 38 35 67 15 71 85 86 43 0 18 0 11 43 96 43 57 25 31 47 85 73 59 33 69 21 57 51 1 13 0 13 42 92 26 39 69 14 64 99 38 11 13 69 78 36 94 7 31 14 87 21 56 21 21 59 33 88 21 56 90 73 3 71 48 2 15 12 39 10 80 98 48 26 32 92 49 29 59 82 76 64 71 47
87 14 70 1 38 1 69 58 52 45 48 99 18 12 61 71 85 3 19 96 71 29 17 85 68 74 11 44 62 33 31 0 23 54 81 1 75 53 77 29 36 44 65 40 60 80 97 94 59 95 91 32 44 34 99 20 23 28 59 41 82 2 47 60 79 100 89 36 86 31 2 13 58 93 66 23 25 49 89 77 42 70 17 4 62 52 59 56 47 1 25 72 26 8 62 16 84 11 92 66 88 85 70 51 78 35 26 10 54 2 69 61 91 95 43 94 0 25 78 37 97 98 53 57 90 65 89 36 8 4 11 44 48 82 52 48 100 82 89 97 81 98 29 36 62 51 70 0 80 55 81
42 4 81 12 98 29 77 91 63 62 3 91 51 15 50 39 17 29 43 46 85 92 76 20 67 41 75 49 36 74 45 23 0 36 86 62 19 51 86 55 50 91 98 75 92 76 38 60 70 47 38 53 74 82 98 21 44 4 54 56 56 39 8 87 29 42 29 48 3 79 43 19 23 63 8 99 12 22 77 4 29 83 22 1 83 66 86 55 86 55 22 37 50 56 39 68 4 20 61 20 13 84 14 60 93 36 93 39 38 50 4 75 34 42 97 59 8 7 97 83 91 37 28 58 81 39 70 26 48 8 54 5 5 11 47 0 37 39 7 0 4 79 5 19 76 21 60 83 10 74 17
60 77 10 50 52 46 19 42 58 58 80 35 39 3 74 30 75 5 4 39 99 53 66 77 10 55 50 94 18 53 97 54 36 0 2 95 71 17 13 9 90 8 77 99 84 14 25 12 62 55 10 14 60 91 57 64 93 21 69 13 17 47 93 54 65 16 10 80 64 4 93 70 31 12 93 48 47 67 41 71 89 73 69 50 39 30 72 88 11 19 77 51 99 46 94 36 45 64 47 2 1 0 18 32 94 87 88 26 83 17 23 14 62 94 61 85 16 35 33 17 5 22 84 44 95 41 25 80 12 64 63 18 80 32 41 24 81 14 79 85 88 31 45 51 98 13 35 99 49 71 45
71 2 92 71 49 9 54 49 56 39 4 33 65 44 8 48 71 1 42 10 98 90 96 53 10 72 90 92 66 5 92 81 86 2 0 4 81 42 29 50 4 96 53 68 34 99 20 33 5 95 34 92 10 42 83 53 0 99 86 34 29 83 99 90 22 32 47 67 81 14 21 63 25 72 78 75 9 52 36 88 86 5 33 0 3 77 20 42 22 51 29 74 70 25 4 82 69 96 24 58 69 84 57 75 79 42 44 46 14 98 2 53 46 23 61 29 92 87 93 81 95 92 80 49 97 76 1 85 24 78 95 63 52 96 50 20 19 86 54 48 56 94 92 82 95 27 32 8 89 20 72
12 24 16 66 49 76 90 21 15 1 63 68 7 2 32 44 25 48 79 95 0 20 68 98 40 98 16 49 81 90 60 1 62 95 4 0 0 38 95 23 12 19 32 22 50 32 66 82 53 41 68 93 54 62 59 15 32 77 40 32 32 92 36 48 77 65 2 63 82 65 64 25 54 34 93 83 97 52 92 4 2 53 71 10 35 91 3 3 63 86 49 68 44 70 60 67 56 71 95 93 90 60 74 23 75 96 3 77 45 26 39 55 8 28 12 21 100 77 58 80 16 63 40 56 88 19 62 100 32 62 43 90 67 92 28 99 5 46 65 33 50 68 83 76 12 39 16 64 17 18 8
45 23 1 37 7 18 96 42 10 28 11 67 20 22 35 49 0 68 20 2 10 31 99 16 56 80 98 70 47 9 56 75 19 71 81 0 0 43 24 5 3 62 60 9 73 67 6 17 80 59 72 17 72 33 10 38 45 16 59 47 5 42 13 12 79 86 14 39 84 39 74 46 23 98 0 84 96 60 51 51 81 27 11 53 34 62 55 85 63 48 18 54 26 97 54 80 98 24 34 9 17 59 41 46 37 57 43 31 20 59 16 90 43 28 63 19 12 68 75 77 56 93 40 22 11 84 40 20 34 45 84 91 14 14 48 41 97 41 39 42 97 0 24 84 83 38 81 23 21 71 20
55 91 51 57 20 26 60 53 10 71 45 70 16 51 67 60 4 0 98 98 84 97 64 87 49 18 73 16 94 18 22 53 51 17 42 38 43 0 60 30 10 91 67 33 90 13 6 48 95 11 50 59 62 84 18 90 18 7 14 19 80 15 51 77 12 36 10 73 74 12 27 95 38 51 22 67 57 89 34 97 43 80 22 82 51 33 22 20 92 10 27 81 66 98 45 86 94 58 84 11 42 66 54 100 38 58 7 17 44 22 63 28 29 8 16 97 56 55 12 46 96 28 15 41 17 25 30 78 70 40 84 63 43 75 81 61 64 84 34 99 37 2 79 87 79 23 34 25 64 70 90
40 15 86 62 82 0 11 82 30 83 37 40 17 78 47 65 51 16 59 30 41 71 82 84 99 65 78 98 86 57 87 77 86 13 29 95 24 60 0 14 39 56 22 14 6 58 67 67 71 78 72 69 94 84 48 53 40 77 43 29 42 63 18 66 92 94 3 94 61 17 0 10 71 2 17 97 14 7 41 39 85 24 98 8 86 6 97 29 93 22 100 46 49 83 67 79 86 47 53 26 50 92 5 76 94 28 72 0 57 94 1 53 19 99 25 8 74 81 16 100 40 96 35 37 99 57 43 67 52 62 42 34 66 38 56 68 42 51 85 42 51 96 35 89 1 27 91 59 96 38 51
78 61 53 100 16 26 86 87 12 20 85 43 61 88 69 39 71 14 49 78 39 16 60 99 51 54 67 90 18 7 45 29 55 9 50 23 5 30 14 0 54 94 94 87 16 22 61 24 21 79 24 9 34 64 64 20 75 23 84 62 15 61 31 55 23 14 6 66 4 89 94 11 95 92 12 75 17 18 72 26 82 45 46 12 12 48 62 16 42 73 66 26 77 28 97 76 72 56 77 36 12 17 53 12 95 24 91 16 22 88 34 35 86 41 21 57 90 43 69 12 96 11 50 1 7 24 43 55 31 42 54 75 15 42 8 61 77 63 38 31 49 91 7 44 42 21 11 71 35 58 0
81 26 40 74 30 84 63 55 97 84 19 24 90 83 2 52 89 77 86 3 90 74 43 100 69 50 25 91 14 44 54 36 50 90 4 12 3 10 39 54 0 79 80 20 18 94 71 72 43 87 95 58 88 8 49 34 59 36 3 51 3 58 14 16 38 42 38 77 19 62 56 0 77 41 19 53 3 38 22 73 20 10 53 96 65 57 68 82 99 17 53 43 16 88 71 46 75 21 10 11 31 14 25 61 91 83 24 3 48 42 33 45 75 32 56 66 95 4 39 57 55 28 96 94 95 60 1 66 76 93 50 91 43 27 72 44 37 20 22 92 91 35 25 15 45 94 48 19 38 32 90
26 93 0 91 36 86 97 18 19 63 58 90 82 1 77 52 96 77 24 75 100 87 33 14 61 30 35 69 65 42 55 44 91 8 96 19 62 91 56 94 79 0 79 21 51 3 85 9 23 49 52 10 9 86 72 31 68 8 27 41 95 57 71 91 77 12 98 21 20 98 77 75 77 6 56 99 33 27 68 7 63 9 2 83 6 76 24 21 63 96 84 25 66 37 73 94 72 11 19 47 69 0 79 42 83 39 69 28 74 38 1 73 52 45 9 42 35 98 44 12 38 72 19 45 4 92 1 82 76 51 1 55 29 55 72 59 37 0 22 88 73 58 68 8 82 99 1 85 5 11 16
70 7 27 86 93 93 29 57 52 94 30 100 91 41 78 12 77 25 52 65 41 21 55 74 70 47 37 72 41 32 52 65 98 77 53 32 60 67 22 94 80 79 0 50 49 76 22 93 28 83 70 13 3 5 50 51 36 21 48 3 85 40 80 53 66 25 65 45 76 31 86 4 53 63 65 80 6 25 43 58 93 23 72 25 27 4 25 15 37 96 41 42 93 39 18 23 73 92 53 35 7 48 14 96 72 63 20 48 100 28 52 97 49 16 71 80 56 79 88 46 5 82 78 67 29 27 65 51 62 28 73 93 10 69 14 19 21 38 3 40 14 16 79 81 67 79 23 69 53 32 1
61 86 1 27 42 15 69 90 27 61 64 55 97 58 99 87 62 10 63 47 4 95 38 98 54 48 20 19 40 81 46 40 75 99 68 22 9 33 14 87 20 21 50 0 97 100 46 17 5 65 27 91 56 85 78 34 99 53 99 7 96 31 75 34 24 43 85 13 88 34 62 47 37 7 33 89 13 45 36 24 43 29 30 25 24 87 48 15 68 32 85 21 44 50 3 68 85 5 68 55 87 14 32 90 25 65 38 94 10 13 64 54 86 70 45 22 18 15 36 93 94 97 37 22 62 37 31 68 74 88 30 9 61 24 45 54 34 41 13 17 59 80 44 64 16 8 98 58 51 98 61
56 2 91 54 7 95 97 18 56 69 45 18 92 70 60 19 91 94 24 19 10 31 58 14 66 37 23 83 87 52 74 60 92 84 34 50 73 90 6 16 18 51 49 97 0 40 78 39 61 18 36 5 52 88 8 59 75 22 8 97 14 50 29 37 80 13 54 80 74 37 69 3 72 6 51 94 52 67 47 29 99 31 20 83 83 13 14 68 77 18 37 45 62 65 31 55 99 19 76 76 23 43 23 97 84 2 42 19 13 65 40 77 31 13 94 95 71 13 94 87 61 66 78 89 63 36 42 78 11 26 5 81 51 33 65 90 43 28 75 43 33 92 100 95 89 8 57 16 4 85 12
66 69 96 10 4 0 51 67 78 40 20 0 5 95 30 18 88 59 21 59 78 67 83 23 9 30 75 4 92 49 13 80 76 14 99 32 67 13 58 22 94 3 76 100 40 0 56 90 35 97 42 32 56 2 43 93 41 81 31 45 93 46 45 91 48 25 2 50 80 74 68 39 51 77 2 69 15 40 3 55 18 11 16 6 84 71 37 25 96 83 46 31 72 10 97 28 85 55 40 82 81 89 80 36 2 8 58 35 80 48 27 20 92 57 1 20 0 21 73 87 6 11 47 98 6 85 28 28 63 32 39 72 47 94 83 68 40 83 98 89 63 78 64 99 6 31 16 94 27 29 12
33 54 0 47 61 37 35 40 9 90 94 96 93 88 35 0 13 25 50 33 1 99 67 95 28 27 28 39 9 2 11 97 38 25 20 66 6 6 67 61 71 85 22 46 78 56 0 17 13 5 76 71 11 75 92 78 55 58 83 57 50 1 94 78 97 81 67 80 40 90 66 26 16 78 38 70 37 86 51 76 66 96 6 58 73 72 31 50 33 71 84 39 94 15 40 73 90 32 89 65 34 57 57 13 75 39 41 88 9 91 55 43 95 0 13 91 42 75 13 71 25 73 86 85 0 2 2 39 95 59 14 66 85 2 63 94 30 35 65 38 100 33 25 95 51 77 57 61 39 42 1
7 79 86 28 53 47 80 16 54 10 96 65 66 63 5 74 60 0 6 14 37 38 6 61 18 32 17 78 46 37 71 94 60 12 33 82 17 48 67 24 72 9 93 17 39 90 17 0 97 73 99 77 76 99 37 13 43 88 11 19 49 58 33 44 35 79 87 95 98 28 90 23 70 58 59 33 60 12 10 87 22 70 6 99 32 46 42 46 7 49 85 43 22 36 60 5 69 64 38 40 34 97 79 80 40 9 44 2 57 79 22 45 78 37 88 33 62 0 57 20 31 44 29 14 82 6 48 56 48 82 76 4 41 3 86 1 58 32 27 89 22 59 13 89 98 94 51 71 7 33 13
70 12 67 33 18 88 2 26 71 33 51 19 5 60 78 76 71 66 100 75 14 90 93 37 82 30 16 56 24 83 57 59 70 62 5 53 80 95 71 21 43 23 28 5 61 35 13 97 0 17 7 1 32 54 67 84 99 74 36 8 42 61 74 43 33 42 29 6 94 66 30 56 66 90 2 86 48 40 5 67 25 91 94 14 71 31 3 93 68 40 19 91 30 73 63 69 63 55 23 57 33 22 4 46 86 37 94 43 80 35 29 50 0 7 98 87 12 17 76 42 72 21 2 5 68 20 74 19 10 17 19 70 23 52 49 2 47 36 44 99 72 97 2 30 75 1 47 99 98 47 43
1 33 78 74 62 3 15 23 96 17 43 100 71 10 41 81 44 79 98 57 21 94 24 87 51 68 29 66 25 30 16 95 47 55 95 41 59 11 78 79 87 49 83 65 18 97 5 73 17 0 11 73 86 87 47 46 8 52 24 46 73 32 19 27 67 23 76 17 64 100 14 40 74 74 71 80 79 12 78 21 45 32 59 33 57 23 50 53 46 12 40 19 33 22 43 57 98 10 47 47 34 84 45 19 52 26 25 20 74 58 76 54 84 75 90 31 97 0 46 17 3 56 52 72 12 6 49 37 79 88 25 55 0 90 78 29 51 78 62 63 76 54 51 51 7 39 22 21 41 15 64
11 8 12 99 77 77 34 56 50 77 34 84 88 6 50 90 99 53 43 35 91 2 32 93 65 75 33 97 37 27 12 91 38 10 34 68 72 50 72 24 95 52 70 27 36 42 76 99 7 11 0 79 57 20 73 49 29 91 16 32 2 58 100 98 40 61 44 65 96 28 39 72 3 62 89 17 34 26 47 1 36 79 55 93 29 0 28 77 49 17 32 92 81 73 70 25 98 16 49 72 84 94 61 46 86 60 78 91 17 3 95 76 50 84 54 44 39 18 37 63 33 50 90 76 30 59 25 88 23 63 97 58 4 94 94 52 25 67 37 88 54 13 39 34 20 19 96 26 39 16 20
92 28 24 21 91 29 85 44 5 51 63 89 95 68 80 66 43 8 97 28 35 92 58 12 40 47 63 73 66 99 1 32 53 14 92 93 17 59 69 9 58 10 13 91 5 32 71 77 1 73 79 0 44 26 73 75 20 7 13 16 32 73 36 36 23 7 35 73 47 13 52 33 42 91 76 71 67 80 33 13 71 71 7 3 43 93 54 77 61 40 85 75 29 15 54 53 85 10 75 32 98 69 44 92 19 5 1 16 49 46 3 47 42 66 75 75 51 69 91 14 13 79 70 24 27 41 82 71 51 18 5 10 4 81 45 26 52 72 88 82 14 52 26 43 11 13 92 96 100 17 34
51 9 15 55 10 18 5 49 23 90 50 100 89 51 13 13 12 68 87 48 25 58 88 87 18 58 100 53 89 11 67 44 74 60 10 54 72 62 94 34 88 9 3 56 52 56 11 76 32 86 57 44 0 30 84 94 21 27 49 55 25 26 1 66 35 53 91 100 27 65 13 96 78 46 81 42 32 65 29 63 74 27 72 6 72 84 13 33 55 82 12 100 4 12 41 42 14 79 36 12 30 100 38 100 73 8 12 50 61 19 41 28 16 30 17 5 91 72 6 59 61 70 70 30 54 31 27 79 12 42 22 91 37 13 57 57 25 83 60 33 100 61 24 57 85 20 77 27 72 51 44
90 82 77 24 86 23 0 54 31 24 1 72 80 100 68 89 87 22 66 49 65 25 8 97 9 30 38 26 54 75 89 34 82 91 42 62 33 84 84 64 8 86 5 85 88 2 75 99 54 87 20 26 30 0 55 33 49 21 16 92 76 69 62 14 30 77 44 87 72 35 0 39 57 27 50 28 37 74 40 3 46 4 54 93 96 3 73 80 70 2 95 6 6 52 79 38 57 42 82 3 71 48 13 53 35 94 5 43 5 7 44 83 86 97 84 15 79 88 95 1 80 67 80 12 73 96 69 4 27 75 74 52 35 12 13 23 15 19 70 30 29 61 77 33 51 26 6 66 67 62 9
100 38 83 45 89 58 32 62 62 40 39 49 49 33 6 99 0 29 24 95 70 7 2 54 18 76 18 59 83 92 49 99 98 57 83 59 10 18 48 64 49 72 50 78 8 43 92 37 67 47 73 73 84 55 0 29 16 50 88 84 58 8 31 29 97 15 19 55 86 62 53 32 77 24 70 4 70 89 85 49 19 89 63 94 73 17 6 39 49 74 61 85 58 76 95 53 42 98 81 68 29 8 38 68 64 30 43 92 38 30 65 55 34 37 100 48 41 95 40 26 12 38 38 24 13 31 52 68 20 40 27 53 59 31 35 66 46 50 8 74 60 56 86 12 21 81 15 67 34 33 1
85 44 25 14 19 14 50 49 28 100 67 46 23 3 18 82 30 29 92 64 44 52 25 33 19 43 94 26 92 18 83 20 21 64 53 15 38 90 53 20 34 31 51 34 59 93 78 13 84 46 49 75 94 33 29 0 49 50 25 3 77 20 100 7 53 54 42 54 92 48 5 34 60 84 73 75 1 11 4 19 78 71 30 21 92 42 54 17 64 37 96 62 31 81 9 34 18 79 24 31 17 1 91 3 56 35 38 93 67 2 48 59 78 98 83 21 4 21 83 1 66 51 45 11 40 3 86 59 92 65 29 33 48 7 55 57 62 21 27 80 14 69 66 12 67 27 80 98 91 94 71
80 55 38 8 45 61 67 93 16 37 36 59 44 82 91 89 29 53 41 43 57 21 76 35 4 79 78 50 94 31 61 23 44 93 0 32 45 18 40 75 59 68 36 99 75 41 55 43 99 8 29 20 21 49 16 49 0 51 41 35 29 94 76 7 40 86 35 11 90 76 74 23 13 58 99 2 61 45 32 55 22 4 91 67 22 20 55 95 91 90 98 93 25 38 77 68 74 6 6 29 3 73 98 85 96 47 32 58 92 78 36 35 67 42 47 16 8 82 56 68 14 93 12 19 21 43 53 27 68 32 92 45 80 45 32 64 94 1 66 8 84 53 84 14 73 90 53 58 9 95 12
0 23 35 89 52 44 74 28 35 49 70 4 74 66 50 26 63 48 23 29 11 48 13 100 49 81 34 11 48 66 30 28 4 21 99 77 16 7 77 23 36 8 21 53 22 81 58 88 74 52 91 7 27 21 50 50 51 0 92 58 80 18 48 94 23 52 71 4 44 54 35 36 18 10 81 72 56 69 40 76 24 71 85 85 84 5 28 56 94 92 80 64 52 17 70 69 4 92 25 36 71 26 33 7 65 46 88 93 36 49 16 4 24 79 38 26 57 37 0 5 54 55 70 88 1 88 21 86 13 46 53 29 97 34 98 51 64 45 72 19 92 11 41 27 85 5 50 97 48 35 42
78 7 88 3 4 90 90 25 45 7 60 71 10 12 3 76 39 60 66 75 53 64 32 14 82 18 26 12 50 27 50 59 54 69 86 40 59 14 43 84 3 27 48 99 8 31 83 11 36 24 16 13 49 16 88 25 41 92 0 24 64 91 96 30 72 75 72 4 100 62 100 31 26 35 20 23 57 29 5 10 29 50 50 54 80 96 3 18 78 36 90 39 83 5 72 26 38 62 48 14 78 86 88 44 11 85 58 46 28 79 74 5 12 45 84 59 24 39 37 94 12 98 0 8 85 77 55 25 63 26 62 71 86 93 51 66 60 20 19 0 67 58 9 52 80 89 40 93 22 10 72
63 64 23 67 78 33 50 56 40 26 4 52 10 10 98 82 35 0 69 33 64 49 0 81 72 41 10 68 4 57 81 41 56 13 34 32 47 19 29 62 51 41 3 7 97 45 57 19 8 46 32 16 55 92 84 3 35 58 24 0 98 78 43 58 79 24 91 62 86 53 6 20 32 37 68 37 85 55 99 75 0 83 63 8 60 37 92 59 87 70 46 61 79 8 83 39 26 96 53 59 45 56 82 18 99 88 61 46 8 32 82 72 26 75 17 85 67 36 83 10 22 93 0 71 74 93 98 86 88 68 58 71 61 35 23 0 82 55 45 38 55 6 89 4 5 31 54 98 83 11 5
42 59 12 57 59 16 56 26 55 4 98 81 71 42 53 77 28 55 91 11 68 27 27 45 14 31 17 51 18 40 92 82 56 17 29 32 5 80 42 15 3 95 85 96 14 93 50 49 42 73 2 32 25 76 58 77 29 80 64 98 0 48 60 76 26 14 34 2 22 60 77 6 8 2 32 18 56 97 20 27 30 82 28 69 84 2 7 57 62 42 19 82 9 7 84 76 6 7 81 29 51 98 98 33 100 1 63 33 12 71 19 10 47 92 40 80 66 83 25 68 86 78 79 100 27 71 65 38 67 31 20 23 45 8 12 36 53 54 65 32 67 19 14 47 50 15 23 6 52 71 3
31 5 60 96 49 3 13 75 13 40 68 78 22 45 93 65 1 26 76 5 52 49 23 65 85 18 84 15 56 1 12 2 39 47 83 92 42 15 63 61 58 57 40 31 50 46 1 58 61 32 58 73 26 69 8 20 94 18 91 78 48 0 72 34 84 95 73 93 40 30 96 2 7 4 2 29 41 14 80 94 83 89 11 36 32 59 7 97 13 54 29 33 34 98 75 76 93 87 94 14 17 69 15 47 46 100 34 46 6 8 52 37 46 35 0 17 62 42 28 26 9 54 44 68 84 9 20 22 81 79 29 70 11 36 90 64 97 99 48 7 80 45 27 59 75 72 25 59 64 13 56
93 76 50 86 58 26 95 90 71 92 73 97 33 12 50 14 63 48 74 19 15 68 79 68 8 97 52 64 9 97 53 47 8 93 99 36 13 51 18 31 14 71 80 75 29 45 94 33 74 19 100 36 1 62 31 100 76 48 96 43 60 72 0 25 44 77 40 43 91 89 77 79 3 54 96 82 93 13 40 49 54 47 30 16 47 48 49 90 71 36 90 88 85 24 26 8 48 26 23 24 6 43 48 83 8 13 100 77 70 79 5 46 19 21 45 59 53 43 38 98 37 41 54 94 21 57 86 17 84 59 17 52 69 80 45 40 15 3 90 18 89 45 41 85 26 15 91 37 46 78 6
41 12 80 25 6 46 32 6 36 95 70 29 25 60 55 34 45 97 55 40 10 67 22 9 67 32 23 86 36 32 7 60 87 54 90 48 12 77 66 55 16 91 53 34 37 91 78 44 43 27 98 36 66 14 29 7 7 94 30 58 76 34 25 0 12 89 56 81 70 81 78 29 2 58 60 8 30 9 26 26 82 76 25 45 47 0 38 88 35 86 1 43 79 7 44 21 52 10 93 85 55 70 88 18 84 58 60 68 85 82 40 1 47 2 10 59 62 90 0 31 67 7 86 13 48 12 52 16 61 73 72 38 73 49 0 68 4 73 27 21 76 22 59 22 57 24 1 64 98 5 65
90 89 10 15 12 42 45 49 78 31 33 2 33 4 13 88 65 5 19 80 75 63 84 1 34 70 25 59 80 53 86 79 29 65 22 77 79 12 92 23 38 77 66 24 80 48 97 35 33 67 40 23 35 30 97 53 40 23 72 79 26 84 44 12 0 60 62 49 34 83 96 58 43 78 78 69 83 81 12 97 21 73 86 83 92 83 5 57 62 61 34 54 28 97 5 4 93 94 41 48 62 30 77 75 2 68 80 25 72 99 42 24 88 19 100 37 68 68 89 23 55 79 13 89 32 49 27 8 78 47 50 19 98 86 52 68 62 13 33 54 45 46 98 51 45 97 52 85 33 0 26
8 50 2 63 60 60 36 4 69 43 87 46 41 19 91 93 43 78 81 74 59 13 46 5 72 22 75 95 84 74 37 100 42 16 32 65 86 36 94 14 42 12 25 43 13 25 81 79 42 23 61 7 53 77 15 54 86 52 75 24 14 95 77 89 60 0 58 46 27 11 40 1 48 53 26 75 54 31 83 80 93 89 82 85 53 40 14 2 26 81 38 9 27 38 10 26 20 30 73 89 99 55 81 41 37 20 30 83 66 63 0 96 16 62 82 79 8 0 39 56 92 34 25 65 69 17 80 87 43 39 17 23 99 41 51 90 37 44 57 61 53 22 76 58 26 33 97 53 83 55 62
24 25 35 50 99 37 96 29 100 56 4 67 89 66 58 78 11 34 88 72 41 16 78 77 38 68 2 83 19 66 76 89 29 10 47 2 14 10 3 6 38 98 65 85 54 2 67 87 29 76 44 35 91 44 19 42 35 71 72 91 34 73 40 56 62 58 0 7 43 62 43 80 6 41 63 46 82 80 56 8 11 95 68 36 83 37 79 55 43 83 82 58 14 44 86 57 82 52 69 4 50 69 44 81 0 45 99 2 75 60 64 78 54 28 87 91 7 39 65 68 24 77 68 27 87 14 64 51 15 70 6 33 40 43 6 57 87 93 98 19 65 75 2 76 83 77 78 52 32 61 34
72 33 57 32 19 37 86 81 25 85 58 20 90 80 77 21 9 3 79 62 22 11 34 1 45 90 44 21 67 70 21 36 48 80 67 63 39 73 94 66 77 21 45 13 80 50 80 95 6 17 65 73 100 87 55 54 11 4 4 62 2 93 43 81 49 46 7 0 78 94 68 86 28 37 20 31 25 62 94 31 31 98 34 44 24 73 91 41 19 8 100 49 24 97 26 78 77 26 48 20 62 88 38 78 10 95 12 98 91 39 27 3 6 44 11 57 37 39 63 48 35 28 86 71 47 67 77 13 80 41 50 47 15 68 99 18 79 60 78 75 49 67 44 34 68 19 87 17 9 19 11
28 45 14 26 2 70 25 10 91 92 50 87 32 36 59 48 39 74 63 8 37 68 1 99 85 90 68 4 24 16 38 86 3 64 81 82 84 74 61 4 19 20 76 88 74 80 40 98 94 64 96 47 27 72 86 92 90 44 100 86 22 40 91 70 34 27 43 78 0 32 5 88 82 28 83 64 45 93 49 71 44 94 13 89 94 64 90 74 93 60 3 99 25 69 52 2 52 85 54 75 70 71 31 13 10 43 53 68 39 83 27 63 59 22 80 82 85 74 75 36 66 69 60 100 46 12 92 0 43 97 44 58 19 68 35 6 8 57 23 63 83 38 81 65 19 20 75 9 86 30 64
30 93 32 82 4 81 76 23 37 84 92 24 100 4 20 10 73 44 84 67 30 1 86 17 93 76 84 25 77 90 35 31 79 4 14 65 39 12 17 89 62 98 31 34 37 74 90 28 66 100 28 13 65 35 62 48 76 54 62 53 60 30 89 81 83 11 62 94 32 0 87 90 20 58 4 15 66 45 96 42 54 44 29 14 52 95 62 92 77 74 65 11 73 77 91 75 59 38 3 43 68 61 15 84 85 71 92 38 13 78 100 47 5 99 74 97 23 39 84 23 43 61 28 48 43 80 90 68 1 47 43 72 57 26 58 53 72 94 100 73 40 55 54 61 24 20 61 6 99 24 5
18 60 17 5 76 41 10 46 99 84 15 80 33 0 21 4 54 90 73 61 80 10 84 15 61 14 61 29 62 42 67 2 43 93 21 64 74 27 0 94 56 77 86 62 69 68 66 90 30 14 39 52 13 0 53 5 74 35 100 6 77 96 77 78 96 40 43 68 5 87 0 63 0 20 13 20 66 27 87 94 14 87 15 54 24 67 2 20 48 20 15 53 42 65 97 28 86 58 7 14 14 25 67 13 13 71 91 10 79 10 1 23 32 58 74 67 18 39 84 37 73 72 78 28 41 35 97 16 93 81 63 21 42 85 25 30 16 95 79 50 60 48 7 75 23 77 2 36 12 6 54
69 72 83 27 79 23 4 7 56 28 51 45 66 48 43 1 28 47 27 55 55 1 2 52 51 57 86 30 44 91 15 13 19 70 63 25 46 95 10 11 0 75 4 47 3 39 26 23 56 40 72 33 96 39 32 34 23 36 31 20 6 2 79 29 58 1 80 86 88 90 63 0 4 19 27 39 9 85 24 2 73 57 48 55 85 60 26 35 88 86 9 91 45 62 54 42 78 2 84 4 14 75 76 60 56 25 88 57 64 0 32 31 5 29 96 40 92 64 35 96 4 50 46 88 26 31 24 40 2 79 91 13 6 11 28 45 76 92 13 68 50 34 80 25 23 56 57 58 28 75 11
57 21 66 79 16 75 9 95 65 33 44 80 58 43 60 14 94 43 76 40 86 95 2 49 75 61 16 12 19 72 71 58 23 31 25 54 23 38 71 95 77 77 53 37 72 51 16 70 66 74 3 42 78 57 77 60 13 18 26 32 8 7 3 2 43 48 6 28 82 20 0 4 0 98 64 70 23 88 15 43 74 23 9 90 33 91 96 55 38 26 17 13 87 31 81 26 39 32 100 6 13 18 69 63 33 90 17 10 14 97 25 79 64 31 28 16 57 25 63 79 63 13 46 54 69 22 0 52 82 73 78 16 75 90 16 89 49 47 92 67 69 25 91 26 45 28 79 63 81 6 99
11 89 83 18 80 10 33 81 77 44 63 89 19 20 52 46 47 86 56 49 89 31 77 100 40 26 96 76 74 83 85 93 63 12 72 34 98 51 2 92 41 6 63 7 6 77 78 58 90 74 62 91 46 27 24 84 58 10 35 37 2 4 54 58 78 53 41 37 28 58 20 19 98 0 52 77 87 59 5 69 41 25 40 20 3 41 62 97 9 71 100 78 98 51 39 73 68 22 28 85 2 60 14 89 91 26 57 37 75 38 37 0 90 78 44 34 85 11 1 76 3 59 6 19 10 7 32 39 93 9 8 10 28 75 78 4 100 80 40 42 77 77 59 3 68 86 77 93 62 93 51
10 86 82 13 41 13 39 86 59 85 6 63 96 70 20 92 48 58 4 93 36 95 21 61 95 88 94 48 19 68 86 66 8 93 78 93 0 22 17 12 19 56 65 33 51 2 38 59 2 71 89 76 81 50 70 73 99 81 20 68 32 2 96 60 78 26 63 20 83 4 13 27 64 52 0 37 78 3 30 45 44 41 21 53 24 50 6 3 34 98 77 69 27 38 19 76 1 92 51 32 31 2 5 78 22 95 57 76 19 28 78 93 42 38 83 50 64 89 98 9 65 60 28 34 33 4 46 73 38 72 32 29 89 39 42 67 37 35 48 62 14 89 9 53 25 83 22 87 86 26 35
40 26 44 25 13 68 68 22 68 20 2 2 57 89 75 61 97 82 31 3 4 50 39 3 85 23 34 52 73 49 43 23 99 48 75 83 84 67 97 75 53 99 80 89 94 69 70 33 86 80 17 71 42 28 4 75 2 72 23 37 18 29 82 8 69 75 46 31 64 15 20 39 70 77 37 0 47 83 67 56 82 56 89 79 99 52 26 99 69 56 43 12 94 27 78 61 39 75 96 13 2 4 9 86 89 89 100 29 70 54 83 41 64 12 11 61 37 92 63 59 7 39 69 83 70 60 47 79 60 16 85 69 28 81 6 57 72 30 31 75 29 86 4 36 14 49 43 53 44 18 75
65 98 14 58 89 74 43 29 81 39 34 93 70 18 36 40 18 17 62 14 2 57 30 40 79 76 10 8 54 25 0 25 12 47 9 97 96 57 14 17 3 33 6 13 52 15 37 60 48 79 34 67 32 37 70 1 61 56 57 85 56 41 93 30 83 54 82 25 45 66 66 9 23 87 78 47 0 49 58 16 53 20 29 4 47 59 84 58 14 87 42 33 76 16 93 90 38 4 25 67 37 33 30 10 58 14 68 62 95 41 23 39 64 13 0 26 28 46 68 22 47 42 29 39 24 81 65 97 7 86 48 32 37 49 34 10 80 7 0 74 16 29 71 0 69 92 16 75 79 36 84
62 7 19 48 70 39 15 78 33 2 94 94 19 20 97 13 29 76 77 55 1 86 50 80 59 45 92 70 33 38 18 49 22 67 52 52 60 89 7 18 38 27 25 45 67 40 86 12 40 12 26 80 65 74 89 11 45 69 29 55 97 14 13 9 81 31 80 62 93 45 27 85 88 59 3 83 49 0 22 20 74 62 4 83 63 76 39 70 30 86 91 87 45 15 26 28 19 19 35 66 61 39 57 37 24 43 26 17 59 61 100 20 65 28 97 55 49 35 27 44 83 39 59 86 16 89 55 48 57 52 93 27 78 6 32 72 66 95 6 84 61 73 6 52 79 76 22 3 1 76 32
13 100 35 46 83 20 67 38 34 45 4 31 4 22 64 86 36 66 40 77 81 35 63 17 65 77 89 27 94 12 0 89 77 41 36 92 51 34 41 72 22 68 43 36 47 3 51 10 5 78 47 33 29 40 85 4 32 40 5 99 20 80 40 26 12 83 56 94 49 96 87 24 15 5 30 67 58 22 0 22 8 4 34 42 2 90 38 50 13 48 52 94 42 96 26 88 100 31 21 77 56 49 40 57 68 94 18 72 12 94 99 36 57 79 14 17 100 38 68 31 83 64 43 98 86 52 73 42 98 8 46 63 1 14 18 17 85 32 35 16 30 20 44 43 87 64 28 96 30 75 5
38 86 2 69 44 48 31 78 29 73 32 73 80 99 14 57 25 11 71 85 34 52 94 10 44 31 79 67 27 56 11 77 4 71 88 4 51 97 39 26 73 7 58 24 29 55 76 87 67 21 1 13 63 3 49 19 55 76 10 75 27 94 49 26 97 80 8 31 71 42 94 2 43 69 45 56 16 20 22 0 65 85 24 69 62 47 22 50 60 63 26 57 69 49 89 38 29 15 66 93 59 53 79 93 34 40 11 12 98 19 82 28 63 68 23 7 58 23 67 95 61 16 3 30 23 25 76 4 43 44 99 61 39 100 42 72 42 41 10 38 81 51 9 88 99 62 79 81 40 75 44
70 20 5 19 24 18 97 11 2 69 87 30 74 20 47 47 95 32 93 17 9 44 46 89 29 90 88 25 14 83 43 42 29 89 86 2 81 43 85 82 20 63 93 43 99 18 66 22 25 45 36 71 74 46 19 78 22 24 29 0 30 83 54 82 21 93 11 31 44 54 14 73 74 41 44 82 53 74 8 65 0 100 55 12 95 15 87 2 19 68 72 46 30 3 10 71 13 84 39 54 49 37 41 61 7 97 30 34 89 42 52 100 41 7 10 9 5 40 72 17 95 6 38 75 99 33 76 93 28 83 66 41 70 27 26 17 78 57 48 90 19 10 33 95 92 92 48 41 86 42 37
37 20 5 13 49 16 20 90 15 7 87 35 22 81 44 74 99 13 25 97 84 84 45 50 99 11 35 27 20 81 96 70 83 73 5 53 27 80 24 45 10 9 23 29 31 11 96 70 91 32 79 71 27 4 89 71 4 71 50 83 82 89 47 76 73 89 95 98 94 44 87 57 23 25 41 56 20 62 4 85 100 0 81 55 42 82 24 80 2 97 82 54 18 40 9 16 29 67 16 61 39 74 5 56 91 56 69 18 83 64 49 10 77 77 30 58 81 53 70 41 71 28 5 2 35 78 51 88 18 28 29 82 79 53 76 64 97 22 18 85 6 94 30 12 75 0 30 74 14 8 83
90 43 26 76 100 28 8 65 78 93 74 23 82 87 18 89 61 91 0 18 40 50 11 82 64 69 76 62 17 34 43 17 22 69 33 71 11 22 98 46 53 2 72 30 20 16 6 6 94 59 55 7 72 54 63 30 91 85 50 63 28 11 30 25 86 82 68 34 13 29 15 48 9 40 21 89 29 4 34 24 55 81 0 5 24 31 19 27 43 52 67 52 10 47 75 11 40 82 49 15 65 41 6 9 6 37 38 90 4 21 13 47 45 36 21 58 84 54 96 24 83 94 31 11 15 53 20 63 75 66 58 69 88 67 22 97 0 91 12 2 61 19 26 42 73 6 10 64 66 32 16
15 67 87 62 99 40 53 96 100 80 89 97 65 31 80 32 84 13 5 3 40 33 74 74 4 63 94 11 56 30 57 4 1 50 0 10 53 82 8 12 96 83 25 25 83 6 58 99 14 33 93 3 6 93 94 21 67 85 54 8 69 36 16 45 83 85 36 44 89 14 54 55 90 20 53 79 4 83 42 69 12 55 5 0 33 42 54 15 94 50 88 0 93 36 70 88 38 53 77 40 63 90 39 6 2 63 92 16 15 84 4 26 32 29 15 80 66 28 91 24 64 37 55 37 59 92 61 79 95 73 53 27 26 86 0 90 27 46 94 21 39 100 27 4 71 55 52 69 43 27 16
70 32 33 18 99 65 37 36 91 19 99 53 4 79 45 85 100 34 7 15 70 92 55 95 92 26 28 24 68 82 25 62 83 39 3 35 34 51 86 12 65 6 27 24 83 84 73 32 71 57 29 43 72 96 73 92 22 84 80 60 84 32 47 47 92 53 83 24 94 52 24 85 33 3 24 99 47 63 2 62 95 42 24 33 0 37 11 16 7 42 6 16 83 8 67 14 14 92 6 15 18 48 78 39 3 56 13 24 77 93 77 65 71 1 29 21 1 73 56 33 37 76 77 23 65 76 50 40 13 21 15 70 18 60 19 1 77 4 38 27 15 33 33 57 62 28 34 86 77 71 55
42 15 71 72 62 31 36 98 12 45 37 9 96 42 98 62 45 3 17 90 83 9 100 28 49 37 0 12 54 33 31 52 66 30 77 91 62 33 6 48 57 76 4 87 13 71 72 46 31 23 0 93 84 3 17 42 20 5 96 37 2 59 48 0 83 40 37 73 64 95 67 60 91 41 50 52 59 76 90 47 15 82 31 42 37 0 58 38 56 28 76 69 53 13 53 50 25 15 94 46 80 83 83 72 31 84 94 2 64 86 8 2 91 52 45 25 91 26 42 55 13 5 92 62 55 39 34 49 77 35 49 74 19 80 16 2 8 22 5 40 77 46 67 59 55 25 51 7 45 98 86
69 76 40 51 14 30 66 45 22 2 87 73 40 3 60 99 36 88 31 55 36 97 14 6 100 49 18 65 22 99 47 59 86 72 20 3 55 22 97 62 68 24 25 48 14 37 31 42 3 50 28 54 13 73 6 54 55 28 3 92 7 7 49 38 5 14 79 91 90 62 2 26 96 62 6 26 84 39 38 22 87 24 19 54 11 58 0 64 49 84 84 58 72 76 51 72 32 76 75 14 81 22 36 21 81 84 70 97 74 95 69 51 32 17 83 73 10 39 55 38 96 55 79 0 63 26 67 36 25 1 96 77 86 65 39 12 52 94 96 46 93 48 46 92 77 93 48 26 40 1 7
26 56 46 81 7 96 17 52 93 62 97 57 9 61 80 29 49 18 56 31 6 20 89 26 46 34 26 16 4 39 85 56 55 88 42 3 85 20 29 16 82 21 15 15 68 25 50 46 93 53 77 77 33 80 39 17 95 56 18 59 57 97 90 88 57 2 55 41 74 92 20 35 55 97 3 99 58 70 50 50 2 80 27 15 16 38 64 0 13 79 64 89 81 83 53 14 53 43 80 28 43 42 90 44 47 18 40 43 10 32 43 93 81 35 81 36 19 52 74 50 28 77 13 29 34 57 80 16 36 17 35 6 1 30 46 42 84 80 14 88 57 81 7 35 19 62 27 29 42 11 13
77 85 72 87 78 23 73 58 53 80 26 30 24 80 66 20 78 79 86 4 100 75 3 52 43 65 94 77 38 10 73 47 86 11 22 63 63 92 93 42 99 63 37 68 77 96 33 7 68 46 49 61 55 70 49 64 91 94 78 87 62 13 71 35 62 26 43 19 93 77 48 88 38 9 34 69 14 30 13 60 19 2 43 94 7 56 49 13 0 33 62 59 39 53 95 46 74 69 23 11 99 15 16 51 34 10 69 75 90 37 66 21 90 60 53 31 47 35 34 96 42 22 33 27 12 37 99 49 51 43 59 93 12 85 8 71 31 21 58 24 74 46 96 34 4 17 0 89 47 56 36
70 22 5 54 89 37 66 6 31 7 97 95 82 86 96 71 16 98 78 80 90 31 98 3 65 25 73 24 96 47 59 1 55 19 51 86 48 10 22 73 17 96 96 32 18 83 71 49 40 12 17 40 82 2 74 37 90 92 36 70 42 54 36 86 61 81 83 8 60 74 20 86 26 71 98 56 87 86 48 63 68 97 52 50 42 28 84 79 33 0 84 96 72 39 89 80 42 22 84 1 74 37 20 3 56 56 15 55 85 89 82 60 98 10 4 59 86 91 55 28 35 16 75 61 57 11 82 45 89 53 69 39 63 60 57 40 72 39 10 14 13 9 31 88 54 56 8 75 59 82 2
75 1 95 66 59 47 80 80 27 3 67 91 58 50 6 70 99 84 28 34 31 94 22 6 0 45 86 70 60 18 33 25 22 77 29 49 18 27 100 66 53 84 41 85 37 46 84 85 19 40 32 85 12 95 61 96 98 80 90 46 19 29 90 1 34 38 82 100 3 65 15 9 17 100 77 43 42 91 52 26 72 82 67 88 6 76 84 64 62 84 0 69 22 18 98 84 52 71 87 42 21 88 42 20 31 61 50 21 12 46 20 58 12 91 19 42 99 4 88 14 38 39 35 22 74 85 26 50 60 91 71 2 34 80 99 51 72 14 38 47 69 70 48 36 37 10 57 89 28 37 60
36 60 89 63 78 53 26 89 36 30 66 57 78 5 25 9 15 17 84 33 88 26 1 76 31 52 0 73 73 57 69 72 37 51 74 68 54 81 46 26 43 25 42 21 45 31 39 43 91 19 92 75 100 6 85 62 93 64 39 61 82 33 88 43 54 9 58 49 99 11 53 91 13 78 69 12 33 87 94 57 46 54 52 0 16 69 58 89 59 96 69 0 2 30 2 14 2 42 54 18 38 5 13 12 39 59 39 94 17 54 32 98 46 33 53 53 74 66 39 73 61 55 30 90 80 22 85 58 36 17 12 72 23 16 32 99 36 35 13 40 14 0 25 8 73 88 40 67 5 34 77
56 87 77 86 80 84 68 66 94 5 43 65 30 28 32 99 51 48 87 49 66 5 76 100 73 40 53 66 10 3 21 26 50 99 70 44 26 66 49 77 16 66 93 44 62 72 94 22 30 33 81 29 4 6 58 31 25 52 83 79 9 34 85 79 28 27 14 24 25 73 42 45 87 98 27 94 76 45 42 69 30 18 10 93 83 53 72 81 39 72 22 2 0 83 62 54 15 21 32 87 90 24 29 76 40 23 4 6 0 25 12 92 87 6 63 11 39 25 64 45 91 80 54 20 98 30 90 64 88 71 74 21 58 49 25 6 67 97 79 79 54 72 91 63 19 52 78 65 65 87 9
11 52 83 41 43 5 13 85 84 1 49 90 58 30 22 65 45 26 13 14 17 97 68 51 9 93 16 81 87 49 57 8 56 46 25 70 97 98 83 28 88 37 39 50 65 10 15 36 73 22 73 15 12 52 76 81 38 17 5 8 7 98 24 7 97 38 44 97 69 77 65 62 31 51 38 27 16 15 96 49 3 40 47 36 8 13 76 83 53 39 18 30 83 0 22 73 21 40 79 20 78 52 46 82 78 54 84 53 37 26 51 52 74 53 64 90 28 92 58 10 1 87 87 75 60 67 4 41 43 99 99 41 61 81 91 73 97 36 97 73 67 9 7 8 89 37 23 34 95 31 85
76 72 63 63 83 16 52 83 0 28 32 12 66 81 92 21 64 73 96 44 33 6 34 16 60 2 18 79 46 82 51 62 39 94 4 60 54 45 67 97 71 73 18 3 31 97 40 60 63 43 70 54 41 79 95 9 77 70 72 83 84 75 26 44 5 10 86 26 52 91 97 54 81 39 19 78 93 26 26 89 10 9 75 70 67 53 51 53 95 89 98 2 62 22 0 11 12 73 24 4 38 55 32 10 65 77 4 2 94 16 85 29 10 54 16 90 98 75 95 77 44 9 26 100 29 60 99 72 11 66 28 65 59 20 58 77 47 31 17 14 39 62 64 85 91 7 51 27 55 58 75
49 65 91 63 15 76 81 70 94 83 26 24 20 36 74 3 60 84 66 37 76 65 45 71 14 5 62 55 82 57 1 16 68 36 82 67 80 86 79 76 46 94 23 68 55 28 73 5 69 57 25 53 42 38 53 34 68 69 26 39 76 76 8 21 4 26 57 78 2 75 28 42 26 73 76 61 90 28 88 38 71 16 11 88 14 50 72 14 46 80 84 14 54 73 11 0 16 100 96 49 5 71 100 0 64 31 68 74 46 3 99 16 11 67 13 28 89 90 21 49 47 26 9 52 25 91 97 18 91 29 60 78 52 38 45 20 94 92 35 38 89 50 47 30 31 90 25 52 84 80 17
40 39 82 81 87 2 69 94 68 41 14 21 90 42 41 82 29 40 54 47 7 8 94 93 47 24 68 76 12 6 13 84 4 45 69 56 98 94 86 72 75 72 73 85 99 85 90 69 63 98 98 85 14 57 42 18 74 4 38 26 6 93 48 52 93 20 82 77 52 59 86 78 39 68 1 39 38 19 100 29 13 29 40 38 14 25 32 53 74 42 52 2 15 21 12 16 0 51 36 96 26 21 5 40 85 43 85 77 87 4 37 24 62 17 82 5 90 21 71 26 47 58 54 29 67 16 97 23 86 61 67 78 18 91 2 76 5 51 16 7 25 86 72 48 27 61 0 99 51 67 69
73 83 58 85 91 50 51 55 65 8 72 56 42 21 37 21 83 25 82 78 100 88 26 90 55 25 5 50 12 80 0 11 20 64 96 71 24 58 47 56 21 11 92 5 19 55 32 64 55 10 16 10 79 42 98 79 6 92 62 96 7 87 26 10 94 30 52 26 85 38 58 2 32 22 92 75 4 19 31 15 84 67 82 53 92 15 76 43 69 22 71 42 21 40 73 100 51 0 15 33 59 6 98 40 61 6 62 17 89 17 88 78 45 58 41 84 7 10 25 75 85 94 93 0 10 52 98 34 26 14 43 30 42 61 71 50 70 24 29 50 9 62 62 2 56 25 0 25 29 39 77
30 45 81 25 79 9 94 74 54 7 42 8 83 30 48 66 90 53 81 81 49 57 49 38 98 77 64 82 63 99 13 92 61 47 24 95 34 84 53 77 10 19 53 68 76 40 89 38 23 47 49 75 36 82 81 24 6 25 48 53 81 94 23 93 41 73 69 48 54 3 7 84 100 28 51 96 25 35 21 66 39 16 49 77 6 94 75 80 23 84 87 54 32 79 24 96 36 15 0 66 21 11 62 96 76 50 50 22 3 7 9 12 63 76 12 9 26 50 41 35 7 96 77 81 64 74 99 86 60 66 69 95 86 41 82 12 84 43 98 33 2 34 7 84 4 51 44 0 60 72 44
37 49 55 69 37 89 99 58 6 44 31 54 17 45 81 52 47 65 36 24 53 31 25 52 79 20 40 33 31 98 42 66 20 2 58 93 9 11 26 36 11 47 35 55 76 82 65 40 57 47 72 32 12 3 68 31 29 36 14 59 29 14 24 85 48 89 4 20 75 43 14 4 6 85 32 13 67 66 77 93 54 61 15 40 15 46 14 28 11 1 42 18 87 20 4 49 96 33 66 0 23 31 98 94 23 65 76 78 21 35 87 56 58 17 27 34 23 89 15 84 28 17 10 34 57 60 44 83 1 18 25 44 89 31 5 2 32 23 73 4 56 33 45 74 13 80 83 48 34 41 51
23 84 47 78 100 9 100 62 15 84 75 81 60 28 5 77 80 64 87 95 35 57 40 51 31 71 28 86 66 36 92 88 13 1 69 90 17 42 50 12 31 69 7 87 23 81 34 34 33 34 84 98 30 71 29 17 3 71 78 45 51 17 6 55 62 99 50 62 70 68 14 14 13 2 31 2 37 61 56 59 49 39 65 63 18 80 81 43 99 74 21 38 90 78 38 5 26 59 21 23 0 43 48 45 40 24 67 38 84 90 62 92 25 6 5 35 45 20 79 95 74 60 38 49 31 3 100 19 98 70 34 22 51 38 78 85 33 2 92 44 13 72 46 87 43 66 90 41 90 76 28
24 32 68 28 16 16 35 32 49 54 86 50 98 20 37 84 45 15 43 69 74 90 23 69 69 58 85 60 5 65 26 85 84 0 84 60 59 66 92 17 14 0 48 14 43 89 57 97 22 84 94 69 100 48 8 1 73 26 86 56 98 69 43 70 30 55 69 88 71 61 25 75 18 60 2 4 33 39 49 53 37 74 41 90 48 83 22 42 15 37 88 5 24 52 55 71 21 6 11 31 43 0 92 95 64 30 32 2 65 21 40 90 66 95 26 79 33 44 31 50 44 69 48 41 42 85 55 51 37 29 82 68 89 13 35 10 43 58 18 68 62 69 10 32 27 20 15 34 41 70 2
23 19 22 1 49 53 37 90 82 17 92 34 71 53 70 26 55 71 63 69 28 99 22 7 3 10 22 81 3 79 39 70 14 18 57 74 41 54 5 53 25 79 14 32 23 80 57 79 4 45 61 44 38 13 38 91 98 33 88 82 98 15 48 88 77 81 44 38 31 15 67 76 69 14 5 9 30 57 40 79 41 5 6 39 78 83 36 90 16 20 42 13 29 46 32 100 5 98 62 98 48 92 0 43 64 0 19 46 61 13 76 31 49 85 29 33 6 0 77 44 68 72 87 34 40 3 64 98 77 0 73 49 30 58 87 85 61 37 16 49 3 27 29 54 97 84 8 11 86 39 9
4 71 26 43 37 38 56 60 34 27 68 32 7 59 55 56 35 13 87 7 32 97 63 95 66 32 58 80 90 98 69 51 60 32 75 23 46 100 76 12 61 42 96 90 97 36 13 80 46 19 46 92 100 53 68 3 85 7 44 18 33 47 83 18 75 41 81 78 13 84 13 60 63 89 78 86 10 37 57 93 61 56 9 6 39 72 21 44 51 3 20 12 76 82 10 0 40 40 96 94 45 95 43 0 43 90 16 54 14 14 27 13 22 100 24 25 68 47 10 67 31 84 100 86 35 99 91 25 64 24 35 10 27 78 89 89 61 30 9 75 44 97 0 75 39 84 22 26 2 68 83
78 88 48 90 95 70 47 27 15 57 87 55 69 46 4 90 45 88 24 43 40 84 84 57 64 64 40 77 87 54 14 78 93 94 79 75 37 38 94 95 91 83 72 25 84 2 75 40 86 52 86 19 73 35 64 56 96 65 11 99 100 46 8 84 2 37 0 10 10 85 13 56 33 91 22 89 58 24 68 34 7 91 6 2 3 31 81 47 34 56 31 39 40 78 65 64 85 61 76 23 40 64 64 43 0 89 100 59 99 95 90 78 81 67 44 78 100 28 51 95 17 76 46 97 65 65 20 63 9 26 63 46 60 95 76 53 32 22 94 0 83 62 33 5 9 76 83 93 4 44 71
84 1 75 95 87 53 72 43 94 55 45 96 10 72 87 87 51 60 20 65 68 17 19 69 14 36 85 100 75 59 64 35 36 87 42 96 57 58 28 24 83 39 63 65 2 8 39 9 37 26 60 5 8 94 30 35 47 46 85 88 1 100 13 58 68 20 45 95 43 71 71 25 90 26 95 89 14 43 94 40 97 56 37 63 56 84 84 18 10 56 61 59 23 54 77 31 43 6 50 65 24 30 0 90 89 0 61 55 73 81 62 99 15 25 84 6 47 49 33 44 67 76 43 17 42 19 15 93 45 11 34 44 51 13 40 74 18 49 64 36 32 45 20 72 7 14 24 60 11 40 28
33 58 37 40 15 94 80 34 72 18 20 99 66 17 52 51 98 15 47 70 62 76 78 18 5 88 56 3 11 78 99 26 93 88 44 3 43 7 72 91 24 69 20 38 42 58 41 44 94 25 78 1 12 5 43 38 32 88 58 61 63 34 100 60 80 30 99 12 53 92 91 88 17 57 57 100 68 26 18 11 30 69 38 92 13 94 70 40 69 15 50 39 4 84 4 68 85 62 50 76 67 32 19 16 100 61 0 32 100 56 21 54 80 26 70 66 70 58 23 62 89 16 60 61 71 93 46 87 78 86 64 97 89 4 26 21 8 90 40 48 63 50 79 67 51 4 75 40 18 20 33
60 94 1 41 66 18 17 5 45 45 19 45 43 49 34 33 98 65 71 1 57 80 75 71 72 62 29 44 59 72 38 10 39 26 46 77 31 17 0 16 3 28 48 94 19 35 88 2 43 20 91 16 50 43 92 93 58 93 46 46 33 46 77 68 25 83 2 98 68 38 10 57 10 37 76 29 62 17 72 12 34 18 90 16 24 2 97 43 75 55 21 94 6 53 2 74 77 17 22 78 38 2 46 54 59 55 32 0 81 89 20 74 21 59 99 12 76 94 44 78 79 28 68 81 78 51 41 17 74 66 77 56 67 13 50 48 37 42 56 72 84 81 40 49 58 13 16 63 61 56 22
8 10 17 4 100 75 20 5 29 39 42 78 0 72 48 2 91 57 45 20 90 65 64 16 45 53 83 44 33 95 11 54 38 83 14 45 20 44 57 22 48 74 100 10 13 80 9 57 80 74 17 49 61 5 38 67 92 36 28 8 12 6 70 85 72 66 75 91 39 13 79 64 14 75 19 70 95 59 12 98 89 83 4 15 77 64 74 10 90 85 12 17 0 37 94 46 87 89 3 21 84 65 61 14 99 73 100 81 0 97 27 94 22 90 14 80 90 80 44 16 100 73 66 23 74 82 71 56 28 28 71 52 60 81 23 5 79 67 34 37 64 12 2 62 35 54 5 91 32 61 5
11 42 19 67 24 54 15 6 86 22 95 41 99 98 93 75 36 60 91 63 15 37 52 82 5 40 81 98 94 66 13 2 50 17 98 26 59 22 94 88 42 38 28 13 65 48 91 79 35 58 3 46 19 7 30 2 78 49 79 32 71 8 79 82 99 63 60 39 83 78 10 0 97 38 28 54 41 61 94 19 42 64 21 84 93 86 95 32 37 89 46 54 25 26 16 3 4 17 7 35 90 21 13 14 95 81 56 89 97 0 69 60 96 61 74 67 43 83 87 60 54 69 35 79 4 9 11 29 24 27 35 82 82 40 83 68 22 69 51 29 31 65 11 2 97 46 1 23 39 51 60
86 94 34 18 4 38 89 20 91 83 1 11 10 1 26 17 13 22 56 2 54 1 75 26 46 86 93 100 74 24 69 69 4 23 2 39 16 63 1 34 33 1 52 64 40 27 55 22 29 76 95 3 41 44 65 48 36 16 74 82 19 52 5 40 42 0 64 27 27 100 1 32 25 37 78 83 23 100 99 82 52 49 13 4 77 8 69 43 66 82 20 32 12 51 85 99 37 88 9 87 62 40 76 27 90 62 21 20 27 69 0 7 18 85 88 46 97 76 15 39 18 49 85 89 53 84 62 60 41 92 72 21 31 44 40 79 21 73 52 95 48 42 41 95 69 52 18 56 10 83 88
96 5 42 32 100 81 15 44 90 42 74 39 13 20 44 49 61 58 50 81 47 76 80 75 23 95 35 26 32 20 78 61 75 14 53 55 90 28 53 35 45 73 97 54 77 20 43 45 50 54 76 47 28 83 55 59 35 4 5 72 10 37 46 1 24 96 78 3 63 47 23 31 79 0 93 41 39 20 36 28 100 10 47 26 65 2 51 93 21 60 58 98 92 52 29 16 24 78 12 56 92 90 31 13 78 99 54 74 94 60 7 0 38 49 25 3 88 66 98 56 28 39 1 84 1 37 78 0 7 76 30 65 42 46 44 100 10 65 98 74 35 2 17 7 8 70 42 9 75 93 34
16 69 43 77 50 45 48 0 69 93 6 3 54 74 17 21 37 70 56 33 21 18 29 21 43 89 86 89 89 0 36 91 34 62 46 8 43 29 19 86 75 52 49 86 31 92 95 78 0 84 50 42 16 86 34 78 67 24 12 26 47 46 19 47 88 16 54 6 59 5 32 5 64 90 42 64 64 65 57 63 41 77 45 32 71 91 32 81 90 98 12 46 87 74 10 11 62 45 63 58 25 66 49 22 81 15 80 21 22 96 18 38 0 18 44 100 80 74 82 31 76 0 55 69 43 54 95 50 87 49 59 86 14 67 0 56 33 86 14 45 9 62 42 67 50 48 12 68 79 0 22
19 35 47 100 56 10 51 37 84 100 72 63 77 0 16 56 15 43 84 42 66 44 0 11 34 89 90 82 71 34 94 95 42 94 23 28 28 8 99 41 32 45 16 70 13 57 0 37 7 75 84 66 30 97 37 98 42 79 45 75 92 35 21 2 19 62 28 44 22 99 58 29 31 78 38 12 13 28 79 68 7 77 36 29 1 52 17 35 60 10 91 33 6 53 54 67 17 58 76 17 6 95 85 100 67 25 26 59 90 61 85 49 18 0 52 82 51 44 4 7 94 78 20 45 22 58 37 78 61 83 91 40 99 38 83 12 46 22 63 4 89 58 100 55 34 47 24 0 47 31 78
4 17 91 19 47 31 75 83 36 95 19 1 45 87 14 72 57 16 40 17 6 85 6 73 62 49 24 4 48 13 7 43 97 61 61 12 63 16 25 21 56 9 71 45 94 1 13 88 98 90 54 75 17 84 100 83 47 38 84 17 40 0 45 10 100 82 87 11 80 74 74 96 28 44 83 11 0 97 14 23 10 30 21 15 29 45 83 81 53 4 19 53 63 64 16 13 82 41 12 27 5 26 29 24 44 84 70 99 14 74 88 25 44 52 0 67 14 26 49 39 21 3 53 100 78 47 78 58 22 74 52 37 24 71 84 34 44 81 77 40 48 76 76 89 100 91 74 53 92 99 14
10 30 11 48 96 56 59 0 28 52 44 97 72 49 78 6 19 53 59 44 29 45 55 60 61 6 12 25 20 49 31 94 59 85 29 21 19 97 8 57 66 42 80 22 95 20 91 33 87 31 44 75 5 15 48 21 16 26 59 85 80 17 59 59 37 79 91 57 82 97 67 40 16 34 50 61 26 55 17 7 9 58 58 80 21 25 73 36 31 59 42 53 11 90 90 28 5 84 9 34 35 79 33 25 78 6 66 12 80 67 46 3 100 82 67 0 48 26 4 88 26 62 84 94 99 43 64 29 71 95 31 62 96 91 94 61 31 97 14 17 19 93 34 98 100 40 16 99 5 72 87
89 97 43 74 24 80 17 17 94 48 46 32 57 91 45 48 44 32 8 12 90 46 77 36 96 14 44 56 30 90 14 0 8 16 92 100 12 56 74 90 95 35 56 18 71 0 42 62 12 97 39 51 91 79 41 4 8 57 24 67 66 62 53 62 68 8 7 37 85 23 18 92 57 85 64 37 28 49 100 58 5 81 84 66 1 91 10 19 47 86 99 74 39 28 98 89 90 7 26 23 45 33 6 68 100 47 70 76 90 43 97 88 80 51 14 48 0 73 90 64 48 21 48 59 5 32 59 47 80 39 49 78 55 66 8 53 60 95 38 31 2 53 37 77 57 73 75 61 49 87 42
69 61 99 37 58 47 71 8 30 1 37 25 42 22 21 11 31 48 18 78 61 38 4 34 53 7 62 27 80 32 87 25 7 35 87 77 68 55 81 43 4 98 79 15 13 21 75 0 17 0 18 69 72 88 95 21 82 37 39 36 83 42 43 90 68 0 39 39 74 39 39 64 25 11 89 92 46 35 38 23 40 53 54 28 73 26 39 52 35 91 4 66 25 92 75 90 21 10 50 89 20 44 0 47 28 49 58 94 80 83 76 66 74 44 26 26 73 0 93 44 77 16 44 39 73 58 18 66 26 39 10 58 17 32 14 21 46 65 90 61 74 5 70 76 23 86 91 53 81 25 34
87 45 79 91 45 81 85 100 8 52 80 97 48 19 3 82 95 10 28 71 49 64 82 32 0 42 34 66 15 25 21 78 97 33 93 58 75 12 16 69 39 44 88 36 94 73 13 57 76 46 37 91 6 95 40 83 56 0 37 83 25 28 38 0 89 39 65 63 75 84 84 35 63 1 98 63 68 27 68 67 72 70 96 91 56 42 55 74 34 55 88 39 64 58 95 21 71 25 41 15 79 31 77 10 51 33 23 44 44 87 15 98 82 4 49 4 90 93 0 1 80 75 44 0 84 81 40 42 12 82 24 11 69 48 5 49 91 73 36 31 16 71 12 44 71 26 88 24 83 96 95
50 78 4 90 80 67 38 54 66 33 37 50 65 2 55 75 23 72 96 53 3 82 82 27 82 20 45 87 86 62 56 37 83 17 81 80 77 46 100 12 57 12 46 93 87 87 71 20 42 17 63 14 59 1 26 1 68 5 94 10 68 26 98 31 23 56 68 48 36 23 37 96 79 76 9 59 22 44 31 95 17 41 24 24 33 55 38 50 96 28 14 73 45 10 77 49 26 75 35 84 95 50 44 67 95 44 62 78 16 60 39 56 31 7 39 88 64 44 1 0 66 52 82 20 55 96 81 2 35 32 10 0 57 37 35 99 46 5 53 97 4 79 5 25 77 0 18 11 25 65 82
90 36 5 60 9 7 45 87 39 68 41 49 46 3 73 51 43 64 14 97 30 88 82 51 98 97 68 27 74 60 21 97 91 5 95 16 56 96 40 96 55 38 5 94 61 6 25 31 72 3 33 13 61 80 12 66 14 54 12 22 86 9 37 67 55 92 24 35 66 43 73 4 63 3 65 7 47 83 83 61 95 71 83 64 37 13 96 28 42 35 38 61 91 1 44 47 47 85 7 28 74 44 68 31 17 67 89 79 100 54 18 28 76 94 21 26 48 77 80 66 0 50 52 89 40 13 12 82 30 40 10 80 22 22 68 30 90 62 67 78 77 11 55 72 65 29 65 91 42 34 65
67 86 34 8 5 48 80 28 86 68 63 55 81 41 50 42 63 42 96 8 10 32 17 87 30 34 75 0 93 33 21 98 37 22 92 63 93 28 96 11 28 72 82 97 66 11 73 44 21 56 50 79 70 67 38 51 93 55 98 93 78 54 41 7 79 34 77 28 69 61 72 50 13 59 60 39 42 39 64 16 6 28 94 37 76 5 55 77 22 16 39 55 80 87 9 26 58 94 96 17 60 69 72 84 76 76 16 28 73 69 49 39 0 78 3 62 21 16 75 52 50 0 48 56 13 72 0 83 96 52 10 44 37 69 94 7 6 47 23 12 31 45 66 4 96 42 70 30 73 28 40
35 45 20 10 5 52 60 77 41 94 100 99 15 65 59 29 29 29 19 32 39 17 64 1 83 78 36 18 99 65 59 53 28 84 80 40 40 15 35 50 96 19 78 37 78 47 86 29 2 52 90 70 70 80 38 45 12 70 0 0 79 44 54 86 13 25 68 86 60 28 78 46 46 6 28 69 29 59 43 3 38 5 31 55 77 92 79 13 33 75 35 30 54 87 26 9 54 93 77 10 38 48 87 100 46 43 60 68 66 35 85 1 55 20 53 84 48 44 44 82 52 48 0 11 86 96 10 7 12 41 63 49 80 88 51 63 43 45 80 5 98 16 57 11 69 43 17 52 43 4 56
66 75 19 66 62 1 95 50 29 87 51 81 17 0 9 64 14 58 50 73 12 2 10 81 83 92 27 30 66 51 33 57 58 44 49 56 22 41 37 1 94 45 67 22 89 98 85 14 5 72 76 24 30 12 24 11 19 88 8 71 100 68 94 13 89 65 27 71 100 48 28 88 54 19 34 83 39 86 98 30 75 2 11 37 23 62 0 29 27 61 22 90 20 75 100 52 29 0 81 34 49 41 34 86 97 17 61 81 23 79 89 84 69 45 100 94 59 39 0 20 89 56 11 0 52 78 22 45 59 59 30 45 74 79 99 1 86 73 28 98 69 9 31 11 77 22 53 56 30 99 86
30 81 74 5 32 53 53 71 47 90 76 80 40 4 82 58 87 31 59 13 23 61 53 6 61 71 36 58 20 16 88 90 81 95 97 88 11 17 99 7 95 4 29 62 63 6 0 82 68 12 30 27 54 73 13 40 21 1 85 74 27 84 21 48 32 69 87 47 46 43 41 26 69 10 33 70 24 16 86 23 99 35 15 59 65 55 63 34 12 57 74 80 98 60 29 25 67 10 64 57 31 42 40 35 65 42 71 78 74 4 53 1 43 22 78 99 5 73 84 55 40 13 86 52 0 38 78 85 78 13 0 63 81 7 2 19 88 82 95 6 100 90 61 17 24 55 18 81 5 26 21
27 79 37 8 3 93 27 28 80 59 55 86 2 6 90 5 49 44 90 66 16 93 39 67 95 56 70 60 63 77 21 65 39 41 76 19 84 25 57 24 60 92 27 37 36 85 2 6 20 6 59 41 31 96 31 3 43 88 77 93 71 9 57 12 49 17 14 67 12 80 35 31 22 7 4 60 81 89 52 25 33 78 53 92 76 39 26 57 37 11 85 22 30 67 60 91 16 52 74 60 3 85 3 99 65 19 93 51 82 9 84 37 54 58 47 43 32 58 81 96 13 72 96 78 38 0 71 91 2 26 8 19 68 99 0 25 51 99 81 94 90 70 84 100 92 93 61 88 79 1 91
86 16 46 28 66 41 61 58 61 97 21 49 23 99 90 61 49 61 69 9 56 25 42 99 92 39 50 11 83 63 56 89 70 25 1 62 40 30 43 43 1 1 65 31 42 28 2 48 74 49 25 82 27 69 52 86 53 21 55 98 65 20 86 52 27 80 64 77 92 90 97 24 0 32 46 47 65 55 73 76 76 51 20 61 50 34 67 80 99 82 26 85 90 4 99 97 97 98 99 44 100 55 64 91 20 15 46 41 71 11 62 78 95 37 78 64 59 18 40 81 12 0 10 22 78 71 0 59 66 51 34 100 2 98 56 90 93 22 62 25 9 24 59 3 41 100 49 15 87 50 23
75 91 50 16 85 56 62 24 36 5 0 89 93 14 87 79 59 99 26 75 1 77 81 99 44 70 8 77 80 34 90 36 26 80 85 100 20 78 67 55 66 82 51 68 78 28 39 56 19 37 88 71 79 4 68 59 27 86 25 86 38 22 17 16 8 87 51 13 0 68 16 40 52 39 73 79 97 48 42 4 93 88 63 79 40 49 36 16 49 45 50 58 64 41 72 18 23 34 86 83 19 51 98 25 63 93 87 17 56 29 60 0 50 78 58 29 47 66 42 2 82 83 7 45 85 91 59 0 49 78 93 69 94 54 39 22 52 70 34 83 67 15 100 53 94 93 11 44 81 1 99
53 39 70 5 72 26 88 43 74 72 100 4 16 73 9 13 65 52 47 16 96 50 80 8 87 53 22 35 31 22 73 8 48 12 24 32 34 70 52 31 76 76 62 74 11 63 95 48 10 79 23 51 12 27 20 92 68 13 63 88 67 81 84 61 78 43 15 80 43 1 93 2 82 93 38 60 7 57 98 43 28 18 75 95 13 77 25 36 51 89 60 36 88 43 11 91 86 26 60 1 98 37 77 64 9 45 78 74 28 24 41 7 87 61 22 71 80 26 12 35 30 96 12 59 78 2 66 49 0 69 61 37 93 49 72 56 81 63 45 61 64 64 31 3 46 29 31 39 32 55 55
74 49 16 38 73 47 64 77 21 15 18 74 2 78 99 34 59 3 90 62 46 43 79 1 100 61 48 83 1 88 3 4 8 64 78 62 45 40 62 42 93 51 28 88 26 32 59 82 17 88 63 18 42 75 40 65 32 46 26 68 31 79 59 73 47 39 70 41 97 47 81 79 73 9 72 16 86 52 8 44 83 28 66 73 21 35 1 17 43 53 91 17 71 99 66 29 61 14 66 18 70 29 0 24 26 11 86 66 28 27 92 76 49 83 74 95 39 39 82 32 40 52 41 59 13 26 51 78 69 0 35 36 16 3 30 17 78 63 26 71 70 84 63 63 7 78 84 70 60 5 2
35 95 37 1 27 37 40 13 17 52 72 59 43 18 54 64 72 57 5 4 67 60 24 81 92 47 14 37 28 1 71 11 54 63 95 43 84 84 42 54 50 1 73 30 5 39 14 76 19 25 97 5 22 74 27 29 92 53 62 58 20 29 17 72 50 17 6 50 44 43 63 91 78 8 32 85 48 93 46 99 66 29 58 53 15 49 96 35 59 69 71 12 74 99 28 60 67 43 69 25 34 82 73 35 63 34 64 77 71 35 72 30 59 91 52 31 49 10 24 10 10 10 63 30 0 8 34 93 61 35 0 89 92 79 12 87 29 73 9 69 30 19 54 72 84 83 92 98 38 100 18
57 53 14 97 29 60 63 77 1 49 5 45 77 99 69 62 79 92 2 66 52 38 91 36 20 28 75 50 18 26 48 44 5 18 63 90 91 63 34 75 91 55 93 9 81 72 66 4 70 55 58 10 91 52 53 33 45 29 71 71 23 70 52 38 19 23 33 47 58 72 21 13 16 10 29 69 32 27 63 61 41 82 69 27 70 74 77 6 93 39 2 72 21 41 65 78 78 30 95 44 22 68 49 10 46 44 97 56 52 82 21 65 86 40 37 62 78 58 11 0 80 44 49 45 63 19 100 69 37 36 89 0 81 83 27 33 78 73 58 37 35 18 87 32 28 70 91 53 26 31 86
63 83 61 57 11 11 83 10 70 21 56 72 24 19 92 70 28 0 51 100 15 56 7 19 5 86 83 42 90 43 2 48 5 80 52 67 14 43 66 15 43 29 10 61 51 47 85 41 23 0 4 4 37 35 59 48 80 97 86 61 45 11 69 73 98 99 40 15 19 57 42 6 75 28 89 28 37 78 1 39 70 79 88 26 18 19 86 1 12 63 34 23 58 61 59 52 18 42 86 89 51 89 30 27 60 51 89 67 60 82 31 42 14 99 24 96 55 17 69 57 22 37 80 74 81 68 2 94 93 16 92 81 0 5 65 99 17 35 75 46 28 33 28 95 2 67 77 90 9 63 34
84 10 93 42 99 23 7 40 64 0 16 16 5 86 70 82 86 70 26 28 67 17 43 98 97 11 12 94 76 33 15 82 11 32 96 92 14 75 38 42 27 55 69 24 33 94 2 3 52 90 94 81 13 12 31 7 45 34 93 35 8 36 80 49 86 41 43 68 68 26 85 11 90 75 39 81 49 6 14 100 27 53 67 86 60 80 65 30 85 60 80 16 49 81 20 38 91 61 41 31 38 13 58 78 95 13 4 13 81 40 44 46 67 38 71 91 66 32 48 37 22 69 88 79 7 99 98 54 49 3 79 83 5 0 69 27 3 45 48 53 56 71 47 54 90 99 100 92 99 33 35
82 0 30 20 80 13 56 41 41 64 43 72 52 100 17 50 51 51 11 44 31 60 17 18 94 92 66 92 86 90 12 52 47 41 50 28 48 81 56 8 72 72 14 45 65 83 63 86 49 78 94 45 57 13 35 55 32 98 51 23 12 90 45 0 52 51 6 99 35 58 25 28 16 78 42 6 34 32 18 42 26 76 22 0 19 16 39 46 8 57 99 32 25 91 58 45 2 71 82 5 78 35 87 89 76 40 26 50 23 83 40 44 0 83 84 94 8 14 5 35 68 94 51 99 2 0 56 39 72 30 12 27 65 69 0 69 37 86 43 73 37 0 93 0 46 91 15 48 45 76 63
89 76 6 19 99 35 38 68 46 17 1 90 82 48 21 60 64 97 52 12 63 37 40 97 61 10 17 85 98 90 39 48 0 24 20 99 41 61 68 61 44 59 19 54 90 68 94 1 2 29 52 26 57 23 66 57 64 51 66 0 36 64 40 68 68 90 57 18 6 53 30 45 89 4 67 57 10 72 17 72 17 64 97 90 1 2 12 42 71 40 51 99 6 73 77 20 76 50 12 2 85 10 85 89 53 74 21 48 5 68 79 100 56 12 34 61 53 21 49 99 30 7 63 1 19 25 90 22 56 17 87 33 99 27 69 0 100 61 90 46 71 19 20 2 50 75 31 13 97 17 100
45 24 39 83 64 14 18 58 74 79 92 35 7 100 19 33 39 99 74 71 36 89 84 64 67 80 91 91 18 13 10 100 37 81 19 5 97 64 42 77 37 37 21 34 43 40 30 58 47 51 25 52 25 15 46 62 94 64 60 82 53 97 15 4 62 37 87 79 8 72 16 76 49 100 37 72 80 66 85 42 78 97 0 27 77 8 52 84 31 72 72 36 67 97 47 94 5 70 84 32 33 43 61 61 32 18 8 37 79 22 21 10 33 46 44 31 60 46 91 46 90 6 43 86 88 51 93 52 81 78 29 78 17 3 37 100 0 25 38 35 59 76 92 33 28 38 7 66 18 29 76
10 89 22 58 89 71 95 41 81 84 61 41 89 3 26 23 62 57 72 90 34 42 95 17 84 11 58 38 81 84 80 82 39 14 86 46 41 84 51 63 20 0 38 41 28 83 35 32 36 78 67 72 83 19 50 21 1 45 20 55 54 99 3 73 13 44 93 60 57 94 95 92 47 80 35 30 7 95 32 41 57 22 91 46 4 22 94 80 21 39 14 35 97 36 31 92 51 24 43 23 2 58 37 30 22 49 90 42 67 69 73 65 86 22 81 97 95 65 73 5 62 47 45 73 82 99 22 70 63 63 73 73 35 45 86 61 25 0 45 42 100 84 72 25 61 14 81 63 32 25 50
41 42 66 47 67 77 63 32 3 65 85 3 39 53 21 29 29 28 52 27 51 44 35 14 21 64 18 85 19 3 98 89 7 79 54 65 39 34 85 38 22 22 3 13 75 98 65 27 44 62 37 88 60 70 8 27 66 72 19 45 65 48 90 27 33 57 98 78 23 100 79 13 92 40 48 31 0 6 35 10 48 18 12 94 38 5 96 14 58 10 38 13 79 97 17 35 16 29 98 73 92 18 16 9 94 64 40 56 34 51 52 98 14 63 77 14 38 90 36 53 67 23 80 28 95 81 62 34 45 26 9 58 75 48 43 90 38 45 0 52 5 55 7 48 9 59 26 82 85 41 2
78 20 93 64 53 88 6 3 16 93 84 50 49 55 29 69 40 54 69 22 55 81 62 42 49 2 54 11 97 55 48 97 0 85 48 33 42 99 42 31 92 88 40 17 43 89 38 89 99 63 88 82 33 30 74 80 8 19 0 38 32 7 18 21 54 61 19 75 63 73 50 68 67 42 62 75 74 84 16 38 90 85 2 21 27 40 46 88 24 14 47 40 79 73 14 38 7 50 33 4 44 68 49 75 0 36 48 72 37 29 95 74 45 4 40 17 31 61 31 97 78 12 5 98 6 94 25 83 61 71 69 37 46 53 73 46 35 42 52 0 18 56 64 93 58 86 53 64 4 16 19
14 30 9 48 64 19 79 66 50 89 99 60 6 72 3 46 66 30 26 88 60 77 61 0 89 84 33 78 75 39 26 81 4 88 56 50 97 37 51 49 91 73 14 59 33 63 100 22 72 76 54 14 100 29 60 14 84 92 67 55 67 80 89 76 45 53 65 49 83 40 60 50 69 77 14 29 16 61 30 81 19 6 61 39 15 77 93 57 74 13 69 14 54 67 39 89 25 9 2 56 13 62 3 44 83 32 63 84 64 31 48 35 9 89 48 19 2 74 16 4 77 31 98 69 100 90 9 67 64 70 30 35 28 56 37 71 59 100 5 18 0 28 62 96 9 5 8 68 3 0 69
62 28 38 67 39 89 27 5 19 18 32 66 76 87 67 20 87 32 81 84 89 48 77 94 36 74 93 15 79 41 32 98 79 31 94 68 0 2 96 91 35 58 16 80 92 78 33 59 97 54 13 52 61 61 56 69 53 11 58 6 19 45 45 22 46 22 75 67 38 55 48 34 25 77 89 86 29 73 20 51 10 94 19 100 33 46 48 81 46 9 70 0 72 9 62 50 86 62 34 33 72 69 27 97 62 45 50 81 12 65 42 2 62 58 76 93 53 5 71 79 11 45 16 9 90 70 24 15 64 84 19 18 33 71 0 19 76 84 55 56 28 0 41 84 8 46 5 27 60 70 9
75 81 51 64 14 57 3 24 22 10 95 17 98 42 17 38 0 61 0 29 7 50 42 41 87 65 68 63 22 79 92 29 5 45 92 83 24 79 35 7 25 68 79 44 100 64 25 13 2 51 39 26 24 77 86 66 84 41 9 89 14 27 41 59 98 76 2 44 81 54 7 80 91 59 9 4 71 6 44 9 33 30 26 27 33 67 46 7 96 31 48 25 91 7 64 47 72 62 7 45 46 10 29 0 33 20 79 40 2 11 41 17 42 100 76 34 37 70 12 5 55 66 57 31 61 84 59 100 31 63 54 87 28 47 93 20 92 72 7 64 62 41 0 74 25 95 96 39 39 3 28
80 57 42 4 18 51 45 47 65 42 78 5 91 91 63 77 11 60 85 51 21 74 34 18 74 42 24 47 8 92 49 36 19 51 82 76 84 87 89 44 15 8 81 64 95 99 95 89 30 51 34 43 57 33 12 12 14 27 52 4 47 59 85 22 51 58 76 34 65 61 75 25 26 3 53 36 0 52 43 88 95 12 42 4 57 59 92 35 34 88 36 8 63 8 85 30 48 2 84 74 87 32 54 75 5 72 67 49 62 2 95 7 67 55 89 98 77 76 44 25 72 4 11 11 17 100 3 53 3 63 72 32 95 54 0 2 33 25 48 93 96 84 74 0 62 81 22 97 30 44 80
42 48 38 73 54 23 60 10 9 30 24 10 21 31 45 18 60 18 17 25 90 51 82 42 61 93 97 78 13 24 29 62 76 98 95 12 83 79 1 42 45 82 67 16 89 6 51 98 75 7 20 11 85 51 21 67 73 85 80 5 50 75 26 57 45 26 83 68 19 24 23 23 45 68 25 14 69 79 87 99 92 75 73 71 62 55 77 19 4 54 37 73 19 89 91 31 27 56 4 13 43 27 97 39 9 7 51 58 35 97 69 8 50 34 100 100 57 23 71 77 65 96 69 77 24 92 41 94 46 7 84 28 2 90 46 50 28 61 9 58 9 8 25 62 0 6 7 82 57 40 68
24 90 53 11 72 98 50 26 17 22 8 72 45 17 79 58 40 29 67 77 67 89 9 74 27 76 22 79 35 42 59 51 21 13 27 39 38 23 27 21 94 99 79 8 8 31 77 94 1 39 19 13 20 26 81 27 90 5 89 31 15 72 15 24 97 33 77 19 20 20 77 56 28 86 83 49 92 76 64 62 92 0 6 55 28 25 93 62 17 56 10 88 52 37 7 90 61 25 51 80 66 20 84 84 76 14 4 13 54 46 52 70 48 47 91 40 73 86 26 0 29 42 43 22 55 93 100 93 29 78 83 70 67 99 91 75 38 14 59 86 5 46 95 81 6 0 48 5 5 66 2
31 86 13 86 54 53 1 67 97 31 70 44 9 46 94 8 50 56 82 89 45 64 58 96 3 12 94 83 12 52 82 70 60 35 32 16 81 34 91 11 48 1 23 98 57 16 57 51 47 22 96 92 77 6 15 80 53 50 40 54 23 25 91 1 52 97 78 87 75 61 2 57 79 77 22 43 16 22 28 79 48 30 10 52 34 51 48 27 0 8 57 40 78 23 51 25 0 0 44 83 90 15 8 22 83 24 75 16 5 1 18 42 12 24 74 16 75 91 88 18 65 70 17 53 18 61 49 11 31 84 92 91 77 100 15 31 7 81 26 53 8 5 96 22 7 48 0 23 70 9 30
2 72 12 66 10 55 67 44 26 2 54 46 52 65 36 8 29 36 62 95 25 38 96 8 90 72 8 11 34 99 76 0 83 99 8 64 23 25 59 71 19 85 69 58 16 94 61 71 99 21 26 96 27 66 67 98 58 97 93 98 6 59 37 64 85 53 52 17 9 6 36 58 63 93 87 53 75 3 96 81 41 74 64 69 86 7 26 29 89 75 89 67 65 34 27 52 99 25 0 48 41 34 11 26 93 60 40 63 91 23 56 9 68 0 53 99 61 53 24 11 91 30 52 56 81 88 15 44 39 70 98 53 90 92 48 13 66 63 82 64 68 27 39 97 82 5 23 0 62 86 100
93 53 71 97 13 22 8 24 100 21 35 0 6 27 91 61 55 46 39 56 31 86 20 11 58 30 33 29 79 16 64 80 10 49 89 17 21 64 96 35 38 5 53 51 4 27 39 7 98 41 39 100 72 67 34 91 9 48 22 83 52 64 46 98 33 83 32 9 86 99 12 28 81 62 86 44 79 1 30 40 86 14 66 43 77 45 40 42 47 59 28 5 65 95 55 84 51 29 60 34 90 41 86 2 4 11 18 61 32 39 10 75 79 47 92 5 49 81 83 25 42 73 43 30 5 79 87 81 32 60 38 26 9 99 45 97 18 32 85 4 3 60 39 30 57 5 70 62 0 70 70
34 4 61 76 53 31 87 25 99 95 22 8 56 68 42 50 6 83 48 44 19 96 13 47 79 2 56 17 59 82 71 55 74 71 20 18 71 70 38 58 32 11 32 98 85 29 42 33 47 15 16 17 51 62 33 94 95 35 10 11 71 13 78 5 0 55 61 19 30 24 6 75 6 93 26 18 36 76 75 75 42 8 32 27 71 98 1 11 56 82 37 34 87 31 58 80 67 39 72 41 76 70 39 68 44 40 20 56 61 51 83 93 0 31 99 72 87 25 96 65 34 28 4 99 26 1 50 1 55 5 100 31 63 33 76 17 29 25 41 16 0 70 3 44 40 66 9 86 70 0 64
14 51 60 9 8 58 10 32 63 100 67 24 45 51 87 72 73 62 69 20 28 72 65 26 76 5 41 52 73 15 47 81 17 45 72 8 20 90 51 0 90 16 1 61 12 12 1 13 43 64 20 34 44 9 1 71 12 42 72 5 3 56 6 65 26 62 34 11 64 5 54 11 99 51 35 75 84 32 5 44 37 83 16 16 55 86 7 13 36 2 60 77 9 85 75 17 69 77 44 51 28 2 9 83 71 28 33 22 5 60 88 34 22 78 14 87 42 34 95 82 65 40 56 86 21 91 23 99 55 2 18 86 34 35 63 100 76 50 2 19 69 9 28 80 68 2 30 100 70 64 0
