50 3
69 84 36 28 94 30 8 66 39 86 41 29 47 80 61 36 74 21 17 1 70 64 41 46 74 81 3 16 50 19 22 65 9 17 97 26 100 99 63 72 98 89 27 30 93 16 29 97 49 45
0 49 97 53 5 33 65 62 51 100 38 61 45 74 27 64 17 36 17 96 12 79 32 68 90 77 18 39 12 93 9 87 42 60 71 12 45 55 40 78 81 26 70 61 56 66 33 7 70 1 11
49 0 92 51 90 100 85 80 0 78 63 42 31 93 41 90 8 24 72 28 30 18 69 57 11 10 40 65 62 13 38 70 37 90 15 70 42 69 26 77 70 75 36 56 11 76 49 40 73 30 37
97 92 0 23 24 23 4 78 84 33 60 8 11 86 96 16 19 4 10 89 69 87 50 90 67 35 66 30 27 86 75 53 74 35 57 63 84 82 89 45 10 41 78 14 62 75 80 42 24 31 2
53 51 23 0 93 34 14 90 28 47 21 42 54 7 12 100 18 89 28 5 73 81 68 77 87 9 3 15 81 24 77 73 15 50 11 47 14 4 77 2 24 23 91 15 61 26 93 7 86 2 69
5 90 24 93 0 54 79 12 33 8 28 9 82 38 44 55 23 7 64 59 5 76 12 89 50 25 33 45 93 60 72 21 89 86 26 98 7 100 86 20 20 43 67 32 15 76 56 85 22 1 60
33 100 23 34 54 0 87 52 72 65 39 83 45 49 84 32 19 71 88 1 58 94 10 42 94 5 69 35 17 30 97 61 45 78 36 86 45 75 81 79 16 91 39 49 95 53 83 10 0 76 24
65 85 4 14 79 87 0 89 42 20 30 28 81 57 48 90 86 72 53 4 51 89 72 53 98 84 90 5 21 57 8 33 89 20 57 67 62 71 77 96 0 4 63 41 39 59 6 53 24 70 81
62 80 78 90 12 52 89 0 10 92 16 1 51 86 53 40 0 27 1 91 96 0 86 67 78 12 24 15 77 83 25 38 35 88 23 12 60 50 80 10 2 35 57 14 32 17 83 66 83 82 44
51 0 84 28 33 72 42 10 0 14 19 35 2 5 5 26 87 33 71 40 46 72 5 95 89 77 83 63 91 82 58 81 55 47 68 22 26 48 75 37 1 17 19 34 42 43 47 91 11 43 99
100 78 33 47 8 65 20 92 14 0 79 4 5 34 20 19 74 37 46 50 70 16 37 14 61 93 30 6 39 22 66 93 9 38 51 42 38 53 13 12 71 61 60 43 43 15 61 14 89 63 54
38 63 60 21 28 39 30 16 19 79 0 4 38 42 94 87 19 21 80 72 48 81 11 8 10 25 95 28 7 49 1 12 50 71 66 37 57 62 100 74 91 86 27 54 10 47 28 33 74 99 21
61 42 8 42 9 83 28 1 35 4 4 0 55 24 45 14 8 89 3 67 57 96 86 25 15 63 50 32 26 82 5 27 79 18 13 25 58 48 46 69 19 13 76 62 18 72 51 81 87 54 66
45 31 11 54 82 45 81 51 2 5 38 55 0 63 86 41 63 63 81 85 25 69 78 28 1 43 90 95 40 41 4 67 18 32 77 100 19 48 74 37 91 90 60 8 10 66 5 8 28 16 5
74 93 86 7 38 49 57 86 5 34 42 24 63 0 38 1 97 57 42 20 19 83 58 47 64 48 67 64 4 73 11 86 66 97 76 9 95 54 96 26 37 68 76 53 61 49 77 75 29 2 84
27 41 96 12 44 84 48 53 5 20 94 45 86 38 0 0 94 23 38 64 72 32 42 8 63 33 38 98 52 49 49 7 20 82 16 30 36 93 42 7 4 61 53 18 62 77 91 10 86 89 19
64 90 16 100 55 32 90 40 26 19 87 14 41 1 0 0 45 52 4 78 59 49 58 6 12 60 99 19 2 4 76 79 16 80 41 13 89 70 83 44 24 49 100 99 99 62 14 7 78 89 59
17 8 19 18 23 19 86 0 87 74 19 8 63 97 94 45 0 78 80 43 83 15 87 91 79 37 100 16 49 37 95 87 15 66 100 24 4 100 50 56 47 96 24 58 45 80 9 5 5 62 32
36 24 4 89 7 71 72 27 33 37 21 89 63 57 23 52 78 0 3 66 85 72 73 27 29 11 99 80 99 64 89 67 53 64 39 14 18 54 72 54 10 13 53 8 12 53 99 19 93 3 57
17 72 10 28 64 88 53 1 71 46 80 3 81 42 38 4 80 3 0 55 87 53 3 63 41 92 32 10 45 9 15 45 88 3 44 44 22 1 29 46 9 76 18 26 0 26 84 86 93 15 95
96 28 89 5 59 1 4 91 40 50 72 67 85 20 64 78 43 66 55 0 0 37 47 88 3 77 29 18 23 58 14 61 44 90 33 16 3 26 46 42 60 37 37 70 81 41 23 75 10 13 68
12 30 69 73 5 58 51 96 46 70 48 57 25 19 72 59 83 85 87 0 0 74 39 20 48 18 16 28 40 65 31 30 96 23 37 47 53 84 5 16 76 2 50 9 89 9 16 53 38 70 53
79 18 87 81 76 94 89 0 72 16 81 96 69 83 32 49 15 72 53 37 74 0 94 18 75 54 38 81 45 10 31 56 80 47 81 67 7 48 52 1 53 93 41 56 26 47 37 60 11 23 13
32 69 50 68 12 10 72 86 5 37 11 86 78 58 42 58 87 73 3 47 39 94 0 35 14 71 77 88 19 89 57 51 23 98 53 55 22 31 58 43 66 18 45 59 80 81 11 61 96 26 37
68 57 90 77 89 42 53 67 95 14 8 25 28 47 8 6 91 27 63 88 20 18 35 0 0 89 57 79 59 0 27 38 14 98 80 38 69 77 19 54 90 96 60 11 86 63 97 29 69 97 51
90 11 67 87 50 94 98 78 89 61 10 15 1 64 63 12 79 29 41 3 48 75 14 0 0 35 80 2 15 34 85 5 0 32 50 67 74 90 50 56 13 95 32 45 36 96 86 25 76 10 4
77 10 35 9 25 5 84 12 77 93 25 63 43 48 33 60 37 11 92 77 18 54 71 89 35 0 9 33 39 68 43 15 67 31 97 20 8 53 37 36 66 17 73 66 80 26 68 13 52 81 69
18 40 66 3 33 69 90 24 83 30 95 50 90 67 38 99 100 99 32 29 16 38 77 57 80 9 0 51 94 99 100 35 37 56 47 72 80 17 20 15 89 15 48 51 75 59 17 71 85 38 45
39 65 30 15 45 35 5 15 63 6 28 32 95 64 98 19 16 80 10 18 28 81 88 79 2 33 51 0 80 60 95 53 27 61 62 88 64 40 63 83 7 56 38 18 95 63 6 79 27 3 45
12 62 27 81 93 17 21 77 91 39 7 26 40 4 52 2 49 99 45 23 40 45 19 59 15 39 94 80 0 60 50 1 67 8 87 10 87 94 85 50 0 46 5 14 79 0 34 81 89 37 93
93 13 86 24 60 30 57 83 82 22 49 82 41 73 49 4 37 64 9 58 65 10 89 0 34 68 99 60 60 0 29 18 96 73 36 24 13 55 58 91 42 49 21 42 53 82 87 55 18 57 90
9 38 75 77 72 97 8 25 58 66 1 5 4 11 49 76 95 89 15 14 31 31 57 27 85 43 100 95 50 29 0 18 67 40 16 26 23 56 44 49 54 62 49 93 28 25 56 26 75 90 6
87 70 53 73 21 61 33 38 81 93 12 27 67 86 7 79 87 67 45 61 30 56 51 38 5 15 35 53 1 18 18 0 49 4 29 81 10 23 46 7 95 81 86 22 29 78 38 78 11 90 65
42 37 74 15 89 45 89 35 55 9 50 79 18 66 20 16 15 53 88 44 96 80 23 14 0 67 37 27 67 96 67 49 0 96 36 98 45 52 58 6 80 89 66 85 83 70 94 55 74 58 62
60 90 35 50 86 78 20 88 47 38 71 18 32 97 82 80 66 64 3 90 23 47 98 98 32 31 56 61 8 73 40 4 96 0 32 90 60 27 43 34 5 5 6 20 44 0 37 83 0 17 8
71 15 57 11 26 36 57 23 68 51 66 13 77 76 16 41 100 39 44 33 37 81 53 80 50 97 47 62 87 36 16 29 36 32 0 100 54 87 28 77 50 71 28 58 24 43 77 13 77 10 40
12 70 63 47 98 86 67 12 22 42 37 25 100 9 30 13 24 14 44 16 47 67 55 38 67 20 72 88 10 24 26 81 98 90 100 0 41 68 58 41 32 3 66 5 24 47 10 26 67 44 24
45 42 84 14 7 45 62 60 26 38 57 58 19 95 36 89 4 18 22 3 53 7 22 69 74 8 80 64 87 13 23 10 45 60 54 41 0 25 32 86 93 94 38 39 66 49 32 61 44 91 30
55 69 82 4 100 75 71 50 48 53 62 48 48 54 93 70 100 54 1 26 84 48 31 77 90 53 17 40 94 55 56 23 52 27 87 68 25 0 5 39 70 9 1 58 63 92 56 6 52 63 58
40 26 89 77 86 81 77 80 75 13 100 46 74 96 42 83 50 72 29 46 5 52 58 19 50 37 20 63 85 58 44 46 58 43 28 58 32 5 0 56 15 10 10 30 12 97 19 52 27 56 78
78 77 45 2 20 79 96 10 37 12 74 69 37 26 7 44 56 54 46 42 16 1 43 54 56 36 15 83 50 91 49 7 6 34 77 41 86 39 56 0 9 54 71 96 50 5 23 31 62 28 16
81 70 10 24 20 16 0 2 1 71 91 19 91 37 4 24 47 10 9 60 76 53 66 90 13 66 89 7 0 42 54 95 80 5 50 32 93 70 15 9 0 35 45 40 55 13 71 36 78 69 100
26 75 41 23 43 91 4 35 17 61 86 13 90 68 61 49 96 13 76 37 2 93 18 96 95 17 15 56 46 49 62 81 89 5 71 3 94 9 10 54 35 0 25 91 37 99 56 65 77 59 68
70 36 78 91 67 39 63 57 19 60 27 76 60 76 53 100 24 53 18 37 50 41 45 60 32 73 48 38 5 21 49 86 66 6 28 66 38 1 10 71 45 25 0 81 33 34 29 2 15 78 100
61 56 14 15 32 49 41 14 34 43 54 62 8 53 18 99 58 8 26 70 9 56 59 11 45 66 51 18 14 42 93 22 85 20 58 5 39 58 30 96 40 91 81 0 91 12 22 93 53 31 27
56 11 62 61 15 95 39 32 42 43 10 18 10 61 62 99 45 12 0 81 89 26 80 86 36 80 75 95 79 53 28 29 83 44 24 24 66 63 12 50 55 37 33 91 0 36 94 84 0 94 68
66 76 75 26 76 53 59 17 43 15 47 72 66 49 77 62 80 53 26 41 9 47 81 63 96 26 59 63 0 82 25 78 70 0 43 47 49 92 97 5 13 99 34 12 36 0 65 54 6 15 49
33 49 80 93 56 83 6 83 47 61 28 51 5 77 91 14 9 99 84 23 16 37 11 97 86 68 17 6 34 87 56 38 94 37 77 10 32 56 19 23 71 56 29 22 94 65 0 82 34 15 94
7 40 42 7 85 10 53 66 91 14 33 81 8 75 10 7 5 19 86 75 53 60 61 29 25 13 71 79 81 55 26 78 55 83 13 26 61 6 52 31 36 65 2 93 84 54 82 0 72 45 29
70 73 24 86 22 0 24 83 11 89 74 87 28 29 86 78 5 93 93 10 38 11 96 69 76 52 85 27 89 18 75 11 74 0 77 67 44 52 27 62 78 77 15 53 0 6 34 72 0 86 91
1 30 31 2 1 76 70 82 43 63 99 54 16 2 89 89 62 3 15 13 70 23 26 97 10 81 38 3 37 57 90 90 58 17 10 44 91 63 56 28 69 59 78 31 94 15 15 45 86 0 90
11 37 2 69 60 24 81 44 99 54 21 66 5 84 19 59 32 57 95 68 53 13 37 51 4 69 45 45 93 90 6 65 62 8 40 24 30 58 78 16 100 68 100 27 68 49 94 29 91 90 0
